1000 4967 1000000000
1 1000
1 2 1 1000000000
2 3 1 1000000000
3 4 1 1000000000
4 5 1 1000000000
5 6 1 1000000000
6 7 1 1000000000
7 8 1 1000000000
8 9 1 1000000000
9 10 1 1000000000
10 11 1 1000000000
11 12 1 1000000000
12 13 1 1000000000
13 14 1 1000000000
14 15 1 1000000000
15 16 1 1000000000
16 17 1 1000000000
17 18 1 1000000000
18 19 1 1000000000
19 20 1 1000000000
20 21 1 1000000000
21 22 1 1000000000
22 23 1 1000000000
23 24 1 1000000000
24 25 1 1000000000
25 26 1 1000000000
26 27 1 1000000000
27 28 1 1000000000
28 29 1 1000000000
29 30 1 1000000000
30 31 1 1000000000
31 32 1 1000000000
32 33 1 1000000000
33 34 1 1000000000
34 35 1 1000000000
35 36 1 1000000000
36 37 1 1000000000
37 38 1 1000000000
38 39 1 1000000000
39 40 1 1000000000
40 41 1 1000000000
41 42 1 1000000000
42 43 1 1000000000
43 44 1 1000000000
44 45 1 1000000000
45 46 1 1000000000
46 47 1 1000000000
47 48 1 1000000000
48 49 1 1000000000
49 50 1 1000000000
50 51 1 1000000000
51 52 1 1000000000
52 53 1 1000000000
53 54 1 1000000000
54 55 1 1000000000
55 56 1 1000000000
56 57 1 1000000000
57 58 1 1000000000
58 59 1 1000000000
59 60 1 1000000000
60 61 1 1000000000
61 62 1 1000000000
62 63 1 1000000000
63 64 1 1000000000
64 65 1 1000000000
65 66 1 1000000000
66 67 1 1000000000
67 68 1 1000000000
68 69 1 1000000000
69 70 1 1000000000
70 71 1 1000000000
71 72 1 1000000000
72 73 1 1000000000
73 74 1 1000000000
74 75 1 1000000000
75 76 1 1000000000
76 77 1 1000000000
77 78 1 1000000000
78 79 1 1000000000
79 80 1 1000000000
80 81 1 1000000000
81 82 1 1000000000
82 83 1 1000000000
83 84 1 1000000000
84 85 1 1000000000
85 86 1 1000000000
86 87 1 1000000000
87 88 1 1000000000
88 89 1 1000000000
89 90 1 1000000000
90 91 1 1000000000
91 92 1 1000000000
92 93 1 1000000000
93 94 1 1000000000
94 95 1 1000000000
95 96 1 1000000000
96 97 1 1000000000
97 98 1 1000000000
98 99 1 1000000000
99 100 1 1000000000
100 101 1 1000000000
101 102 1 1000000000
102 103 1 1000000000
103 104 1 1000000000
104 105 1 1000000000
105 106 1 1000000000
106 107 1 1000000000
107 108 1 1000000000
108 109 1 1000000000
109 110 1 1000000000
110 111 1 1000000000
111 112 1 1000000000
112 113 1 1000000000
113 114 1 1000000000
114 115 1 1000000000
115 116 1 1000000000
116 117 1 1000000000
117 118 1 1000000000
118 119 1 1000000000
119 120 1 1000000000
120 121 1 1000000000
121 122 1 1000000000
122 123 1 1000000000
123 124 1 1000000000
124 125 1 1000000000
125 126 1 1000000000
126 127 1 1000000000
127 128 1 1000000000
128 129 1 1000000000
129 130 1 1000000000
130 131 1 1000000000
131 132 1 1000000000
132 133 1 1000000000
133 134 1 1000000000
134 135 1 1000000000
135 136 1 1000000000
136 137 1 1000000000
137 138 1 1000000000
138 139 1 1000000000
139 140 1 1000000000
140 141 1 1000000000
141 142 1 1000000000
142 143 1 1000000000
143 144 1 1000000000
144 145 1 1000000000
145 146 1 1000000000
146 147 1 1000000000
147 148 1 1000000000
148 149 1 1000000000
149 150 1 1000000000
150 151 1 1000000000
151 152 1 1000000000
152 153 1 1000000000
153 154 1 1000000000
154 155 1 1000000000
155 156 1 1000000000
156 157 1 1000000000
157 158 1 1000000000
158 159 1 1000000000
159 160 1 1000000000
160 161 1 1000000000
161 162 1 1000000000
162 163 1 1000000000
163 164 1 1000000000
164 165 1 1000000000
165 166 1 1000000000
166 167 1 1000000000
167 168 1 1000000000
168 169 1 1000000000
169 170 1 1000000000
170 171 1 1000000000
171 172 1 1000000000
172 173 1 1000000000
173 174 1 1000000000
174 175 1 1000000000
175 176 1 1000000000
176 177 1 1000000000
177 178 1 1000000000
178 179 1 1000000000
179 180 1 1000000000
180 181 1 1000000000
181 182 1 1000000000
182 183 1 1000000000
183 184 1 1000000000
184 185 1 1000000000
185 186 1 1000000000
186 187 1 1000000000
187 188 1 1000000000
188 189 1 1000000000
189 190 1 1000000000
190 191 1 1000000000
191 192 1 1000000000
192 193 1 1000000000
193 194 1 1000000000
194 195 1 1000000000
195 196 1 1000000000
196 197 1 1000000000
197 198 1 1000000000
198 199 1 1000000000
199 200 1 1000000000
200 201 1 1000000000
201 202 1 1000000000
202 203 1 1000000000
203 204 1 1000000000
204 205 1 1000000000
205 206 1 1000000000
206 207 1 1000000000
207 208 1 1000000000
208 209 1 1000000000
209 210 1 1000000000
210 211 1 1000000000
211 212 1 1000000000
212 213 1 1000000000
213 214 1 1000000000
214 215 1 1000000000
215 216 1 1000000000
216 217 1 1000000000
217 218 1 1000000000
218 219 1 1000000000
219 220 1 1000000000
220 221 1 1000000000
221 222 1 1000000000
222 223 1 1000000000
223 224 1 1000000000
224 225 1 1000000000
225 226 1 1000000000
226 227 1 1000000000
227 228 1 1000000000
228 229 1 1000000000
229 230 1 1000000000
230 231 1 1000000000
231 232 1 1000000000
232 233 1 1000000000
233 234 1 1000000000
234 235 1 1000000000
235 236 1 1000000000
236 237 1 1000000000
237 238 1 1000000000
238 239 1 1000000000
239 240 1 1000000000
240 241 1 1000000000
241 242 1 1000000000
242 243 1 1000000000
243 244 1 1000000000
244 245 1 1000000000
245 246 1 1000000000
246 247 1 1000000000
247 248 1 1000000000
248 249 1 1000000000
249 250 1 1000000000
250 251 1 1000000000
251 252 1 1000000000
252 253 1 1000000000
253 254 1 1000000000
254 255 1 1000000000
255 256 1 1000000000
256 257 1 1000000000
257 258 1 1000000000
258 259 1 1000000000
259 260 1 1000000000
260 261 1 1000000000
261 262 1 1000000000
262 263 1 1000000000
263 264 1 1000000000
264 265 1 1000000000
265 266 1 1000000000
266 267 1 1000000000
267 268 1 1000000000
268 269 1 1000000000
269 270 1 1000000000
270 271 1 1000000000
271 272 1 1000000000
272 273 1 1000000000
273 274 1 1000000000
274 275 1 1000000000
275 276 1 1000000000
276 277 1 1000000000
277 278 1 1000000000
278 279 1 1000000000
279 280 1 1000000000
280 281 1 1000000000
281 282 1 1000000000
282 283 1 1000000000
283 284 1 1000000000
284 285 1 1000000000
285 286 1 1000000000
286 287 1 1000000000
287 288 1 1000000000
288 289 1 1000000000
289 290 1 1000000000
290 291 1 1000000000
291 292 1 1000000000
292 293 1 1000000000
293 294 1 1000000000
294 295 1 1000000000
295 296 1 1000000000
296 297 1 1000000000
297 298 1 1000000000
298 299 1 1000000000
299 300 1 1000000000
300 301 1 1000000000
301 302 1 1000000000
302 303 1 1000000000
303 304 1 1000000000
304 305 1 1000000000
305 306 1 1000000000
306 307 1 1000000000
307 308 1 1000000000
308 309 1 1000000000
309 310 1 1000000000
310 311 1 1000000000
311 312 1 1000000000
312 313 1 1000000000
313 314 1 1000000000
314 315 1 1000000000
315 316 1 1000000000
316 317 1 1000000000
317 318 1 1000000000
318 319 1 1000000000
319 320 1 1000000000
320 321 1 1000000000
321 322 1 1000000000
322 323 1 1000000000
323 324 1 1000000000
324 325 1 1000000000
325 326 1 1000000000
326 327 1 1000000000
327 328 1 1000000000
328 329 1 1000000000
329 330 1 1000000000
330 331 1 1000000000
331 332 1 1000000000
332 333 1 1000000000
333 334 1 1000000000
334 335 1 1000000000
335 336 1 1000000000
336 337 1 1000000000
337 338 1 1000000000
338 339 1 1000000000
339 340 1 1000000000
340 341 1 1000000000
341 342 1 1000000000
342 343 1 1000000000
343 344 1 1000000000
344 345 1 1000000000
345 346 1 1000000000
346 347 1 1000000000
347 348 1 1000000000
348 349 1 1000000000
349 350 1 1000000000
350 351 1 1000000000
351 352 1 1000000000
352 353 1 1000000000
353 354 1 1000000000
354 355 1 1000000000
355 356 1 1000000000
356 357 1 1000000000
357 358 1 1000000000
358 359 1 1000000000
359 360 1 1000000000
360 361 1 1000000000
361 362 1 1000000000
362 363 1 1000000000
363 364 1 1000000000
364 365 1 1000000000
365 366 1 1000000000
366 367 1 1000000000
367 368 1 1000000000
368 369 1 1000000000
369 370 1 1000000000
370 371 1 1000000000
371 372 1 1000000000
372 373 1 1000000000
373 374 1 1000000000
374 375 1 1000000000
375 376 1 1000000000
376 377 1 1000000000
377 378 1 1000000000
378 379 1 1000000000
379 380 1 1000000000
380 381 1 1000000000
381 382 1 1000000000
382 383 1 1000000000
383 384 1 1000000000
384 385 1 1000000000
385 386 1 1000000000
386 387 1 1000000000
387 388 1 1000000000
388 389 1 1000000000
389 390 1 1000000000
390 391 1 1000000000
391 392 1 1000000000
392 393 1 1000000000
393 394 1 1000000000
394 395 1 1000000000
395 396 1 1000000000
396 397 1 1000000000
397 398 1 1000000000
398 399 1 1000000000
399 400 1 1000000000
400 401 1 1000000000
401 402 1 1000000000
402 403 1 1000000000
403 404 1 1000000000
404 405 1 1000000000
405 406 1 1000000000
406 407 1 1000000000
407 408 1 1000000000
408 409 1 1000000000
409 410 1 1000000000
410 411 1 1000000000
411 412 1 1000000000
412 413 1 1000000000
413 414 1 1000000000
414 415 1 1000000000
415 416 1 1000000000
416 417 1 1000000000
417 418 1 1000000000
418 419 1 1000000000
419 420 1 1000000000
420 421 1 1000000000
421 422 1 1000000000
422 423 1 1000000000
423 424 1 1000000000
424 425 1 1000000000
425 426 1 1000000000
426 427 1 1000000000
427 428 1 1000000000
428 429 1 1000000000
429 430 1 1000000000
430 431 1 1000000000
431 432 1 1000000000
432 433 1 1000000000
433 434 1 1000000000
434 435 1 1000000000
435 436 1 1000000000
436 437 1 1000000000
437 438 1 1000000000
438 439 1 1000000000
439 440 1 1000000000
440 441 1 1000000000
441 442 1 1000000000
442 443 1 1000000000
443 444 1 1000000000
444 445 1 1000000000
445 446 1 1000000000
446 447 1 1000000000
447 448 1 1000000000
448 449 1 1000000000
449 450 1 1000000000
450 451 1 1000000000
451 452 1 1000000000
452 453 1 1000000000
453 454 1 1000000000
454 455 1 1000000000
455 456 1 1000000000
456 457 1 1000000000
457 458 1 1000000000
458 459 1 1000000000
459 460 1 1000000000
460 461 1 1000000000
461 462 1 1000000000
462 463 1 1000000000
463 464 1 1000000000
464 465 1 1000000000
465 466 1 1000000000
466 467 1 1000000000
467 468 1 1000000000
468 469 1 1000000000
469 470 1 1000000000
470 471 1 1000000000
471 472 1 1000000000
472 473 1 1000000000
473 474 1 1000000000
474 475 1 1000000000
475 476 1 1000000000
476 477 1 1000000000
477 478 1 1000000000
478 479 1 1000000000
479 480 1 1000000000
480 481 1 1000000000
481 482 1 1000000000
482 483 1 1000000000
483 484 1 1000000000
484 485 1 1000000000
485 486 1 1000000000
486 487 1 1000000000
487 488 1 1000000000
488 489 1 1000000000
489 490 1 1000000000
490 491 1 1000000000
491 492 1 1000000000
492 493 1 1000000000
493 494 1 1000000000
494 495 1 1000000000
495 496 1 1000000000
496 497 1 1000000000
497 498 1 1000000000
498 499 1 1000000000
499 500 1 1000000000
500 501 1 1000000000
501 502 1 1000000000
502 503 1 1000000000
503 504 1 1000000000
504 505 1 1000000000
505 506 1 1000000000
506 507 1 1000000000
507 508 1 1000000000
508 509 1 1000000000
509 510 1 1000000000
510 511 1 1000000000
511 512 1 1000000000
512 513 1 1000000000
513 514 1 1000000000
514 515 1 1000000000
515 516 1 1000000000
516 517 1 1000000000
517 518 1 1000000000
518 519 1 1000000000
519 520 1 1000000000
520 521 1 1000000000
521 522 1 1000000000
522 523 1 1000000000
523 524 1 1000000000
524 525 1 1000000000
525 526 1 1000000000
526 527 1 1000000000
527 528 1 1000000000
528 529 1 1000000000
529 530 1 1000000000
530 531 1 1000000000
531 532 1 1000000000
532 533 1 1000000000
533 534 1 1000000000
534 535 1 1000000000
535 536 1 1000000000
536 537 1 1000000000
537 538 1 1000000000
538 539 1 1000000000
539 540 1 1000000000
540 541 1 1000000000
541 542 1 1000000000
542 543 1 1000000000
543 544 1 1000000000
544 545 1 1000000000
545 546 1 1000000000
546 547 1 1000000000
547 548 1 1000000000
548 549 1 1000000000
549 550 1 1000000000
550 551 1 1000000000
551 552 1 1000000000
552 553 1 1000000000
553 554 1 1000000000
554 555 1 1000000000
555 556 1 1000000000
556 557 1 1000000000
557 558 1 1000000000
558 559 1 1000000000
559 560 1 1000000000
560 561 1 1000000000
561 562 1 1000000000
562 563 1 1000000000
563 564 1 1000000000
564 565 1 1000000000
565 566 1 1000000000
566 567 1 1000000000
567 568 1 1000000000
568 569 1 1000000000
569 570 1 1000000000
570 571 1 1000000000
571 572 1 1000000000
572 573 1 1000000000
573 574 1 1000000000
574 575 1 1000000000
575 576 1 1000000000
576 577 1 1000000000
577 578 1 1000000000
578 579 1 1000000000
579 580 1 1000000000
580 581 1 1000000000
581 582 1 1000000000
582 583 1 1000000000
583 584 1 1000000000
584 585 1 1000000000
585 586 1 1000000000
586 587 1 1000000000
587 588 1 1000000000
588 589 1 1000000000
589 590 1 1000000000
590 591 1 1000000000
591 592 1 1000000000
592 593 1 1000000000
593 594 1 1000000000
594 595 1 1000000000
595 596 1 1000000000
596 597 1 1000000000
597 598 1 1000000000
598 599 1 1000000000
599 600 1 1000000000
600 601 1 1000000000
601 602 1 1000000000
602 603 1 1000000000
603 604 1 1000000000
604 605 1 1000000000
605 606 1 1000000000
606 607 1 1000000000
607 608 1 1000000000
608 609 1 1000000000
609 610 1 1000000000
610 611 1 1000000000
611 612 1 1000000000
612 613 1 1000000000
613 614 1 1000000000
614 615 1 1000000000
615 616 1 1000000000
616 617 1 1000000000
617 618 1 1000000000
618 619 1 1000000000
619 620 1 1000000000
620 621 1 1000000000
621 622 1 1000000000
622 623 1 1000000000
623 624 1 1000000000
624 625 1 1000000000
625 626 1 1000000000
626 627 1 1000000000
627 628 1 1000000000
628 629 1 1000000000
629 630 1 1000000000
630 631 1 1000000000
631 632 1 1000000000
632 633 1 1000000000
633 634 1 1000000000
634 635 1 1000000000
635 636 1 1000000000
636 637 1 1000000000
637 638 1 1000000000
638 639 1 1000000000
639 640 1 1000000000
640 641 1 1000000000
641 642 1 1000000000
642 643 1 1000000000
643 644 1 1000000000
644 645 1 1000000000
645 646 1 1000000000
646 647 1 1000000000
647 648 1 1000000000
648 649 1 1000000000
649 650 1 1000000000
650 651 1 1000000000
651 652 1 1000000000
652 653 1 1000000000
653 654 1 1000000000
654 655 1 1000000000
655 656 1 1000000000
656 657 1 1000000000
657 658 1 1000000000
658 659 1 1000000000
659 660 1 1000000000
660 661 1 1000000000
661 662 1 1000000000
662 663 1 1000000000
663 664 1 1000000000
664 665 1 1000000000
665 666 1 1000000000
666 667 1 1000000000
667 668 1 1000000000
668 669 1 1000000000
669 670 1 1000000000
670 671 1 1000000000
671 672 1 1000000000
672 673 1 1000000000
673 674 1 1000000000
674 675 1 1000000000
675 676 1 1000000000
676 677 1 1000000000
677 678 1 1000000000
678 679 1 1000000000
679 680 1 1000000000
680 681 1 1000000000
681 682 1 1000000000
682 683 1 1000000000
683 684 1 1000000000
684 685 1 1000000000
685 686 1 1000000000
686 687 1 1000000000
687 688 1 1000000000
688 689 1 1000000000
689 690 1 1000000000
690 691 1 1000000000
691 692 1 1000000000
692 693 1 1000000000
693 694 1 1000000000
694 695 1 1000000000
695 696 1 1000000000
696 697 1 1000000000
697 698 1 1000000000
698 699 1 1000000000
699 700 1 1000000000
700 701 1 1000000000
701 702 1 1000000000
702 703 1 1000000000
703 704 1 1000000000
704 705 1 1000000000
705 706 1 1000000000
706 707 1 1000000000
707 708 1 1000000000
708 709 1 1000000000
709 710 1 1000000000
710 711 1 1000000000
711 712 1 1000000000
712 713 1 1000000000
713 714 1 1000000000
714 715 1 1000000000
715 716 1 1000000000
716 717 1 1000000000
717 718 1 1000000000
718 719 1 1000000000
719 720 1 1000000000
720 721 1 1000000000
721 722 1 1000000000
722 723 1 1000000000
723 724 1 1000000000
724 725 1 1000000000
725 726 1 1000000000
726 727 1 1000000000
727 728 1 1000000000
728 729 1 1000000000
729 730 1 1000000000
730 731 1 1000000000
731 732 1 1000000000
732 733 1 1000000000
733 734 1 1000000000
734 735 1 1000000000
735 736 1 1000000000
736 737 1 1000000000
737 738 1 1000000000
738 739 1 1000000000
739 740 1 1000000000
740 741 1 1000000000
741 742 1 1000000000
742 743 1 1000000000
743 744 1 1000000000
744 745 1 1000000000
745 746 1 1000000000
746 747 1 1000000000
747 748 1 1000000000
748 749 1 1000000000
749 750 1 1000000000
750 751 1 1000000000
751 752 1 1000000000
752 753 1 1000000000
753 754 1 1000000000
754 755 1 1000000000
755 756 1 1000000000
756 757 1 1000000000
757 758 1 1000000000
758 759 1 1000000000
759 760 1 1000000000
760 761 1 1000000000
761 762 1 1000000000
762 763 1 1000000000
763 764 1 1000000000
764 765 1 1000000000
765 766 1 1000000000
766 767 1 1000000000
767 768 1 1000000000
768 769 1 1000000000
769 770 1 1000000000
770 771 1 1000000000
771 772 1 1000000000
772 773 1 1000000000
773 774 1 1000000000
774 775 1 1000000000
775 776 1 1000000000
776 777 1 1000000000
777 778 1 1000000000
778 779 1 1000000000
779 780 1 1000000000
780 781 1 1000000000
781 782 1 1000000000
782 783 1 1000000000
783 784 1 1000000000
784 785 1 1000000000
785 786 1 1000000000
786 787 1 1000000000
787 788 1 1000000000
788 789 1 1000000000
789 790 1 1000000000
790 791 1 1000000000
791 792 1 1000000000
792 793 1 1000000000
793 794 1 1000000000
794 795 1 1000000000
795 796 1 1000000000
796 797 1 1000000000
797 798 1 1000000000
798 799 1 1000000000
799 800 1 1000000000
800 801 1 1000000000
801 802 1 1000000000
802 803 1 1000000000
803 804 1 1000000000
804 805 1 1000000000
805 806 1 1000000000
806 807 1 1000000000
807 808 1 1000000000
808 809 1 1000000000
809 810 1 1000000000
810 811 1 1000000000
811 812 1 1000000000
812 813 1 1000000000
813 814 1 1000000000
814 815 1 1000000000
815 816 1 1000000000
816 817 1 1000000000
817 818 1 1000000000
818 819 1 1000000000
819 820 1 1000000000
820 821 1 1000000000
821 822 1 1000000000
822 823 1 1000000000
823 824 1 1000000000
824 825 1 1000000000
825 826 1 1000000000
826 827 1 1000000000
827 828 1 1000000000
828 829 1 1000000000
829 830 1 1000000000
830 831 1 1000000000
831 832 1 1000000000
832 833 1 1000000000
833 834 1 1000000000
834 835 1 1000000000
835 836 1 1000000000
836 837 1 1000000000
837 838 1 1000000000
838 839 1 1000000000
839 840 1 1000000000
840 841 1 1000000000
841 842 1 1000000000
842 843 1 1000000000
843 844 1 1000000000
844 845 1 1000000000
845 846 1 1000000000
846 847 1 1000000000
847 848 1 1000000000
848 849 1 1000000000
849 850 1 1000000000
850 851 1 1000000000
851 852 1 1000000000
852 853 1 1000000000
853 854 1 1000000000
854 855 1 1000000000
855 856 1 1000000000
856 857 1 1000000000
857 858 1 1000000000
858 859 1 1000000000
859 860 1 1000000000
860 861 1 1000000000
861 862 1 1000000000
862 863 1 1000000000
863 864 1 1000000000
864 865 1 1000000000
865 866 1 1000000000
866 867 1 1000000000
867 868 1 1000000000
868 869 1 1000000000
869 870 1 1000000000
870 871 1 1000000000
871 872 1 1000000000
872 873 1 1000000000
873 874 1 1000000000
874 875 1 1000000000
875 876 1 1000000000
876 877 1 1000000000
877 878 1 1000000000
878 879 1 1000000000
879 880 1 1000000000
880 881 1 1000000000
881 882 1 1000000000
882 883 1 1000000000
883 884 1 1000000000
884 885 1 1000000000
885 886 1 1000000000
886 887 1 1000000000
887 888 1 1000000000
888 889 1 1000000000
889 890 1 1000000000
890 891 1 1000000000
891 892 1 1000000000
892 893 1 1000000000
893 894 1 1000000000
894 895 1 1000000000
895 896 1 1000000000
896 897 1 1000000000
897 898 1 1000000000
898 899 1 1000000000
899 900 1 1000000000
900 901 1 1000000000
901 902 1 1000000000
902 903 1 1000000000
903 904 1 1000000000
904 905 1 1000000000
905 906 1 1000000000
906 907 1 1000000000
907 908 1 1000000000
908 909 1 1000000000
909 910 1 1000000000
910 911 1 1000000000
911 912 1 1000000000
912 913 1 1000000000
913 914 1 1000000000
914 915 1 1000000000
915 916 1 1000000000
916 917 1 1000000000
917 918 1 1000000000
918 919 1 1000000000
919 920 1 1000000000
920 921 1 1000000000
921 922 1 1000000000
922 923 1 1000000000
923 924 1 1000000000
924 925 1 1000000000
925 926 1 1000000000
926 927 1 1000000000
927 928 1 1000000000
928 929 1 1000000000
929 930 1 1000000000
930 931 1 1000000000
931 932 1 1000000000
932 933 1 1000000000
933 934 1 1000000000
934 935 1 1000000000
935 936 1 1000000000
936 937 1 1000000000
938 939 1 1000000000
939 940 1 1000000000
940 941 1 1000000000
941 942 1 1000000000
942 943 1 1000000000
943 944 1 1000000000
944 945 1 1000000000
945 946 1 1000000000
946 947 1 1000000000
947 948 1 1000000000
948 949 1 1000000000
949 950 1 1000000000
950 951 1 1000000000
951 952 1 1000000000
952 953 1 1000000000
953 954 1 1000000000
954 955 1 1000000000
955 956 1 1000000000
956 957 1 1000000000
957 958 1 1000000000
958 959 1 1000000000
959 960 1 1000000000
960 961 1 1000000000
961 962 1 1000000000
962 963 1 1000000000
963 964 1 1000000000
964 965 1 1000000000
965 966 1 1000000000
966 967 1 1000000000
967 968 1 1000000000
968 969 1 1000000000
969 970 1 1000000000
970 971 1 1000000000
971 972 1 1000000000
972 973 1 1000000000
973 974 1 1000000000
974 975 1 1000000000
975 976 1 1000000000
976 977 1 1000000000
977 978 1 1000000000
978 979 1 1000000000
979 980 1 1000000000
980 981 1 1000000000
981 982 1 1000000000
982 983 1 1000000000
983 984 1 1000000000
984 985 1 1000000000
985 986 1 1000000000
986 987 1 1000000000
987 988 1 1000000000
988 989 1 1000000000
989 990 1 1000000000
990 991 1 1000000000
991 992 1 1000000000
992 993 1 1000000000
993 994 1 1000000000
994 995 1 1000000000
995 996 1 1000000000
996 997 1 1000000000
997 998 1 1000000000
998 999 1 1000000000
999 1000 1 1000000000
875 938 10 13
875 939 17 20
875 940 24 27
875 941 31 34
875 942 38 41
875 943 45 48
875 944 52 55
875 945 59 62
875 946 66 69
875 947 73 76
875 948 80 83
875 949 87 90
875 950 94 97
875 951 101 104
875 952 108 111
875 953 115 118
875 954 122 125
875 955 129 132
875 956 136 139
875 957 143 146
875 958 150 153
875 959 157 160
875 960 164 167
875 961 171 174
875 962 178 181
875 963 185 188
875 964 192 195
875 965 199 202
875 966 206 209
875 967 213 216
875 968 220 223
875 969 227 230
875 970 234 237
875 971 241 244
875 972 248 251
875 973 255 258
875 974 262 265
875 975 269 272
875 976 276 279
875 977 283 286
875 978 290 293
875 979 297 300
875 980 304 307
875 981 311 314
875 982 318 321
875 983 325 328
875 984 332 335
875 985 339 342
875 986 346 349
875 987 353 356
875 988 360 363
875 989 367 370
875 990 374 377
875 991 381 384
875 992 388 391
875 993 395 398
875 994 402 405
875 995 409 412
875 996 416 419
875 997 423 426
875 998 430 433
875 999 437 440
875 1000 444 447
876 938 451 454
876 939 458 461
876 940 465 468
876 941 472 475
876 942 479 482
876 943 486 489
876 944 493 496
876 945 500 503
876 946 507 510
876 947 514 517
876 948 521 524
876 949 528 531
876 950 535 538
876 951 542 545
876 952 549 552
876 953 556 559
876 954 563 566
876 955 570 573
876 956 577 580
876 957 584 587
876 958 591 594
876 959 598 601
876 960 605 608
876 961 612 615
876 962 619 622
876 963 626 629
876 964 633 636
876 965 640 643
876 966 647 650
876 967 654 657
876 968 661 664
876 969 668 671
876 970 675 678
876 971 682 685
876 972 689 692
876 973 696 699
876 974 703 706
876 975 710 713
876 976 717 720
876 977 724 727
876 978 731 734
876 979 738 741
876 980 745 748
876 981 752 755
876 982 759 762
876 983 766 769
876 984 773 776
876 985 780 783
876 986 787 790
876 987 794 797
876 988 801 804
876 989 808 811
876 990 815 818
876 991 822 825
876 992 829 832
876 993 836 839
876 994 843 846
876 995 850 853
876 996 857 860
876 997 864 867
876 998 871 874
876 999 878 881
876 1000 885 888
877 938 892 895
877 939 899 902
877 940 906 909
877 941 913 916
877 942 920 923
877 943 927 930
877 944 934 937
877 945 941 944
877 946 948 951
877 947 955 958
877 948 962 965
877 949 969 972
877 950 976 979
877 951 983 986
877 952 990 993
877 953 997 1000
877 954 1004 1007
877 955 1011 1014
877 956 1018 1021
877 957 1025 1028
877 958 1032 1035
877 959 1039 1042
877 960 1046 1049
877 961 1053 1056
877 962 1060 1063
877 963 1067 1070
877 964 1074 1077
877 965 1081 1084
877 966 1088 1091
877 967 1095 1098
877 968 1102 1105
877 969 1109 1112
877 970 1116 1119
877 971 1123 1126
877 972 1130 1133
877 973 1137 1140
877 974 1144 1147
877 975 1151 1154
877 976 1158 1161
877 977 1165 1168
877 978 1172 1175
877 979 1179 1182
877 980 1186 1189
877 981 1193 1196
877 982 1200 1203
877 983 1207 1210
877 984 1214 1217
877 985 1221 1224
877 986 1228 1231
877 987 1235 1238
877 988 1242 1245
877 989 1249 1252
877 990 1256 1259
877 991 1263 1266
877 992 1270 1273
877 993 1277 1280
877 994 1284 1287
877 995 1291 1294
877 996 1298 1301
877 997 1305 1308
877 998 1312 1315
877 999 1319 1322
877 1000 1326 1329
878 938 1333 1336
878 939 1340 1343
878 940 1347 1350
878 941 1354 1357
878 942 1361 1364
878 943 1368 1371
878 944 1375 1378
878 945 1382 1385
878 946 1389 1392
878 947 1396 1399
878 948 1403 1406
878 949 1410 1413
878 950 1417 1420
878 951 1424 1427
878 952 1431 1434
878 953 1438 1441
878 954 1445 1448
878 955 1452 1455
878 956 1459 1462
878 957 1466 1469
878 958 1473 1476
878 959 1480 1483
878 960 1487 1490
878 961 1494 1497
878 962 1501 1504
878 963 1508 1511
878 964 1515 1518
878 965 1522 1525
878 966 1529 1532
878 967 1536 1539
878 968 1543 1546
878 969 1550 1553
878 970 1557 1560
878 971 1564 1567
878 972 1571 1574
878 973 1578 1581
878 974 1585 1588
878 975 1592 1595
878 976 1599 1602
878 977 1606 1609
878 978 1613 1616
878 979 1620 1623
878 980 1627 1630
878 981 1634 1637
878 982 1641 1644
878 983 1648 1651
878 984 1655 1658
878 985 1662 1665
878 986 1669 1672
878 987 1676 1679
878 988 1683 1686
878 989 1690 1693
878 990 1697 1700
878 991 1704 1707
878 992 1711 1714
878 993 1718 1721
878 994 1725 1728
878 995 1732 1735
878 996 1739 1742
878 997 1746 1749
878 998 1753 1756
878 999 1760 1763
878 1000 1767 1770
879 938 1774 1777
879 939 1781 1784
879 940 1788 1791
879 941 1795 1798
879 942 1802 1805
879 943 1809 1812
879 944 1816 1819
879 945 1823 1826
879 946 1830 1833
879 947 1837 1840
879 948 1844 1847
879 949 1851 1854
879 950 1858 1861
879 951 1865 1868
879 952 1872 1875
879 953 1879 1882
879 954 1886 1889
879 955 1893 1896
879 956 1900 1903
879 957 1907 1910
879 958 1914 1917
879 959 1921 1924
879 960 1928 1931
879 961 1935 1938
879 962 1942 1945
879 963 1949 1952
879 964 1956 1959
879 965 1963 1966
879 966 1970 1973
879 967 1977 1980
879 968 1984 1987
879 969 1991 1994
879 970 1998 2001
879 971 2005 2008
879 972 2012 2015
879 973 2019 2022
879 974 2026 2029
879 975 2033 2036
879 976 2040 2043
879 977 2047 2050
879 978 2054 2057
879 979 2061 2064
879 980 2068 2071
879 981 2075 2078
879 982 2082 2085
879 983 2089 2092
879 984 2096 2099
879 985 2103 2106
879 986 2110 2113
879 987 2117 2120
879 988 2124 2127
879 989 2131 2134
879 990 2138 2141
879 991 2145 2148
879 992 2152 2155
879 993 2159 2162
879 994 2166 2169
879 995 2173 2176
879 996 2180 2183
879 997 2187 2190
879 998 2194 2197
879 999 2201 2204
879 1000 2208 2211
880 938 2215 2218
880 939 2222 2225
880 940 2229 2232
880 941 2236 2239
880 942 2243 2246
880 943 2250 2253
880 944 2257 2260
880 945 2264 2267
880 946 2271 2274
880 947 2278 2281
880 948 2285 2288
880 949 2292 2295
880 950 2299 2302
880 951 2306 2309
880 952 2313 2316
880 953 2320 2323
880 954 2327 2330
880 955 2334 2337
880 956 2341 2344
880 957 2348 2351
880 958 2355 2358
880 959 2362 2365
880 960 2369 2372
880 961 2376 2379
880 962 2383 2386
880 963 2390 2393
880 964 2397 2400
880 965 2404 2407
880 966 2411 2414
880 967 2418 2421
880 968 2425 2428
880 969 2432 2435
880 970 2439 2442
880 971 2446 2449
880 972 2453 2456
880 973 2460 2463
880 974 2467 2470
880 975 2474 2477
880 976 2481 2484
880 977 2488 2491
880 978 2495 2498
880 979 2502 2505
880 980 2509 2512
880 981 2516 2519
880 982 2523 2526
880 983 2530 2533
880 984 2537 2540
880 985 2544 2547
880 986 2551 2554
880 987 2558 2561
880 988 2565 2568
880 989 2572 2575
880 990 2579 2582
880 991 2586 2589
880 992 2593 2596
880 993 2600 2603
880 994 2607 2610
880 995 2614 2617
880 996 2621 2624
880 997 2628 2631
880 998 2635 2638
880 999 2642 2645
880 1000 2649 2652
881 938 2656 2659
881 939 2663 2666
881 940 2670 2673
881 941 2677 2680
881 942 2684 2687
881 943 2691 2694
881 944 2698 2701
881 945 2705 2708
881 946 2712 2715
881 947 2719 2722
881 948 2726 2729
881 949 2733 2736
881 950 2740 2743
881 951 2747 2750
881 952 2754 2757
881 953 2761 2764
881 954 2768 2771
881 955 2775 2778
881 956 2782 2785
881 957 2789 2792
881 958 2796 2799
881 959 2803 2806
881 960 2810 2813
881 961 2817 2820
881 962 2824 2827
881 963 2831 2834
881 964 2838 2841
881 965 2845 2848
881 966 2852 2855
881 967 2859 2862
881 968 2866 2869
881 969 2873 2876
881 970 2880 2883
881 971 2887 2890
881 972 2894 2897
881 973 2901 2904
881 974 2908 2911
881 975 2915 2918
881 976 2922 2925
881 977 2929 2932
881 978 2936 2939
881 979 2943 2946
881 980 2950 2953
881 981 2957 2960
881 982 2964 2967
881 983 2971 2974
881 984 2978 2981
881 985 2985 2988
881 986 2992 2995
881 987 2999 3002
881 988 3006 3009
881 989 3013 3016
881 990 3020 3023
881 991 3027 3030
881 992 3034 3037
881 993 3041 3044
881 994 3048 3051
881 995 3055 3058
881 996 3062 3065
881 997 3069 3072
881 998 3076 3079
881 999 3083 3086
881 1000 3090 3093
882 938 3097 3100
882 939 3104 3107
882 940 3111 3114
882 941 3118 3121
882 942 3125 3128
882 943 3132 3135
882 944 3139 3142
882 945 3146 3149
882 946 3153 3156
882 947 3160 3163
882 948 3167 3170
882 949 3174 3177
882 950 3181 3184
882 951 3188 3191
882 952 3195 3198
882 953 3202 3205
882 954 3209 3212
882 955 3216 3219
882 956 3223 3226
882 957 3230 3233
882 958 3237 3240
882 959 3244 3247
882 960 3251 3254
882 961 3258 3261
882 962 3265 3268
882 963 3272 3275
882 964 3279 3282
882 965 3286 3289
882 966 3293 3296
882 967 3300 3303
882 968 3307 3310
882 969 3314 3317
882 970 3321 3324
882 971 3328 3331
882 972 3335 3338
882 973 3342 3345
882 974 3349 3352
882 975 3356 3359
882 976 3363 3366
882 977 3370 3373
882 978 3377 3380
882 979 3384 3387
882 980 3391 3394
882 981 3398 3401
882 982 3405 3408
882 983 3412 3415
882 984 3419 3422
882 985 3426 3429
882 986 3433 3436
882 987 3440 3443
882 988 3447 3450
882 989 3454 3457
882 990 3461 3464
882 991 3468 3471
882 992 3475 3478
882 993 3482 3485
882 994 3489 3492
882 995 3496 3499
882 996 3503 3506
882 997 3510 3513
882 998 3517 3520
882 999 3524 3527
882 1000 3531 3534
883 938 3538 3541
883 939 3545 3548
883 940 3552 3555
883 941 3559 3562
883 942 3566 3569
883 943 3573 3576
883 944 3580 3583
883 945 3587 3590
883 946 3594 3597
883 947 3601 3604
883 948 3608 3611
883 949 3615 3618
883 950 3622 3625
883 951 3629 3632
883 952 3636 3639
883 953 3643 3646
883 954 3650 3653
883 955 3657 3660
883 956 3664 3667
883 957 3671 3674
883 958 3678 3681
883 959 3685 3688
883 960 3692 3695
883 961 3699 3702
883 962 3706 3709
883 963 3713 3716
883 964 3720 3723
883 965 3727 3730
883 966 3734 3737
883 967 3741 3744
883 968 3748 3751
883 969 3755 3758
883 970 3762 3765
883 971 3769 3772
883 972 3776 3779
883 973 3783 3786
883 974 3790 3793
883 975 3797 3800
883 976 3804 3807
883 977 3811 3814
883 978 3818 3821
883 979 3825 3828
883 980 3832 3835
883 981 3839 3842
883 982 3846 3849
883 983 3853 3856
883 984 3860 3863
883 985 3867 3870
883 986 3874 3877
883 987 3881 3884
883 988 3888 3891
883 989 3895 3898
883 990 3902 3905
883 991 3909 3912
883 992 3916 3919
883 993 3923 3926
883 994 3930 3933
883 995 3937 3940
883 996 3944 3947
883 997 3951 3954
883 998 3958 3961
883 999 3965 3968
883 1000 3972 3975
884 938 3979 3982
884 939 3986 3989
884 940 3993 3996
884 941 4000 4003
884 942 4007 4010
884 943 4014 4017
884 944 4021 4024
884 945 4028 4031
884 946 4035 4038
884 947 4042 4045
884 948 4049 4052
884 949 4056 4059
884 950 4063 4066
884 951 4070 4073
884 952 4077 4080
884 953 4084 4087
884 954 4091 4094
884 955 4098 4101
884 956 4105 4108
884 957 4112 4115
884 958 4119 4122
884 959 4126 4129
884 960 4133 4136
884 961 4140 4143
884 962 4147 4150
884 963 4154 4157
884 964 4161 4164
884 965 4168 4171
884 966 4175 4178
884 967 4182 4185
884 968 4189 4192
884 969 4196 4199
884 970 4203 4206
884 971 4210 4213
884 972 4217 4220
884 973 4224 4227
884 974 4231 4234
884 975 4238 4241
884 976 4245 4248
884 977 4252 4255
884 978 4259 4262
884 979 4266 4269
884 980 4273 4276
884 981 4280 4283
884 982 4287 4290
884 983 4294 4297
884 984 4301 4304
884 985 4308 4311
884 986 4315 4318
884 987 4322 4325
884 988 4329 4332
884 989 4336 4339
884 990 4343 4346
884 991 4350 4353
884 992 4357 4360
884 993 4364 4367
884 994 4371 4374
884 995 4378 4381
884 996 4385 4388
884 997 4392 4395
884 998 4399 4402
884 999 4406 4409
884 1000 4413 4416
885 938 4420 4423
885 939 4427 4430
885 940 4434 4437
885 941 4441 4444
885 942 4448 4451
885 943 4455 4458
885 944 4462 4465
885 945 4469 4472
885 946 4476 4479
885 947 4483 4486
885 948 4490 4493
885 949 4497 4500
885 950 4504 4507
885 951 4511 4514
885 952 4518 4521
885 953 4525 4528
885 954 4532 4535
885 955 4539 4542
885 956 4546 4549
885 957 4553 4556
885 958 4560 4563
885 959 4567 4570
885 960 4574 4577
885 961 4581 4584
885 962 4588 4591
885 963 4595 4598
885 964 4602 4605
885 965 4609 4612
885 966 4616 4619
885 967 4623 4626
885 968 4630 4633
885 969 4637 4640
885 970 4644 4647
885 971 4651 4654
885 972 4658 4661
885 973 4665 4668
885 974 4672 4675
885 975 4679 4682
885 976 4686 4689
885 977 4693 4696
885 978 4700 4703
885 979 4707 4710
885 980 4714 4717
885 981 4721 4724
885 982 4728 4731
885 983 4735 4738
885 984 4742 4745
885 985 4749 4752
885 986 4756 4759
885 987 4763 4766
885 988 4770 4773
885 989 4777 4780
885 990 4784 4787
885 991 4791 4794
885 992 4798 4801
885 993 4805 4808
885 994 4812 4815
885 995 4819 4822
885 996 4826 4829
885 997 4833 4836
885 998 4840 4843
885 999 4847 4850
885 1000 4854 4857
886 938 4861 4864
886 939 4868 4871
886 940 4875 4878
886 941 4882 4885
886 942 4889 4892
886 943 4896 4899
886 944 4903 4906
886 945 4910 4913
886 946 4917 4920
886 947 4924 4927
886 948 4931 4934
886 949 4938 4941
886 950 4945 4948
886 951 4952 4955
886 952 4959 4962
886 953 4966 4969
886 954 4973 4976
886 955 4980 4983
886 956 4987 4990
886 957 4994 4997
886 958 5001 5004
886 959 5008 5011
886 960 5015 5018
886 961 5022 5025
886 962 5029 5032
886 963 5036 5039
886 964 5043 5046
886 965 5050 5053
886 966 5057 5060
886 967 5064 5067
886 968 5071 5074
886 969 5078 5081
886 970 5085 5088
886 971 5092 5095
886 972 5099 5102
886 973 5106 5109
886 974 5113 5116
886 975 5120 5123
886 976 5127 5130
886 977 5134 5137
886 978 5141 5144
886 979 5148 5151
886 980 5155 5158
886 981 5162 5165
886 982 5169 5172
886 983 5176 5179
886 984 5183 5186
886 985 5190 5193
886 986 5197 5200
886 987 5204 5207
886 988 5211 5214
886 989 5218 5221
886 990 5225 5228
886 991 5232 5235
886 992 5239 5242
886 993 5246 5249
886 994 5253 5256
886 995 5260 5263
886 996 5267 5270
886 997 5274 5277
886 998 5281 5284
886 999 5288 5291
886 1000 5295 5298
887 938 5302 5305
887 939 5309 5312
887 940 5316 5319
887 941 5323 5326
887 942 5330 5333
887 943 5337 5340
887 944 5344 5347
887 945 5351 5354
887 946 5358 5361
887 947 5365 5368
887 948 5372 5375
887 949 5379 5382
887 950 5386 5389
887 951 5393 5396
887 952 5400 5403
887 953 5407 5410
887 954 5414 5417
887 955 5421 5424
887 956 5428 5431
887 957 5435 5438
887 958 5442 5445
887 959 5449 5452
887 960 5456 5459
887 961 5463 5466
887 962 5470 5473
887 963 5477 5480
887 964 5484 5487
887 965 5491 5494
887 966 5498 5501
887 967 5505 5508
887 968 5512 5515
887 969 5519 5522
887 970 5526 5529
887 971 5533 5536
887 972 5540 5543
887 973 5547 5550
887 974 5554 5557
887 975 5561 5564
887 976 5568 5571
887 977 5575 5578
887 978 5582 5585
887 979 5589 5592
887 980 5596 5599
887 981 5603 5606
887 982 5610 5613
887 983 5617 5620
887 984 5624 5627
887 985 5631 5634
887 986 5638 5641
887 987 5645 5648
887 988 5652 5655
887 989 5659 5662
887 990 5666 5669
887 991 5673 5676
887 992 5680 5683
887 993 5687 5690
887 994 5694 5697
887 995 5701 5704
887 996 5708 5711
887 997 5715 5718
887 998 5722 5725
887 999 5729 5732
887 1000 5736 5739
888 938 5743 5746
888 939 5750 5753
888 940 5757 5760
888 941 5764 5767
888 942 5771 5774
888 943 5778 5781
888 944 5785 5788
888 945 5792 5795
888 946 5799 5802
888 947 5806 5809
888 948 5813 5816
888 949 5820 5823
888 950 5827 5830
888 951 5834 5837
888 952 5841 5844
888 953 5848 5851
888 954 5855 5858
888 955 5862 5865
888 956 5869 5872
888 957 5876 5879
888 958 5883 5886
888 959 5890 5893
888 960 5897 5900
888 961 5904 5907
888 962 5911 5914
888 963 5918 5921
888 964 5925 5928
888 965 5932 5935
888 966 5939 5942
888 967 5946 5949
888 968 5953 5956
888 969 5960 5963
888 970 5967 5970
888 971 5974 5977
888 972 5981 5984
888 973 5988 5991
888 974 5995 5998
888 975 6002 6005
888 976 6009 6012
888 977 6016 6019
888 978 6023 6026
888 979 6030 6033
888 980 6037 6040
888 981 6044 6047
888 982 6051 6054
888 983 6058 6061
888 984 6065 6068
888 985 6072 6075
888 986 6079 6082
888 987 6086 6089
888 988 6093 6096
888 989 6100 6103
888 990 6107 6110
888 991 6114 6117
888 992 6121 6124
888 993 6128 6131
888 994 6135 6138
888 995 6142 6145
888 996 6149 6152
888 997 6156 6159
888 998 6163 6166
888 999 6170 6173
888 1000 6177 6180
889 938 6184 6187
889 939 6191 6194
889 940 6198 6201
889 941 6205 6208
889 942 6212 6215
889 943 6219 6222
889 944 6226 6229
889 945 6233 6236
889 946 6240 6243
889 947 6247 6250
889 948 6254 6257
889 949 6261 6264
889 950 6268 6271
889 951 6275 6278
889 952 6282 6285
889 953 6289 6292
889 954 6296 6299
889 955 6303 6306
889 956 6310 6313
889 957 6317 6320
889 958 6324 6327
889 959 6331 6334
889 960 6338 6341
889 961 6345 6348
889 962 6352 6355
889 963 6359 6362
889 964 6366 6369
889 965 6373 6376
889 966 6380 6383
889 967 6387 6390
889 968 6394 6397
889 969 6401 6404
889 970 6408 6411
889 971 6415 6418
889 972 6422 6425
889 973 6429 6432
889 974 6436 6439
889 975 6443 6446
889 976 6450 6453
889 977 6457 6460
889 978 6464 6467
889 979 6471 6474
889 980 6478 6481
889 981 6485 6488
889 982 6492 6495
889 983 6499 6502
889 984 6506 6509
889 985 6513 6516
889 986 6520 6523
889 987 6527 6530
889 988 6534 6537
889 989 6541 6544
889 990 6548 6551
889 991 6555 6558
889 992 6562 6565
889 993 6569 6572
889 994 6576 6579
889 995 6583 6586
889 996 6590 6593
889 997 6597 6600
889 998 6604 6607
889 999 6611 6614
889 1000 6618 6621
890 938 6625 6628
890 939 6632 6635
890 940 6639 6642
890 941 6646 6649
890 942 6653 6656
890 943 6660 6663
890 944 6667 6670
890 945 6674 6677
890 946 6681 6684
890 947 6688 6691
890 948 6695 6698
890 949 6702 6705
890 950 6709 6712
890 951 6716 6719
890 952 6723 6726
890 953 6730 6733
890 954 6737 6740
890 955 6744 6747
890 956 6751 6754
890 957 6758 6761
890 958 6765 6768
890 959 6772 6775
890 960 6779 6782
890 961 6786 6789
890 962 6793 6796
890 963 6800 6803
890 964 6807 6810
890 965 6814 6817
890 966 6821 6824
890 967 6828 6831
890 968 6835 6838
890 969 6842 6845
890 970 6849 6852
890 971 6856 6859
890 972 6863 6866
890 973 6870 6873
890 974 6877 6880
890 975 6884 6887
890 976 6891 6894
890 977 6898 6901
890 978 6905 6908
890 979 6912 6915
890 980 6919 6922
890 981 6926 6929
890 982 6933 6936
890 983 6940 6943
890 984 6947 6950
890 985 6954 6957
890 986 6961 6964
890 987 6968 6971
890 988 6975 6978
890 989 6982 6985
890 990 6989 6992
890 991 6996 6999
890 992 7003 7006
890 993 7010 7013
890 994 7017 7020
890 995 7024 7027
890 996 7031 7034
890 997 7038 7041
890 998 7045 7048
890 999 7052 7055
890 1000 7059 7062
891 938 7066 7069
891 939 7073 7076
891 940 7080 7083
891 941 7087 7090
891 942 7094 7097
891 943 7101 7104
891 944 7108 7111
891 945 7115 7118
891 946 7122 7125
891 947 7129 7132
891 948 7136 7139
891 949 7143 7146
891 950 7150 7153
891 951 7157 7160
891 952 7164 7167
891 953 7171 7174
891 954 7178 7181
891 955 7185 7188
891 956 7192 7195
891 957 7199 7202
891 958 7206 7209
891 959 7213 7216
891 960 7220 7223
891 961 7227 7230
891 962 7234 7237
891 963 7241 7244
891 964 7248 7251
891 965 7255 7258
891 966 7262 7265
891 967 7269 7272
891 968 7276 7279
891 969 7283 7286
891 970 7290 7293
891 971 7297 7300
891 972 7304 7307
891 973 7311 7314
891 974 7318 7321
891 975 7325 7328
891 976 7332 7335
891 977 7339 7342
891 978 7346 7349
891 979 7353 7356
891 980 7360 7363
891 981 7367 7370
891 982 7374 7377
891 983 7381 7384
891 984 7388 7391
891 985 7395 7398
891 986 7402 7405
891 987 7409 7412
891 988 7416 7419
891 989 7423 7426
891 990 7430 7433
891 991 7437 7440
891 992 7444 7447
891 993 7451 7454
891 994 7458 7461
891 995 7465 7468
891 996 7472 7475
891 997 7479 7482
891 998 7486 7489
891 999 7493 7496
891 1000 7500 7503
892 938 7507 7510
892 939 7514 7517
892 940 7521 7524
892 941 7528 7531
892 942 7535 7538
892 943 7542 7545
892 944 7549 7552
892 945 7556 7559
892 946 7563 7566
892 947 7570 7573
892 948 7577 7580
892 949 7584 7587
892 950 7591 7594
892 951 7598 7601
892 952 7605 7608
892 953 7612 7615
892 954 7619 7622
892 955 7626 7629
892 956 7633 7636
892 957 7640 7643
892 958 7647 7650
892 959 7654 7657
892 960 7661 7664
892 961 7668 7671
892 962 7675 7678
892 963 7682 7685
892 964 7689 7692
892 965 7696 7699
892 966 7703 7706
892 967 7710 7713
892 968 7717 7720
892 969 7724 7727
892 970 7731 7734
892 971 7738 7741
892 972 7745 7748
892 973 7752 7755
892 974 7759 7762
892 975 7766 7769
892 976 7773 7776
892 977 7780 7783
892 978 7787 7790
892 979 7794 7797
892 980 7801 7804
892 981 7808 7811
892 982 7815 7818
892 983 7822 7825
892 984 7829 7832
892 985 7836 7839
892 986 7843 7846
892 987 7850 7853
892 988 7857 7860
892 989 7864 7867
892 990 7871 7874
892 991 7878 7881
892 992 7885 7888
892 993 7892 7895
892 994 7899 7902
892 995 7906 7909
892 996 7913 7916
892 997 7920 7923
892 998 7927 7930
892 999 7934 7937
892 1000 7941 7944
893 938 7948 7951
893 939 7955 7958
893 940 7962 7965
893 941 7969 7972
893 942 7976 7979
893 943 7983 7986
893 944 7990 7993
893 945 7997 8000
893 946 8004 8007
893 947 8011 8014
893 948 8018 8021
893 949 8025 8028
893 950 8032 8035
893 951 8039 8042
893 952 8046 8049
893 953 8053 8056
893 954 8060 8063
893 955 8067 8070
893 956 8074 8077
893 957 8081 8084
893 958 8088 8091
893 959 8095 8098
893 960 8102 8105
893 961 8109 8112
893 962 8116 8119
893 963 8123 8126
893 964 8130 8133
893 965 8137 8140
893 966 8144 8147
893 967 8151 8154
893 968 8158 8161
893 969 8165 8168
893 970 8172 8175
893 971 8179 8182
893 972 8186 8189
893 973 8193 8196
893 974 8200 8203
893 975 8207 8210
893 976 8214 8217
893 977 8221 8224
893 978 8228 8231
893 979 8235 8238
893 980 8242 8245
893 981 8249 8252
893 982 8256 8259
893 983 8263 8266
893 984 8270 8273
893 985 8277 8280
893 986 8284 8287
893 987 8291 8294
893 988 8298 8301
893 989 8305 8308
893 990 8312 8315
893 991 8319 8322
893 992 8326 8329
893 993 8333 8336
893 994 8340 8343
893 995 8347 8350
893 996 8354 8357
893 997 8361 8364
893 998 8368 8371
893 999 8375 8378
893 1000 8382 8385
894 938 8389 8392
894 939 8396 8399
894 940 8403 8406
894 941 8410 8413
894 942 8417 8420
894 943 8424 8427
894 944 8431 8434
894 945 8438 8441
894 946 8445 8448
894 947 8452 8455
894 948 8459 8462
894 949 8466 8469
894 950 8473 8476
894 951 8480 8483
894 952 8487 8490
894 953 8494 8497
894 954 8501 8504
894 955 8508 8511
894 956 8515 8518
894 957 8522 8525
894 958 8529 8532
894 959 8536 8539
894 960 8543 8546
894 961 8550 8553
894 962 8557 8560
894 963 8564 8567
894 964 8571 8574
894 965 8578 8581
894 966 8585 8588
894 967 8592 8595
894 968 8599 8602
894 969 8606 8609
894 970 8613 8616
894 971 8620 8623
894 972 8627 8630
894 973 8634 8637
894 974 8641 8644
894 975 8648 8651
894 976 8655 8658
894 977 8662 8665
894 978 8669 8672
894 979 8676 8679
894 980 8683 8686
894 981 8690 8693
894 982 8697 8700
894 983 8704 8707
894 984 8711 8714
894 985 8718 8721
894 986 8725 8728
894 987 8732 8735
894 988 8739 8742
894 989 8746 8749
894 990 8753 8756
894 991 8760 8763
894 992 8767 8770
894 993 8774 8777
894 994 8781 8784
894 995 8788 8791
894 996 8795 8798
894 997 8802 8805
894 998 8809 8812
894 999 8816 8819
894 1000 8823 8826
895 938 8830 8833
895 939 8837 8840
895 940 8844 8847
895 941 8851 8854
895 942 8858 8861
895 943 8865 8868
895 944 8872 8875
895 945 8879 8882
895 946 8886 8889
895 947 8893 8896
895 948 8900 8903
895 949 8907 8910
895 950 8914 8917
895 951 8921 8924
895 952 8928 8931
895 953 8935 8938
895 954 8942 8945
895 955 8949 8952
895 956 8956 8959
895 957 8963 8966
895 958 8970 8973
895 959 8977 8980
895 960 8984 8987
895 961 8991 8994
895 962 8998 9001
895 963 9005 9008
895 964 9012 9015
895 965 9019 9022
895 966 9026 9029
895 967 9033 9036
895 968 9040 9043
895 969 9047 9050
895 970 9054 9057
895 971 9061 9064
895 972 9068 9071
895 973 9075 9078
895 974 9082 9085
895 975 9089 9092
895 976 9096 9099
895 977 9103 9106
895 978 9110 9113
895 979 9117 9120
895 980 9124 9127
895 981 9131 9134
895 982 9138 9141
895 983 9145 9148
895 984 9152 9155
895 985 9159 9162
895 986 9166 9169
895 987 9173 9176
895 988 9180 9183
895 989 9187 9190
895 990 9194 9197
895 991 9201 9204
895 992 9208 9211
895 993 9215 9218
895 994 9222 9225
895 995 9229 9232
895 996 9236 9239
895 997 9243 9246
895 998 9250 9253
895 999 9257 9260
895 1000 9264 9267
896 938 9271 9274
896 939 9278 9281
896 940 9285 9288
896 941 9292 9295
896 942 9299 9302
896 943 9306 9309
896 944 9313 9316
896 945 9320 9323
896 946 9327 9330
896 947 9334 9337
896 948 9341 9344
896 949 9348 9351
896 950 9355 9358
896 951 9362 9365
896 952 9369 9372
896 953 9376 9379
896 954 9383 9386
896 955 9390 9393
896 956 9397 9400
896 957 9404 9407
896 958 9411 9414
896 959 9418 9421
896 960 9425 9428
896 961 9432 9435
896 962 9439 9442
896 963 9446 9449
896 964 9453 9456
896 965 9460 9463
896 966 9467 9470
896 967 9474 9477
896 968 9481 9484
896 969 9488 9491
896 970 9495 9498
896 971 9502 9505
896 972 9509 9512
896 973 9516 9519
896 974 9523 9526
896 975 9530 9533
896 976 9537 9540
896 977 9544 9547
896 978 9551 9554
896 979 9558 9561
896 980 9565 9568
896 981 9572 9575
896 982 9579 9582
896 983 9586 9589
896 984 9593 9596
896 985 9600 9603
896 986 9607 9610
896 987 9614 9617
896 988 9621 9624
896 989 9628 9631
896 990 9635 9638
896 991 9642 9645
896 992 9649 9652
896 993 9656 9659
896 994 9663 9666
896 995 9670 9673
896 996 9677 9680
896 997 9684 9687
896 998 9691 9694
896 999 9698 9701
896 1000 9705 9708
897 938 9712 9715
897 939 9719 9722
897 940 9726 9729
897 941 9733 9736
897 942 9740 9743
897 943 9747 9750
897 944 9754 9757
897 945 9761 9764
897 946 9768 9771
897 947 9775 9778
897 948 9782 9785
897 949 9789 9792
897 950 9796 9799
897 951 9803 9806
897 952 9810 9813
897 953 9817 9820
897 954 9824 9827
897 955 9831 9834
897 956 9838 9841
897 957 9845 9848
897 958 9852 9855
897 959 9859 9862
897 960 9866 9869
897 961 9873 9876
897 962 9880 9883
897 963 9887 9890
897 964 9894 9897
897 965 9901 9904
897 966 9908 9911
897 967 9915 9918
897 968 9922 9925
897 969 9929 9932
897 970 9936 9939
897 971 9943 9946
897 972 9950 9953
897 973 9957 9960
897 974 9964 9967
897 975 9971 9974
897 976 9978 9981
897 977 9985 9988
897 978 9992 9995
897 979 9999 10002
897 980 10006 10009
897 981 10013 10016
897 982 10020 10023
897 983 10027 10030
897 984 10034 10037
897 985 10041 10044
897 986 10048 10051
897 987 10055 10058
897 988 10062 10065
897 989 10069 10072
897 990 10076 10079
897 991 10083 10086
897 992 10090 10093
897 993 10097 10100
897 994 10104 10107
897 995 10111 10114
897 996 10118 10121
897 997 10125 10128
897 998 10132 10135
897 999 10139 10142
897 1000 10146 10149
898 938 10153 10156
898 939 10160 10163
898 940 10167 10170
898 941 10174 10177
898 942 10181 10184
898 943 10188 10191
898 944 10195 10198
898 945 10202 10205
898 946 10209 10212
898 947 10216 10219
898 948 10223 10226
898 949 10230 10233
898 950 10237 10240
898 951 10244 10247
898 952 10251 10254
898 953 10258 10261
898 954 10265 10268
898 955 10272 10275
898 956 10279 10282
898 957 10286 10289
898 958 10293 10296
898 959 10300 10303
898 960 10307 10310
898 961 10314 10317
898 962 10321 10324
898 963 10328 10331
898 964 10335 10338
898 965 10342 10345
898 966 10349 10352
898 967 10356 10359
898 968 10363 10366
898 969 10370 10373
898 970 10377 10380
898 971 10384 10387
898 972 10391 10394
898 973 10398 10401
898 974 10405 10408
898 975 10412 10415
898 976 10419 10422
898 977 10426 10429
898 978 10433 10436
898 979 10440 10443
898 980 10447 10450
898 981 10454 10457
898 982 10461 10464
898 983 10468 10471
898 984 10475 10478
898 985 10482 10485
898 986 10489 10492
898 987 10496 10499
898 988 10503 10506
898 989 10510 10513
898 990 10517 10520
898 991 10524 10527
898 992 10531 10534
898 993 10538 10541
898 994 10545 10548
898 995 10552 10555
898 996 10559 10562
898 997 10566 10569
898 998 10573 10576
898 999 10580 10583
898 1000 10587 10590
899 938 10594 10597
899 939 10601 10604
899 940 10608 10611
899 941 10615 10618
899 942 10622 10625
899 943 10629 10632
899 944 10636 10639
899 945 10643 10646
899 946 10650 10653
899 947 10657 10660
899 948 10664 10667
899 949 10671 10674
899 950 10678 10681
899 951 10685 10688
899 952 10692 10695
899 953 10699 10702
899 954 10706 10709
899 955 10713 10716
899 956 10720 10723
899 957 10727 10730
899 958 10734 10737
899 959 10741 10744
899 960 10748 10751
899 961 10755 10758
899 962 10762 10765
899 963 10769 10772
899 964 10776 10779
899 965 10783 10786
899 966 10790 10793
899 967 10797 10800
899 968 10804 10807
899 969 10811 10814
899 970 10818 10821
899 971 10825 10828
899 972 10832 10835
899 973 10839 10842
899 974 10846 10849
899 975 10853 10856
899 976 10860 10863
899 977 10867 10870
899 978 10874 10877
899 979 10881 10884
899 980 10888 10891
899 981 10895 10898
899 982 10902 10905
899 983 10909 10912
899 984 10916 10919
899 985 10923 10926
899 986 10930 10933
899 987 10937 10940
899 988 10944 10947
899 989 10951 10954
899 990 10958 10961
899 991 10965 10968
899 992 10972 10975
899 993 10979 10982
899 994 10986 10989
899 995 10993 10996
899 996 11000 11003
899 997 11007 11010
899 998 11014 11017
899 999 11021 11024
899 1000 11028 11031
900 938 11035 11038
900 939 11042 11045
900 940 11049 11052
900 941 11056 11059
900 942 11063 11066
900 943 11070 11073
900 944 11077 11080
900 945 11084 11087
900 946 11091 11094
900 947 11098 11101
900 948 11105 11108
900 949 11112 11115
900 950 11119 11122
900 951 11126 11129
900 952 11133 11136
900 953 11140 11143
900 954 11147 11150
900 955 11154 11157
900 956 11161 11164
900 957 11168 11171
900 958 11175 11178
900 959 11182 11185
900 960 11189 11192
900 961 11196 11199
900 962 11203 11206
900 963 11210 11213
900 964 11217 11220
900 965 11224 11227
900 966 11231 11234
900 967 11238 11241
900 968 11245 11248
900 969 11252 11255
900 970 11259 11262
900 971 11266 11269
900 972 11273 11276
900 973 11280 11283
900 974 11287 11290
900 975 11294 11297
900 976 11301 11304
900 977 11308 11311
900 978 11315 11318
900 979 11322 11325
900 980 11329 11332
900 981 11336 11339
900 982 11343 11346
900 983 11350 11353
900 984 11357 11360
900 985 11364 11367
900 986 11371 11374
900 987 11378 11381
900 988 11385 11388
900 989 11392 11395
900 990 11399 11402
900 991 11406 11409
900 992 11413 11416
900 993 11420 11423
900 994 11427 11430
900 995 11434 11437
900 996 11441 11444
900 997 11448 11451
900 998 11455 11458
900 999 11462 11465
900 1000 11469 11472
901 938 11476 11479
901 939 11483 11486
901 940 11490 11493
901 941 11497 11500
901 942 11504 11507
901 943 11511 11514
901 944 11518 11521
901 945 11525 11528
901 946 11532 11535
901 947 11539 11542
901 948 11546 11549
901 949 11553 11556
901 950 11560 11563
901 951 11567 11570
901 952 11574 11577
901 953 11581 11584
901 954 11588 11591
901 955 11595 11598
901 956 11602 11605
901 957 11609 11612
901 958 11616 11619
901 959 11623 11626
901 960 11630 11633
901 961 11637 11640
901 962 11644 11647
901 963 11651 11654
901 964 11658 11661
901 965 11665 11668
901 966 11672 11675
901 967 11679 11682
901 968 11686 11689
901 969 11693 11696
901 970 11700 11703
901 971 11707 11710
901 972 11714 11717
901 973 11721 11724
901 974 11728 11731
901 975 11735 11738
901 976 11742 11745
901 977 11749 11752
901 978 11756 11759
901 979 11763 11766
901 980 11770 11773
901 981 11777 11780
901 982 11784 11787
901 983 11791 11794
901 984 11798 11801
901 985 11805 11808
901 986 11812 11815
901 987 11819 11822
901 988 11826 11829
901 989 11833 11836
901 990 11840 11843
901 991 11847 11850
901 992 11854 11857
901 993 11861 11864
901 994 11868 11871
901 995 11875 11878
901 996 11882 11885
901 997 11889 11892
901 998 11896 11899
901 999 11903 11906
901 1000 11910 11913
902 938 11917 11920
902 939 11924 11927
902 940 11931 11934
902 941 11938 11941
902 942 11945 11948
902 943 11952 11955
902 944 11959 11962
902 945 11966 11969
902 946 11973 11976
902 947 11980 11983
902 948 11987 11990
902 949 11994 11997
902 950 12001 12004
902 951 12008 12011
902 952 12015 12018
902 953 12022 12025
902 954 12029 12032
902 955 12036 12039
902 956 12043 12046
902 957 12050 12053
902 958 12057 12060
902 959 12064 12067
902 960 12071 12074
902 961 12078 12081
902 962 12085 12088
902 963 12092 12095
902 964 12099 12102
902 965 12106 12109
902 966 12113 12116
902 967 12120 12123
902 968 12127 12130
902 969 12134 12137
902 970 12141 12144
902 971 12148 12151
902 972 12155 12158
902 973 12162 12165
902 974 12169 12172
902 975 12176 12179
902 976 12183 12186
902 977 12190 12193
902 978 12197 12200
902 979 12204 12207
902 980 12211 12214
902 981 12218 12221
902 982 12225 12228
902 983 12232 12235
902 984 12239 12242
902 985 12246 12249
902 986 12253 12256
902 987 12260 12263
902 988 12267 12270
902 989 12274 12277
902 990 12281 12284
902 991 12288 12291
902 992 12295 12298
902 993 12302 12305
902 994 12309 12312
902 995 12316 12319
902 996 12323 12326
902 997 12330 12333
902 998 12337 12340
902 999 12344 12347
902 1000 12351 12354
903 938 12358 12361
903 939 12365 12368
903 940 12372 12375
903 941 12379 12382
903 942 12386 12389
903 943 12393 12396
903 944 12400 12403
903 945 12407 12410
903 946 12414 12417
903 947 12421 12424
903 948 12428 12431
903 949 12435 12438
903 950 12442 12445
903 951 12449 12452
903 952 12456 12459
903 953 12463 12466
903 954 12470 12473
903 955 12477 12480
903 956 12484 12487
903 957 12491 12494
903 958 12498 12501
903 959 12505 12508
903 960 12512 12515
903 961 12519 12522
903 962 12526 12529
903 963 12533 12536
903 964 12540 12543
903 965 12547 12550
903 966 12554 12557
903 967 12561 12564
903 968 12568 12571
903 969 12575 12578
903 970 12582 12585
903 971 12589 12592
903 972 12596 12599
903 973 12603 12606
903 974 12610 12613
903 975 12617 12620
903 976 12624 12627
903 977 12631 12634
903 978 12638 12641
903 979 12645 12648
903 980 12652 12655
903 981 12659 12662
903 982 12666 12669
903 983 12673 12676
903 984 12680 12683
903 985 12687 12690
903 986 12694 12697
903 987 12701 12704
903 988 12708 12711
903 989 12715 12718
903 990 12722 12725
903 991 12729 12732
903 992 12736 12739
903 993 12743 12746
903 994 12750 12753
903 995 12757 12760
903 996 12764 12767
903 997 12771 12774
903 998 12778 12781
903 999 12785 12788
903 1000 12792 12795
904 938 12799 12802
904 939 12806 12809
904 940 12813 12816
904 941 12820 12823
904 942 12827 12830
904 943 12834 12837
904 944 12841 12844
904 945 12848 12851
904 946 12855 12858
904 947 12862 12865
904 948 12869 12872
904 949 12876 12879
904 950 12883 12886
904 951 12890 12893
904 952 12897 12900
904 953 12904 12907
904 954 12911 12914
904 955 12918 12921
904 956 12925 12928
904 957 12932 12935
904 958 12939 12942
904 959 12946 12949
904 960 12953 12956
904 961 12960 12963
904 962 12967 12970
904 963 12974 12977
904 964 12981 12984
904 965 12988 12991
904 966 12995 12998
904 967 13002 13005
904 968 13009 13012
904 969 13016 13019
904 970 13023 13026
904 971 13030 13033
904 972 13037 13040
904 973 13044 13047
904 974 13051 13054
904 975 13058 13061
904 976 13065 13068
904 977 13072 13075
904 978 13079 13082
904 979 13086 13089
904 980 13093 13096
904 981 13100 13103
904 982 13107 13110
904 983 13114 13117
904 984 13121 13124
904 985 13128 13131
904 986 13135 13138
904 987 13142 13145
904 988 13149 13152
904 989 13156 13159
904 990 13163 13166
904 991 13170 13173
904 992 13177 13180
904 993 13184 13187
904 994 13191 13194
904 995 13198 13201
904 996 13205 13208
904 997 13212 13215
904 998 13219 13222
904 999 13226 13229
904 1000 13233 13236
905 938 13240 13243
905 939 13247 13250
905 940 13254 13257
905 941 13261 13264
905 942 13268 13271
905 943 13275 13278
905 944 13282 13285
905 945 13289 13292
905 946 13296 13299
905 947 13303 13306
905 948 13310 13313
905 949 13317 13320
905 950 13324 13327
905 951 13331 13334
905 952 13338 13341
905 953 13345 13348
905 954 13352 13355
905 955 13359 13362
905 956 13366 13369
905 957 13373 13376
905 958 13380 13383
905 959 13387 13390
905 960 13394 13397
905 961 13401 13404
905 962 13408 13411
905 963 13415 13418
905 964 13422 13425
905 965 13429 13432
905 966 13436 13439
905 967 13443 13446
905 968 13450 13453
905 969 13457 13460
905 970 13464 13467
905 971 13471 13474
905 972 13478 13481
905 973 13485 13488
905 974 13492 13495
905 975 13499 13502
905 976 13506 13509
905 977 13513 13516
905 978 13520 13523
905 979 13527 13530
905 980 13534 13537
905 981 13541 13544
905 982 13548 13551
905 983 13555 13558
905 984 13562 13565
905 985 13569 13572
905 986 13576 13579
905 987 13583 13586
905 988 13590 13593
905 989 13597 13600
905 990 13604 13607
905 991 13611 13614
905 992 13618 13621
905 993 13625 13628
905 994 13632 13635
905 995 13639 13642
905 996 13646 13649
905 997 13653 13656
905 998 13660 13663
905 999 13667 13670
905 1000 13674 13677
906 938 13681 13684
906 939 13688 13691
906 940 13695 13698
906 941 13702 13705
906 942 13709 13712
906 943 13716 13719
906 944 13723 13726
906 945 13730 13733
906 946 13737 13740
906 947 13744 13747
906 948 13751 13754
906 949 13758 13761
906 950 13765 13768
906 951 13772 13775
906 952 13779 13782
906 953 13786 13789
906 954 13793 13796
906 955 13800 13803
906 956 13807 13810
906 957 13814 13817
906 958 13821 13824
906 959 13828 13831
906 960 13835 13838
906 961 13842 13845
906 962 13849 13852
906 963 13856 13859
906 964 13863 13866
906 965 13870 13873
906 966 13877 13880
906 967 13884 13887
906 968 13891 13894
906 969 13898 13901
906 970 13905 13908
906 971 13912 13915
906 972 13919 13922
906 973 13926 13929
906 974 13933 13936
906 975 13940 13943
906 976 13947 13950
906 977 13954 13957
906 978 13961 13964
906 979 13968 13971
906 980 13975 13978
906 981 13982 13985
906 982 13989 13992
906 983 13996 13999
906 984 14003 14006
906 985 14010 14013
906 986 14017 14020
906 987 14024 14027
906 988 14031 14034
906 989 14038 14041
906 990 14045 14048
906 991 14052 14055
906 992 14059 14062
906 993 14066 14069
906 994 14073 14076
906 995 14080 14083
906 996 14087 14090
906 997 14094 14097
906 998 14101 14104
906 999 14108 14111
906 1000 14115 14118
907 938 14122 14125
907 939 14129 14132
907 940 14136 14139
907 941 14143 14146
907 942 14150 14153
907 943 14157 14160
907 944 14164 14167
907 945 14171 14174
907 946 14178 14181
907 947 14185 14188
907 948 14192 14195
907 949 14199 14202
907 950 14206 14209
907 951 14213 14216
907 952 14220 14223
907 953 14227 14230
907 954 14234 14237
907 955 14241 14244
907 956 14248 14251
907 957 14255 14258
907 958 14262 14265
907 959 14269 14272
907 960 14276 14279
907 961 14283 14286
907 962 14290 14293
907 963 14297 14300
907 964 14304 14307
907 965 14311 14314
907 966 14318 14321
907 967 14325 14328
907 968 14332 14335
907 969 14339 14342
907 970 14346 14349
907 971 14353 14356
907 972 14360 14363
907 973 14367 14370
907 974 14374 14377
907 975 14381 14384
907 976 14388 14391
907 977 14395 14398
907 978 14402 14405
907 979 14409 14412
907 980 14416 14419
907 981 14423 14426
907 982 14430 14433
907 983 14437 14440
907 984 14444 14447
907 985 14451 14454
907 986 14458 14461
907 987 14465 14468
907 988 14472 14475
907 989 14479 14482
907 990 14486 14489
907 991 14493 14496
907 992 14500 14503
907 993 14507 14510
907 994 14514 14517
907 995 14521 14524
907 996 14528 14531
907 997 14535 14538
907 998 14542 14545
907 999 14549 14552
907 1000 14556 14559
908 938 14563 14566
908 939 14570 14573
908 940 14577 14580
908 941 14584 14587
908 942 14591 14594
908 943 14598 14601
908 944 14605 14608
908 945 14612 14615
908 946 14619 14622
908 947 14626 14629
908 948 14633 14636
908 949 14640 14643
908 950 14647 14650
908 951 14654 14657
908 952 14661 14664
908 953 14668 14671
908 954 14675 14678
908 955 14682 14685
908 956 14689 14692
908 957 14696 14699
908 958 14703 14706
908 959 14710 14713
908 960 14717 14720
908 961 14724 14727
908 962 14731 14734
908 963 14738 14741
908 964 14745 14748
908 965 14752 14755
908 966 14759 14762
908 967 14766 14769
908 968 14773 14776
908 969 14780 14783
908 970 14787 14790
908 971 14794 14797
908 972 14801 14804
908 973 14808 14811
908 974 14815 14818
908 975 14822 14825
908 976 14829 14832
908 977 14836 14839
908 978 14843 14846
908 979 14850 14853
908 980 14857 14860
908 981 14864 14867
908 982 14871 14874
908 983 14878 14881
908 984 14885 14888
908 985 14892 14895
908 986 14899 14902
908 987 14906 14909
908 988 14913 14916
908 989 14920 14923
908 990 14927 14930
908 991 14934 14937
908 992 14941 14944
908 993 14948 14951
908 994 14955 14958
908 995 14962 14965
908 996 14969 14972
908 997 14976 14979
908 998 14983 14986
908 999 14990 14993
908 1000 14997 15000
909 938 15004 15007
909 939 15011 15014
909 940 15018 15021
909 941 15025 15028
909 942 15032 15035
909 943 15039 15042
909 944 15046 15049
909 945 15053 15056
909 946 15060 15063
909 947 15067 15070
909 948 15074 15077
909 949 15081 15084
909 950 15088 15091
909 951 15095 15098
909 952 15102 15105
909 953 15109 15112
909 954 15116 15119
909 955 15123 15126
909 956 15130 15133
909 957 15137 15140
909 958 15144 15147
909 959 15151 15154
909 960 15158 15161
909 961 15165 15168
909 962 15172 15175
909 963 15179 15182
909 964 15186 15189
909 965 15193 15196
909 966 15200 15203
909 967 15207 15210
909 968 15214 15217
909 969 15221 15224
909 970 15228 15231
909 971 15235 15238
909 972 15242 15245
909 973 15249 15252
909 974 15256 15259
909 975 15263 15266
909 976 15270 15273
909 977 15277 15280
909 978 15284 15287
909 979 15291 15294
909 980 15298 15301
909 981 15305 15308
909 982 15312 15315
909 983 15319 15322
909 984 15326 15329
909 985 15333 15336
909 986 15340 15343
909 987 15347 15350
909 988 15354 15357
909 989 15361 15364
909 990 15368 15371
909 991 15375 15378
909 992 15382 15385
909 993 15389 15392
909 994 15396 15399
909 995 15403 15406
909 996 15410 15413
909 997 15417 15420
909 998 15424 15427
909 999 15431 15434
909 1000 15438 15441
910 938 15445 15448
910 939 15452 15455
910 940 15459 15462
910 941 15466 15469
910 942 15473 15476
910 943 15480 15483
910 944 15487 15490
910 945 15494 15497
910 946 15501 15504
910 947 15508 15511
910 948 15515 15518
910 949 15522 15525
910 950 15529 15532
910 951 15536 15539
910 952 15543 15546
910 953 15550 15553
910 954 15557 15560
910 955 15564 15567
910 956 15571 15574
910 957 15578 15581
910 958 15585 15588
910 959 15592 15595
910 960 15599 15602
910 961 15606 15609
910 962 15613 15616
910 963 15620 15623
910 964 15627 15630
910 965 15634 15637
910 966 15641 15644
910 967 15648 15651
910 968 15655 15658
910 969 15662 15665
910 970 15669 15672
910 971 15676 15679
910 972 15683 15686
910 973 15690 15693
910 974 15697 15700
910 975 15704 15707
910 976 15711 15714
910 977 15718 15721
910 978 15725 15728
910 979 15732 15735
910 980 15739 15742
910 981 15746 15749
910 982 15753 15756
910 983 15760 15763
910 984 15767 15770
910 985 15774 15777
910 986 15781 15784
910 987 15788 15791
910 988 15795 15798
910 989 15802 15805
910 990 15809 15812
910 991 15816 15819
910 992 15823 15826
910 993 15830 15833
910 994 15837 15840
910 995 15844 15847
910 996 15851 15854
910 997 15858 15861
910 998 15865 15868
910 999 15872 15875
910 1000 15879 15882
911 938 15886 15889
911 939 15893 15896
911 940 15900 15903
911 941 15907 15910
911 942 15914 15917
911 943 15921 15924
911 944 15928 15931
911 945 15935 15938
911 946 15942 15945
911 947 15949 15952
911 948 15956 15959
911 949 15963 15966
911 950 15970 15973
911 951 15977 15980
911 952 15984 15987
911 953 15991 15994
911 954 15998 16001
911 955 16005 16008
911 956 16012 16015
911 957 16019 16022
911 958 16026 16029
911 959 16033 16036
911 960 16040 16043
911 961 16047 16050
911 962 16054 16057
911 963 16061 16064
911 964 16068 16071
911 965 16075 16078
911 966 16082 16085
911 967 16089 16092
911 968 16096 16099
911 969 16103 16106
911 970 16110 16113
911 971 16117 16120
911 972 16124 16127
911 973 16131 16134
911 974 16138 16141
911 975 16145 16148
911 976 16152 16155
911 977 16159 16162
911 978 16166 16169
911 979 16173 16176
911 980 16180 16183
911 981 16187 16190
911 982 16194 16197
911 983 16201 16204
911 984 16208 16211
911 985 16215 16218
911 986 16222 16225
911 987 16229 16232
911 988 16236 16239
911 989 16243 16246
911 990 16250 16253
911 991 16257 16260
911 992 16264 16267
911 993 16271 16274
911 994 16278 16281
911 995 16285 16288
911 996 16292 16295
911 997 16299 16302
911 998 16306 16309
911 999 16313 16316
911 1000 16320 16323
912 938 16327 16330
912 939 16334 16337
912 940 16341 16344
912 941 16348 16351
912 942 16355 16358
912 943 16362 16365
912 944 16369 16372
912 945 16376 16379
912 946 16383 16386
912 947 16390 16393
912 948 16397 16400
912 949 16404 16407
912 950 16411 16414
912 951 16418 16421
912 952 16425 16428
912 953 16432 16435
912 954 16439 16442
912 955 16446 16449
912 956 16453 16456
912 957 16460 16463
912 958 16467 16470
912 959 16474 16477
912 960 16481 16484
912 961 16488 16491
912 962 16495 16498
912 963 16502 16505
912 964 16509 16512
912 965 16516 16519
912 966 16523 16526
912 967 16530 16533
912 968 16537 16540
912 969 16544 16547
912 970 16551 16554
912 971 16558 16561
912 972 16565 16568
912 973 16572 16575
912 974 16579 16582
912 975 16586 16589
912 976 16593 16596
912 977 16600 16603
912 978 16607 16610
912 979 16614 16617
912 980 16621 16624
912 981 16628 16631
912 982 16635 16638
912 983 16642 16645
912 984 16649 16652
912 985 16656 16659
912 986 16663 16666
912 987 16670 16673
912 988 16677 16680
912 989 16684 16687
912 990 16691 16694
912 991 16698 16701
912 992 16705 16708
912 993 16712 16715
912 994 16719 16722
912 995 16726 16729
912 996 16733 16736
912 997 16740 16743
912 998 16747 16750
912 999 16754 16757
912 1000 16761 16764
913 938 16768 16771
913 939 16775 16778
913 940 16782 16785
913 941 16789 16792
913 942 16796 16799
913 943 16803 16806
913 944 16810 16813
913 945 16817 16820
913 946 16824 16827
913 947 16831 16834
913 948 16838 16841
913 949 16845 16848
913 950 16852 16855
913 951 16859 16862
913 952 16866 16869
913 953 16873 16876
913 954 16880 16883
913 955 16887 16890
913 956 16894 16897
913 957 16901 16904
913 958 16908 16911
913 959 16915 16918
913 960 16922 16925
913 961 16929 16932
913 962 16936 16939
913 963 16943 16946
913 964 16950 16953
913 965 16957 16960
913 966 16964 16967
913 967 16971 16974
913 968 16978 16981
913 969 16985 16988
913 970 16992 16995
913 971 16999 17002
913 972 17006 17009
913 973 17013 17016
913 974 17020 17023
913 975 17027 17030
913 976 17034 17037
913 977 17041 17044
913 978 17048 17051
913 979 17055 17058
913 980 17062 17065
913 981 17069 17072
913 982 17076 17079
913 983 17083 17086
913 984 17090 17093
913 985 17097 17100
913 986 17104 17107
913 987 17111 17114
913 988 17118 17121
913 989 17125 17128
913 990 17132 17135
913 991 17139 17142
913 992 17146 17149
913 993 17153 17156
913 994 17160 17163
913 995 17167 17170
913 996 17174 17177
913 997 17181 17184
913 998 17188 17191
913 999 17195 17198
913 1000 17202 17205
914 938 17209 17212
914 939 17216 17219
914 940 17223 17226
914 941 17230 17233
914 942 17237 17240
914 943 17244 17247
914 944 17251 17254
914 945 17258 17261
914 946 17265 17268
914 947 17272 17275
914 948 17279 17282
914 949 17286 17289
914 950 17293 17296
914 951 17300 17303
914 952 17307 17310
914 953 17314 17317
914 954 17321 17324
914 955 17328 17331
914 956 17335 17338
914 957 17342 17345
914 958 17349 17352
914 959 17356 17359
914 960 17363 17366
914 961 17370 17373
914 962 17377 17380
914 963 17384 17387
914 964 17391 17394
914 965 17398 17401
914 966 17405 17408
914 967 17412 17415
914 968 17419 17422
914 969 17426 17429
914 970 17433 17436
914 971 17440 17443
914 972 17447 17450
914 973 17454 17457
914 974 17461 17464
914 975 17468 17471
914 976 17475 17478
914 977 17482 17485
914 978 17489 17492
914 979 17496 17499
914 980 17503 17506
914 981 17510 17513
914 982 17517 17520
914 983 17524 17527
914 984 17531 17534
914 985 17538 17541
914 986 17545 17548
914 987 17552 17555
914 988 17559 17562
914 989 17566 17569
914 990 17573 17576
914 991 17580 17583
914 992 17587 17590
914 993 17594 17597
914 994 17601 17604
914 995 17608 17611
914 996 17615 17618
914 997 17622 17625
914 998 17629 17632
914 999 17636 17639
914 1000 17643 17646
915 938 17650 17653
915 939 17657 17660
915 940 17664 17667
915 941 17671 17674
915 942 17678 17681
915 943 17685 17688
915 944 17692 17695
915 945 17699 17702
915 946 17706 17709
915 947 17713 17716
915 948 17720 17723
915 949 17727 17730
915 950 17734 17737
915 951 17741 17744
915 952 17748 17751
915 953 17755 17758
915 954 17762 17765
915 955 17769 17772
915 956 17776 17779
915 957 17783 17786
915 958 17790 17793
915 959 17797 17800
915 960 17804 17807
915 961 17811 17814
915 962 17818 17821
915 963 17825 17828
915 964 17832 17835
915 965 17839 17842
915 966 17846 17849
915 967 17853 17856
915 968 17860 17863
915 969 17867 17870
915 970 17874 17877
915 971 17881 17884
915 972 17888 17891
915 973 17895 17898
915 974 17902 17905
915 975 17909 17912
915 976 17916 17919
915 977 17923 17926
915 978 17930 17933
915 979 17937 17940
915 980 17944 17947
915 981 17951 17954
915 982 17958 17961
915 983 17965 17968
915 984 17972 17975
915 985 17979 17982
915 986 17986 17989
915 987 17993 17996
915 988 18000 18003
915 989 18007 18010
915 990 18014 18017
915 991 18021 18024
915 992 18028 18031
915 993 18035 18038
915 994 18042 18045
915 995 18049 18052
915 996 18056 18059
915 997 18063 18066
915 998 18070 18073
915 999 18077 18080
915 1000 18084 18087
916 938 18091 18094
916 939 18098 18101
916 940 18105 18108
916 941 18112 18115
916 942 18119 18122
916 943 18126 18129
916 944 18133 18136
916 945 18140 18143
916 946 18147 18150
916 947 18154 18157
916 948 18161 18164
916 949 18168 18171
916 950 18175 18178
916 951 18182 18185
916 952 18189 18192
916 953 18196 18199
916 954 18203 18206
916 955 18210 18213
916 956 18217 18220
916 957 18224 18227
916 958 18231 18234
916 959 18238 18241
916 960 18245 18248
916 961 18252 18255
916 962 18259 18262
916 963 18266 18269
916 964 18273 18276
916 965 18280 18283
916 966 18287 18290
916 967 18294 18297
916 968 18301 18304
916 969 18308 18311
916 970 18315 18318
916 971 18322 18325
916 972 18329 18332
916 973 18336 18339
916 974 18343 18346
916 975 18350 18353
916 976 18357 18360
916 977 18364 18367
916 978 18371 18374
916 979 18378 18381
916 980 18385 18388
916 981 18392 18395
916 982 18399 18402
916 983 18406 18409
916 984 18413 18416
916 985 18420 18423
916 986 18427 18430
916 987 18434 18437
916 988 18441 18444
916 989 18448 18451
916 990 18455 18458
916 991 18462 18465
916 992 18469 18472
916 993 18476 18479
916 994 18483 18486
916 995 18490 18493
916 996 18497 18500
916 997 18504 18507
916 998 18511 18514
916 999 18518 18521
916 1000 18525 18528
917 938 18532 18535
917 939 18539 18542
917 940 18546 18549
917 941 18553 18556
917 942 18560 18563
917 943 18567 18570
917 944 18574 18577
917 945 18581 18584
917 946 18588 18591
917 947 18595 18598
917 948 18602 18605
917 949 18609 18612
917 950 18616 18619
917 951 18623 18626
917 952 18630 18633
917 953 18637 18640
917 954 18644 18647
917 955 18651 18654
917 956 18658 18661
917 957 18665 18668
917 958 18672 18675
917 959 18679 18682
917 960 18686 18689
917 961 18693 18696
917 962 18700 18703
917 963 18707 18710
917 964 18714 18717
917 965 18721 18724
917 966 18728 18731
917 967 18735 18738
917 968 18742 18745
917 969 18749 18752
917 970 18756 18759
917 971 18763 18766
917 972 18770 18773
917 973 18777 18780
917 974 18784 18787
917 975 18791 18794
917 976 18798 18801
917 977 18805 18808
917 978 18812 18815
917 979 18819 18822
917 980 18826 18829
917 981 18833 18836
917 982 18840 18843
917 983 18847 18850
917 984 18854 18857
917 985 18861 18864
917 986 18868 18871
917 987 18875 18878
917 988 18882 18885
917 989 18889 18892
917 990 18896 18899
917 991 18903 18906
917 992 18910 18913
917 993 18917 18920
917 994 18924 18927
917 995 18931 18934
917 996 18938 18941
917 997 18945 18948
917 998 18952 18955
917 999 18959 18962
917 1000 18966 18969
918 938 18973 18976
918 939 18980 18983
918 940 18987 18990
918 941 18994 18997
918 942 19001 19004
918 943 19008 19011
918 944 19015 19018
918 945 19022 19025
918 946 19029 19032
918 947 19036 19039
918 948 19043 19046
918 949 19050 19053
918 950 19057 19060
918 951 19064 19067
918 952 19071 19074
918 953 19078 19081
918 954 19085 19088
918 955 19092 19095
918 956 19099 19102
918 957 19106 19109
918 958 19113 19116
918 959 19120 19123
918 960 19127 19130
918 961 19134 19137
918 962 19141 19144
918 963 19148 19151
918 964 19155 19158
918 965 19162 19165
918 966 19169 19172
918 967 19176 19179
918 968 19183 19186
918 969 19190 19193
918 970 19197 19200
918 971 19204 19207
918 972 19211 19214
918 973 19218 19221
918 974 19225 19228
918 975 19232 19235
918 976 19239 19242
918 977 19246 19249
918 978 19253 19256
918 979 19260 19263
918 980 19267 19270
918 981 19274 19277
918 982 19281 19284
918 983 19288 19291
918 984 19295 19298
918 985 19302 19305
918 986 19309 19312
918 987 19316 19319
918 988 19323 19326
918 989 19330 19333
918 990 19337 19340
918 991 19344 19347
918 992 19351 19354
918 993 19358 19361
918 994 19365 19368
918 995 19372 19375
918 996 19379 19382
918 997 19386 19389
918 998 19393 19396
918 999 19400 19403
918 1000 19407 19410
919 938 19414 19417
919 939 19421 19424
919 940 19428 19431
919 941 19435 19438
919 942 19442 19445
919 943 19449 19452
919 944 19456 19459
919 945 19463 19466
919 946 19470 19473
919 947 19477 19480
919 948 19484 19487
919 949 19491 19494
919 950 19498 19501
919 951 19505 19508
919 952 19512 19515
919 953 19519 19522
919 954 19526 19529
919 955 19533 19536
919 956 19540 19543
919 957 19547 19550
919 958 19554 19557
919 959 19561 19564
919 960 19568 19571
919 961 19575 19578
919 962 19582 19585
919 963 19589 19592
919 964 19596 19599
919 965 19603 19606
919 966 19610 19613
919 967 19617 19620
919 968 19624 19627
919 969 19631 19634
919 970 19638 19641
919 971 19645 19648
919 972 19652 19655
919 973 19659 19662
919 974 19666 19669
919 975 19673 19676
919 976 19680 19683
919 977 19687 19690
919 978 19694 19697
919 979 19701 19704
919 980 19708 19711
919 981 19715 19718
919 982 19722 19725
919 983 19729 19732
919 984 19736 19739
919 985 19743 19746
919 986 19750 19753
919 987 19757 19760
919 988 19764 19767
919 989 19771 19774
919 990 19778 19781
919 991 19785 19788
919 992 19792 19795
919 993 19799 19802
919 994 19806 19809
919 995 19813 19816
919 996 19820 19823
919 997 19827 19830
919 998 19834 19837
919 999 19841 19844
919 1000 19848 19851
920 938 19855 19858
920 939 19862 19865
920 940 19869 19872
920 941 19876 19879
920 942 19883 19886
920 943 19890 19893
920 944 19897 19900
920 945 19904 19907
920 946 19911 19914
920 947 19918 19921
920 948 19925 19928
920 949 19932 19935
920 950 19939 19942
920 951 19946 19949
920 952 19953 19956
920 953 19960 19963
920 954 19967 19970
920 955 19974 19977
920 956 19981 19984
920 957 19988 19991
920 958 19995 19998
920 959 20002 20005
920 960 20009 20012
920 961 20016 20019
920 962 20023 20026
920 963 20030 20033
920 964 20037 20040
920 965 20044 20047
920 966 20051 20054
920 967 20058 20061
920 968 20065 20068
920 969 20072 20075
920 970 20079 20082
920 971 20086 20089
920 972 20093 20096
920 973 20100 20103
920 974 20107 20110
920 975 20114 20117
920 976 20121 20124
920 977 20128 20131
920 978 20135 20138
920 979 20142 20145
920 980 20149 20152
920 981 20156 20159
920 982 20163 20166
920 983 20170 20173
920 984 20177 20180
920 985 20184 20187
920 986 20191 20194
920 987 20198 20201
920 988 20205 20208
920 989 20212 20215
920 990 20219 20222
920 991 20226 20229
920 992 20233 20236
920 993 20240 20243
920 994 20247 20250
920 995 20254 20257
920 996 20261 20264
920 997 20268 20271
920 998 20275 20278
920 999 20282 20285
920 1000 20289 20292
921 938 20296 20299
921 939 20303 20306
921 940 20310 20313
921 941 20317 20320
921 942 20324 20327
921 943 20331 20334
921 944 20338 20341
921 945 20345 20348
921 946 20352 20355
921 947 20359 20362
921 948 20366 20369
921 949 20373 20376
921 950 20380 20383
921 951 20387 20390
921 952 20394 20397
921 953 20401 20404
921 954 20408 20411
921 955 20415 20418
921 956 20422 20425
921 957 20429 20432
921 958 20436 20439
921 959 20443 20446
921 960 20450 20453
921 961 20457 20460
921 962 20464 20467
921 963 20471 20474
921 964 20478 20481
921 965 20485 20488
921 966 20492 20495
921 967 20499 20502
921 968 20506 20509
921 969 20513 20516
921 970 20520 20523
921 971 20527 20530
921 972 20534 20537
921 973 20541 20544
921 974 20548 20551
921 975 20555 20558
921 976 20562 20565
921 977 20569 20572
921 978 20576 20579
921 979 20583 20586
921 980 20590 20593
921 981 20597 20600
921 982 20604 20607
921 983 20611 20614
921 984 20618 20621
921 985 20625 20628
921 986 20632 20635
921 987 20639 20642
921 988 20646 20649
921 989 20653 20656
921 990 20660 20663
921 991 20667 20670
921 992 20674 20677
921 993 20681 20684
921 994 20688 20691
921 995 20695 20698
921 996 20702 20705
921 997 20709 20712
921 998 20716 20719
921 999 20723 20726
921 1000 20730 20733
922 938 20737 20740
922 939 20744 20747
922 940 20751 20754
922 941 20758 20761
922 942 20765 20768
922 943 20772 20775
922 944 20779 20782
922 945 20786 20789
922 946 20793 20796
922 947 20800 20803
922 948 20807 20810
922 949 20814 20817
922 950 20821 20824
922 951 20828 20831
922 952 20835 20838
922 953 20842 20845
922 954 20849 20852
922 955 20856 20859
922 956 20863 20866
922 957 20870 20873
922 958 20877 20880
922 959 20884 20887
922 960 20891 20894
922 961 20898 20901
922 962 20905 20908
922 963 20912 20915
922 964 20919 20922
922 965 20926 20929
922 966 20933 20936
922 967 20940 20943
922 968 20947 20950
922 969 20954 20957
922 970 20961 20964
922 971 20968 20971
922 972 20975 20978
922 973 20982 20985
922 974 20989 20992
922 975 20996 20999
922 976 21003 21006
922 977 21010 21013
922 978 21017 21020
922 979 21024 21027
922 980 21031 21034
922 981 21038 21041
922 982 21045 21048
922 983 21052 21055
922 984 21059 21062
922 985 21066 21069
922 986 21073 21076
922 987 21080 21083
922 988 21087 21090
922 989 21094 21097
922 990 21101 21104
922 991 21108 21111
922 992 21115 21118
922 993 21122 21125
922 994 21129 21132
922 995 21136 21139
922 996 21143 21146
922 997 21150 21153
922 998 21157 21160
922 999 21164 21167
922 1000 21171 21174
923 938 21178 21181
923 939 21185 21188
923 940 21192 21195
923 941 21199 21202
923 942 21206 21209
923 943 21213 21216
923 944 21220 21223
923 945 21227 21230
923 946 21234 21237
923 947 21241 21244
923 948 21248 21251
923 949 21255 21258
923 950 21262 21265
923 951 21269 21272
923 952 21276 21279
923 953 21283 21286
923 954 21290 21293
923 955 21297 21300
923 956 21304 21307
923 957 21311 21314
923 958 21318 21321
923 959 21325 21328
923 960 21332 21335
923 961 21339 21342
923 962 21346 21349
923 963 21353 21356
923 964 21360 21363
923 965 21367 21370
923 966 21374 21377
923 967 21381 21384
923 968 21388 21391
923 969 21395 21398
923 970 21402 21405
923 971 21409 21412
923 972 21416 21419
923 973 21423 21426
923 974 21430 21433
923 975 21437 21440
923 976 21444 21447
923 977 21451 21454
923 978 21458 21461
923 979 21465 21468
923 980 21472 21475
923 981 21479 21482
923 982 21486 21489
923 983 21493 21496
923 984 21500 21503
923 985 21507 21510
923 986 21514 21517
923 987 21521 21524
923 988 21528 21531
923 989 21535 21538
923 990 21542 21545
923 991 21549 21552
923 992 21556 21559
923 993 21563 21566
923 994 21570 21573
923 995 21577 21580
923 996 21584 21587
923 997 21591 21594
923 998 21598 21601
923 999 21605 21608
923 1000 21612 21615
924 938 21619 21622
924 939 21626 21629
924 940 21633 21636
924 941 21640 21643
924 942 21647 21650
924 943 21654 21657
924 944 21661 21664
924 945 21668 21671
924 946 21675 21678
924 947 21682 21685
924 948 21689 21692
924 949 21696 21699
924 950 21703 21706
924 951 21710 21713
924 952 21717 21720
924 953 21724 21727
924 954 21731 21734
924 955 21738 21741
924 956 21745 21748
924 957 21752 21755
924 958 21759 21762
924 959 21766 21769
924 960 21773 21776
924 961 21780 21783
924 962 21787 21790
924 963 21794 21797
924 964 21801 21804
924 965 21808 21811
924 966 21815 21818
924 967 21822 21825
924 968 21829 21832
924 969 21836 21839
924 970 21843 21846
924 971 21850 21853
924 972 21857 21860
924 973 21864 21867
924 974 21871 21874
924 975 21878 21881
924 976 21885 21888
924 977 21892 21895
924 978 21899 21902
924 979 21906 21909
924 980 21913 21916
924 981 21920 21923
924 982 21927 21930
924 983 21934 21937
924 984 21941 21944
924 985 21948 21951
924 986 21955 21958
924 987 21962 21965
924 988 21969 21972
924 989 21976 21979
924 990 21983 21986
924 991 21990 21993
924 992 21997 22000
924 993 22004 22007
924 994 22011 22014
924 995 22018 22021
924 996 22025 22028
924 997 22032 22035
924 998 22039 22042
924 999 22046 22049
924 1000 22053 22056
925 938 22060 22063
925 939 22067 22070
925 940 22074 22077
925 941 22081 22084
925 942 22088 22091
925 943 22095 22098
925 944 22102 22105
925 945 22109 22112
925 946 22116 22119
925 947 22123 22126
925 948 22130 22133
925 949 22137 22140
925 950 22144 22147
925 951 22151 22154
925 952 22158 22161
925 953 22165 22168
925 954 22172 22175
925 955 22179 22182
925 956 22186 22189
925 957 22193 22196
925 958 22200 22203
925 959 22207 22210
925 960 22214 22217
925 961 22221 22224
925 962 22228 22231
925 963 22235 22238
925 964 22242 22245
925 965 22249 22252
925 966 22256 22259
925 967 22263 22266
925 968 22270 22273
925 969 22277 22280
925 970 22284 22287
925 971 22291 22294
925 972 22298 22301
925 973 22305 22308
925 974 22312 22315
925 975 22319 22322
925 976 22326 22329
925 977 22333 22336
925 978 22340 22343
925 979 22347 22350
925 980 22354 22357
925 981 22361 22364
925 982 22368 22371
925 983 22375 22378
925 984 22382 22385
925 985 22389 22392
925 986 22396 22399
925 987 22403 22406
925 988 22410 22413
925 989 22417 22420
925 990 22424 22427
925 991 22431 22434
925 992 22438 22441
925 993 22445 22448
925 994 22452 22455
925 995 22459 22462
925 996 22466 22469
925 997 22473 22476
925 998 22480 22483
925 999 22487 22490
925 1000 22494 22497
926 938 22501 22504
926 939 22508 22511
926 940 22515 22518
926 941 22522 22525
926 942 22529 22532
926 943 22536 22539
926 944 22543 22546
926 945 22550 22553
926 946 22557 22560
926 947 22564 22567
926 948 22571 22574
926 949 22578 22581
926 950 22585 22588
926 951 22592 22595
926 952 22599 22602
926 953 22606 22609
926 954 22613 22616
926 955 22620 22623
926 956 22627 22630
926 957 22634 22637
926 958 22641 22644
926 959 22648 22651
926 960 22655 22658
926 961 22662 22665
926 962 22669 22672
926 963 22676 22679
926 964 22683 22686
926 965 22690 22693
926 966 22697 22700
926 967 22704 22707
926 968 22711 22714
926 969 22718 22721
926 970 22725 22728
926 971 22732 22735
926 972 22739 22742
926 973 22746 22749
926 974 22753 22756
926 975 22760 22763
926 976 22767 22770
926 977 22774 22777
926 978 22781 22784
926 979 22788 22791
926 980 22795 22798
926 981 22802 22805
926 982 22809 22812
926 983 22816 22819
926 984 22823 22826
926 985 22830 22833
926 986 22837 22840
926 987 22844 22847
926 988 22851 22854
926 989 22858 22861
926 990 22865 22868
926 991 22872 22875
926 992 22879 22882
926 993 22886 22889
926 994 22893 22896
926 995 22900 22903
926 996 22907 22910
926 997 22914 22917
926 998 22921 22924
926 999 22928 22931
926 1000 22935 22938
927 938 22942 22945
927 939 22949 22952
927 940 22956 22959
927 941 22963 22966
927 942 22970 22973
927 943 22977 22980
927 944 22984 22987
927 945 22991 22994
927 946 22998 23001
927 947 23005 23008
927 948 23012 23015
927 949 23019 23022
927 950 23026 23029
927 951 23033 23036
927 952 23040 23043
927 953 23047 23050
927 954 23054 23057
927 955 23061 23064
927 956 23068 23071
927 957 23075 23078
927 958 23082 23085
927 959 23089 23092
927 960 23096 23099
927 961 23103 23106
927 962 23110 23113
927 963 23117 23120
927 964 23124 23127
927 965 23131 23134
927 966 23138 23141
927 967 23145 23148
927 968 23152 23155
927 969 23159 23162
927 970 23166 23169
927 971 23173 23176
927 972 23180 23183
927 973 23187 23190
927 974 23194 23197
927 975 23201 23204
927 976 23208 23211
927 977 23215 23218
927 978 23222 23225
927 979 23229 23232
927 980 23236 23239
927 981 23243 23246
927 982 23250 23253
927 983 23257 23260
927 984 23264 23267
927 985 23271 23274
927 986 23278 23281
927 987 23285 23288
927 988 23292 23295
927 989 23299 23302
927 990 23306 23309
927 991 23313 23316
927 992 23320 23323
927 993 23327 23330
927 994 23334 23337
927 995 23341 23344
927 996 23348 23351
927 997 23355 23358
927 998 23362 23365
927 999 23369 23372
927 1000 23376 23379
928 938 23383 23386
928 939 23390 23393
928 940 23397 23400
928 941 23404 23407
928 942 23411 23414
928 943 23418 23421
928 944 23425 23428
928 945 23432 23435
928 946 23439 23442
928 947 23446 23449
928 948 23453 23456
928 949 23460 23463
928 950 23467 23470
928 951 23474 23477
928 952 23481 23484
928 953 23488 23491
928 954 23495 23498
928 955 23502 23505
928 956 23509 23512
928 957 23516 23519
928 958 23523 23526
928 959 23530 23533
928 960 23537 23540
928 961 23544 23547
928 962 23551 23554
928 963 23558 23561
928 964 23565 23568
928 965 23572 23575
928 966 23579 23582
928 967 23586 23589
928 968 23593 23596
928 969 23600 23603
928 970 23607 23610
928 971 23614 23617
928 972 23621 23624
928 973 23628 23631
928 974 23635 23638
928 975 23642 23645
928 976 23649 23652
928 977 23656 23659
928 978 23663 23666
928 979 23670 23673
928 980 23677 23680
928 981 23684 23687
928 982 23691 23694
928 983 23698 23701
928 984 23705 23708
928 985 23712 23715
928 986 23719 23722
928 987 23726 23729
928 988 23733 23736
928 989 23740 23743
928 990 23747 23750
928 991 23754 23757
928 992 23761 23764
928 993 23768 23771
928 994 23775 23778
928 995 23782 23785
928 996 23789 23792
928 997 23796 23799
928 998 23803 23806
928 999 23810 23813
928 1000 23817 23820
929 938 23824 23827
929 939 23831 23834
929 940 23838 23841
929 941 23845 23848
929 942 23852 23855
929 943 23859 23862
929 944 23866 23869
929 945 23873 23876
929 946 23880 23883
929 947 23887 23890
929 948 23894 23897
929 949 23901 23904
929 950 23908 23911
929 951 23915 23918
929 952 23922 23925
929 953 23929 23932
929 954 23936 23939
929 955 23943 23946
929 956 23950 23953
929 957 23957 23960
929 958 23964 23967
929 959 23971 23974
929 960 23978 23981
929 961 23985 23988
929 962 23992 23995
929 963 23999 24002
929 964 24006 24009
929 965 24013 24016
929 966 24020 24023
929 967 24027 24030
929 968 24034 24037
929 969 24041 24044
929 970 24048 24051
929 971 24055 24058
929 972 24062 24065
929 973 24069 24072
929 974 24076 24079
929 975 24083 24086
929 976 24090 24093
929 977 24097 24100
929 978 24104 24107
929 979 24111 24114
929 980 24118 24121
929 981 24125 24128
929 982 24132 24135
929 983 24139 24142
929 984 24146 24149
929 985 24153 24156
929 986 24160 24163
929 987 24167 24170
929 988 24174 24177
929 989 24181 24184
929 990 24188 24191
929 991 24195 24198
929 992 24202 24205
929 993 24209 24212
929 994 24216 24219
929 995 24223 24226
929 996 24230 24233
929 997 24237 24240
929 998 24244 24247
929 999 24251 24254
929 1000 24258 24261
930 938 24265 24268
930 939 24272 24275
930 940 24279 24282
930 941 24286 24289
930 942 24293 24296
930 943 24300 24303
930 944 24307 24310
930 945 24314 24317
930 946 24321 24324
930 947 24328 24331
930 948 24335 24338
930 949 24342 24345
930 950 24349 24352
930 951 24356 24359
930 952 24363 24366
930 953 24370 24373
930 954 24377 24380
930 955 24384 24387
930 956 24391 24394
930 957 24398 24401
930 958 24405 24408
930 959 24412 24415
930 960 24419 24422
930 961 24426 24429
930 962 24433 24436
930 963 24440 24443
930 964 24447 24450
930 965 24454 24457
930 966 24461 24464
930 967 24468 24471
930 968 24475 24478
930 969 24482 24485
930 970 24489 24492
930 971 24496 24499
930 972 24503 24506
930 973 24510 24513
930 974 24517 24520
930 975 24524 24527
930 976 24531 24534
930 977 24538 24541
930 978 24545 24548
930 979 24552 24555
930 980 24559 24562
930 981 24566 24569
930 982 24573 24576
930 983 24580 24583
930 984 24587 24590
930 985 24594 24597
930 986 24601 24604
930 987 24608 24611
930 988 24615 24618
930 989 24622 24625
930 990 24629 24632
930 991 24636 24639
930 992 24643 24646
930 993 24650 24653
930 994 24657 24660
930 995 24664 24667
930 996 24671 24674
930 997 24678 24681
930 998 24685 24688
930 999 24692 24695
930 1000 24699 24702
931 938 24706 24709
931 939 24713 24716
931 940 24720 24723
931 941 24727 24730
931 942 24734 24737
931 943 24741 24744
931 944 24748 24751
931 945 24755 24758
931 946 24762 24765
931 947 24769 24772
931 948 24776 24779
931 949 24783 24786
931 950 24790 24793
931 951 24797 24800
931 952 24804 24807
931 953 24811 24814
931 954 24818 24821
931 955 24825 24828
931 956 24832 24835
931 957 24839 24842
931 958 24846 24849
931 959 24853 24856
931 960 24860 24863
931 961 24867 24870
931 962 24874 24877
931 963 24881 24884
931 964 24888 24891
931 965 24895 24898
931 966 24902 24905
931 967 24909 24912
931 968 24916 24919
931 969 24923 24926
931 970 24930 24933
931 971 24937 24940
931 972 24944 24947
931 973 24951 24954
931 974 24958 24961
931 975 24965 24968
931 976 24972 24975
931 977 24979 24982
931 978 24986 24989
931 979 24993 24996
931 980 25000 25003
931 981 25007 25010
931 982 25014 25017
931 983 25021 25024
931 984 25028 25031
931 985 25035 25038
931 986 25042 25045
931 987 25049 25052
931 988 25056 25059
931 989 25063 25066
931 990 25070 25073
931 991 25077 25080
931 992 25084 25087
931 993 25091 25094
931 994 25098 25101
931 995 25105 25108
931 996 25112 25115
931 997 25119 25122
931 998 25126 25129
931 999 25133 25136
931 1000 25140 25143
932 938 25147 25150
932 939 25154 25157
932 940 25161 25164
932 941 25168 25171
932 942 25175 25178
932 943 25182 25185
932 944 25189 25192
932 945 25196 25199
932 946 25203 25206
932 947 25210 25213
932 948 25217 25220
932 949 25224 25227
932 950 25231 25234
932 951 25238 25241
932 952 25245 25248
932 953 25252 25255
932 954 25259 25262
932 955 25266 25269
932 956 25273 25276
932 957 25280 25283
932 958 25287 25290
932 959 25294 25297
932 960 25301 25304
932 961 25308 25311
932 962 25315 25318
932 963 25322 25325
932 964 25329 25332
932 965 25336 25339
932 966 25343 25346
932 967 25350 25353
932 968 25357 25360
932 969 25364 25367
932 970 25371 25374
932 971 25378 25381
932 972 25385 25388
932 973 25392 25395
932 974 25399 25402
932 975 25406 25409
932 976 25413 25416
932 977 25420 25423
932 978 25427 25430
932 979 25434 25437
932 980 25441 25444
932 981 25448 25451
932 982 25455 25458
932 983 25462 25465
932 984 25469 25472
932 985 25476 25479
932 986 25483 25486
932 987 25490 25493
932 988 25497 25500
932 989 25504 25507
932 990 25511 25514
932 991 25518 25521
932 992 25525 25528
932 993 25532 25535
932 994 25539 25542
932 995 25546 25549
932 996 25553 25556
932 997 25560 25563
932 998 25567 25570
932 999 25574 25577
932 1000 25581 25584
933 938 25588 25591
933 939 25595 25598
933 940 25602 25605
933 941 25609 25612
933 942 25616 25619
933 943 25623 25626
933 944 25630 25633
933 945 25637 25640
933 946 25644 25647
933 947 25651 25654
933 948 25658 25661
933 949 25665 25668
933 950 25672 25675
933 951 25679 25682
933 952 25686 25689
933 953 25693 25696
933 954 25700 25703
933 955 25707 25710
933 956 25714 25717
933 957 25721 25724
933 958 25728 25731
933 959 25735 25738
933 960 25742 25745
933 961 25749 25752
933 962 25756 25759
933 963 25763 25766
933 964 25770 25773
933 965 25777 25780
933 966 25784 25787
933 967 25791 25794
933 968 25798 25801
933 969 25805 25808
933 970 25812 25815
933 971 25819 25822
933 972 25826 25829
933 973 25833 25836
933 974 25840 25843
933 975 25847 25850
933 976 25854 25857
933 977 25861 25864
933 978 25868 25871
933 979 25875 25878
933 980 25882 25885
933 981 25889 25892
933 982 25896 25899
933 983 25903 25906
933 984 25910 25913
933 985 25917 25920
933 986 25924 25927
933 987 25931 25934
933 988 25938 25941
933 989 25945 25948
933 990 25952 25955
933 991 25959 25962
933 992 25966 25969
933 993 25973 25976
933 994 25980 25983
933 995 25987 25990
933 996 25994 25997
933 997 26001 26004
933 998 26008 26011
933 999 26015 26018
933 1000 26022 26025
934 938 26029 26032
934 939 26036 26039
934 940 26043 26046
934 941 26050 26053
934 942 26057 26060
934 943 26064 26067
934 944 26071 26074
934 945 26078 26081
934 946 26085 26088
934 947 26092 26095
934 948 26099 26102
934 949 26106 26109
934 950 26113 26116
934 951 26120 26123
934 952 26127 26130
934 953 26134 26137
934 954 26141 26144
934 955 26148 26151
934 956 26155 26158
934 957 26162 26165
934 958 26169 26172
934 959 26176 26179
934 960 26183 26186
934 961 26190 26193
934 962 26197 26200
934 963 26204 26207
934 964 26211 26214
934 965 26218 26221
934 966 26225 26228
934 967 26232 26235
934 968 26239 26242
934 969 26246 26249
934 970 26253 26256
934 971 26260 26263
934 972 26267 26270
934 973 26274 26277
934 974 26281 26284
934 975 26288 26291
934 976 26295 26298
934 977 26302 26305
934 978 26309 26312
934 979 26316 26319
934 980 26323 26326
934 981 26330 26333
934 982 26337 26340
934 983 26344 26347
934 984 26351 26354
934 985 26358 26361
934 986 26365 26368
934 987 26372 26375
934 988 26379 26382
934 989 26386 26389
934 990 26393 26396
934 991 26400 26403
934 992 26407 26410
934 993 26414 26417
934 994 26421 26424
934 995 26428 26431
934 996 26435 26438
934 997 26442 26445
934 998 26449 26452
934 999 26456 26459
934 1000 26463 26466
935 938 26470 26473
935 939 26477 26480
935 940 26484 26487
935 941 26491 26494
935 942 26498 26501
935 943 26505 26508
935 944 26512 26515
935 945 26519 26522
935 946 26526 26529
935 947 26533 26536
935 948 26540 26543
935 949 26547 26550
935 950 26554 26557
935 951 26561 26564
935 952 26568 26571
935 953 26575 26578
935 954 26582 26585
935 955 26589 26592
935 956 26596 26599
935 957 26603 26606
935 958 26610 26613
935 959 26617 26620
935 960 26624 26627
935 961 26631 26634
935 962 26638 26641
935 963 26645 26648
935 964 26652 26655
935 965 26659 26662
935 966 26666 26669
935 967 26673 26676
935 968 26680 26683
935 969 26687 26690
935 970 26694 26697
935 971 26701 26704
935 972 26708 26711
935 973 26715 26718
935 974 26722 26725
935 975 26729 26732
935 976 26736 26739
935 977 26743 26746
935 978 26750 26753
935 979 26757 26760
935 980 26764 26767
935 981 26771 26774
935 982 26778 26781
935 983 26785 26788
935 984 26792 26795
935 985 26799 26802
935 986 26806 26809
935 987 26813 26816
935 988 26820 26823
935 989 26827 26830
935 990 26834 26837
935 991 26841 26844
935 992 26848 26851
935 993 26855 26858
935 994 26862 26865
935 995 26869 26872
935 996 26876 26879
935 997 26883 26886
935 998 26890 26893
935 999 26897 26900
935 1000 26904 26907
936 938 26911 26914
936 939 26918 26921
936 940 26925 26928
936 941 26932 26935
936 942 26939 26942
936 943 26946 26949
936 944 26953 26956
936 945 26960 26963
936 946 26967 26970
936 947 26974 26977
936 948 26981 26984
936 949 26988 26991
936 950 26995 26998
936 951 27002 27005
936 952 27009 27012
936 953 27016 27019
936 954 27023 27026
936 955 27030 27033
936 956 27037 27040
936 957 27044 27047
936 958 27051 27054
936 959 27058 27061
936 960 27065 27068
936 961 27072 27075
936 962 27079 27082
936 963 27086 27089
936 964 27093 27096
936 965 27100 27103
936 966 27107 27110
936 967 27114 27117
936 968 27121 27124
936 969 27128 27131
936 970 27135 27138
936 971 27142 27145
936 972 27149 27152
936 973 27156 27159
936 974 27163 27166
936 975 27170 27173
936 976 27177 27180
936 977 27184 27187
936 978 27191 27194
936 979 27198 27201
936 980 27205 27208
936 981 27212 27215
936 982 27219 27222
936 983 27226 27229
936 984 27233 27236
936 985 27240 27243
936 986 27247 27250
936 987 27254 27257
936 988 27261 27264
936 989 27268 27271
936 990 27275 27278
936 991 27282 27285
936 992 27289 27292
936 993 27296 27299
936 994 27303 27306
936 995 27310 27313
936 996 27317 27320
936 997 27324 27327
936 998 27331 27334
936 999 27338 27341
936 1000 27345 27348
937 938 27352 27355
937 939 27359 27362
937 940 27366 27369
937 941 27373 27376
937 942 27380 27383
937 943 27387 27390
937 944 27394 27397
937 945 27401 27404
937 946 27408 27411
937 947 27415 27418
937 948 27422 27425
937 949 27429 27432
937 950 27436 27439
937 951 27443 27446
937 952 27450 27453
937 953 27457 27460
937 954 27464 27467
937 955 27471 27474
937 956 27478 27481
937 957 27485 27488
937 958 27492 27495
937 959 27499 27502
937 960 27506 27509
937 961 27513 27516
937 962 27520 27523
937 963 27527 27530
937 964 27534 27537
937 965 27541 27544
937 966 27548 27551
937 967 27555 27558
937 968 27562 27565
937 969 27569 27572
937 970 27576 27579
937 971 27583 27586
937 972 27590 27593
937 973 27597 27600
937 974 27604 27607
937 975 27611 27614
937 976 27618 27621
937 977 27625 27628
937 978 27632 27635
937 979 27639 27642
937 980 27646 27649
937 981 27653 27656
937 982 27660 27663
937 983 27667 27670
937 984 27674 27677
937 985 27681 27684
937 986 27688 27691
937 987 27695 27698
937 988 27702 27705
937 989 27709 27712
937 990 27716 27719
937 991 27723 27726
937 992 27730 27733
937 993 27737 27740
937 994 27744 27747
937 995 27751 27754
937 996 27758 27761
937 997 27765 27768
937 998 27772 27775
937 999 27779 27782
937 1000 27786 27789
