1000 1997 10000000
1 1000
1 2 10001 19999
1 3 20001 29999
1 4 30001 39999
1 5 40001 49999
1 6 50001 59999
1 7 60001 69999
1 8 70001 79999
1 9 80001 89999
1 10 90001 99999
1 11 100001 109999
1 12 110001 119999
1 13 120001 129999
1 14 130001 139999
1 15 140001 149999
1 16 150001 159999
1 17 160001 169999
1 18 170001 179999
1 19 180001 189999
1 20 190001 199999
1 21 200001 209999
1 22 210001 219999
1 23 220001 229999
1 24 230001 239999
1 25 240001 249999
1 26 250001 259999
1 27 260001 269999
1 28 270001 279999
1 29 280001 289999
1 30 290001 299999
1 31 300001 309999
1 32 310001 319999
1 33 320001 329999
1 34 330001 339999
1 35 340001 349999
1 36 350001 359999
1 37 360001 369999
1 38 370001 379999
1 39 380001 389999
1 40 390001 399999
1 41 400001 409999
1 42 410001 419999
1 43 420001 429999
1 44 430001 439999
1 45 440001 449999
1 46 450001 459999
1 47 460001 469999
1 48 470001 479999
1 49 480001 489999
1 50 490001 499999
1 51 500001 509999
1 52 510001 519999
1 53 520001 529999
1 54 530001 539999
1 55 540001 549999
1 56 550001 559999
1 57 560001 569999
1 58 570001 579999
1 59 580001 589999
1 60 590001 599999
1 61 600001 609999
1 62 610001 619999
1 63 620001 629999
1 64 630001 639999
1 65 640001 649999
1 66 650001 659999
1 67 660001 669999
1 68 670001 679999
1 69 680001 689999
1 70 690001 699999
1 71 700001 709999
1 72 710001 719999
1 73 720001 729999
1 74 730001 739999
1 75 740001 749999
1 76 750001 759999
1 77 760001 769999
1 78 770001 779999
1 79 780001 789999
1 80 790001 799999
1 81 800001 809999
1 82 810001 819999
1 83 820001 829999
1 84 830001 839999
1 85 840001 849999
1 86 850001 859999
1 87 860001 869999
1 88 870001 879999
1 89 880001 889999
1 90 890001 899999
1 91 900001 909999
1 92 910001 919999
1 93 920001 929999
1 94 930001 939999
1 95 940001 949999
1 96 950001 959999
1 97 960001 969999
1 98 970001 979999
1 99 980001 989999
1 100 990001 999999
1 101 1000001 1009999
1 102 1010001 1019999
1 103 1020001 1029999
1 104 1030001 1039999
1 105 1040001 1049999
1 106 1050001 1059999
1 107 1060001 1069999
1 108 1070001 1079999
1 109 1080001 1089999
1 110 1090001 1099999
1 111 1100001 1109999
1 112 1110001 1119999
1 113 1120001 1129999
1 114 1130001 1139999
1 115 1140001 1149999
1 116 1150001 1159999
1 117 1160001 1169999
1 118 1170001 1179999
1 119 1180001 1189999
1 120 1190001 1199999
1 121 1200001 1209999
1 122 1210001 1219999
1 123 1220001 1229999
1 124 1230001 1239999
1 125 1240001 1249999
1 126 1250001 1259999
1 127 1260001 1269999
1 128 1270001 1279999
1 129 1280001 1289999
1 130 1290001 1299999
1 131 1300001 1309999
1 132 1310001 1319999
1 133 1320001 1329999
1 134 1330001 1339999
1 135 1340001 1349999
1 136 1350001 1359999
1 137 1360001 1369999
1 138 1370001 1379999
1 139 1380001 1389999
1 140 1390001 1399999
1 141 1400001 1409999
1 142 1410001 1419999
1 143 1420001 1429999
1 144 1430001 1439999
1 145 1440001 1449999
1 146 1450001 1459999
1 147 1460001 1469999
1 148 1470001 1479999
1 149 1480001 1489999
1 150 1490001 1499999
1 151 1500001 1509999
1 152 1510001 1519999
1 153 1520001 1529999
1 154 1530001 1539999
1 155 1540001 1549999
1 156 1550001 1559999
1 157 1560001 1569999
1 158 1570001 1579999
1 159 1580001 1589999
1 160 1590001 1599999
1 161 1600001 1609999
1 162 1610001 1619999
1 163 1620001 1629999
1 164 1630001 1639999
1 165 1640001 1649999
1 166 1650001 1659999
1 167 1660001 1669999
1 168 1670001 1679999
1 169 1680001 1689999
1 170 1690001 1699999
1 171 1700001 1709999
1 172 1710001 1719999
1 173 1720001 1729999
1 174 1730001 1739999
1 175 1740001 1749999
1 176 1750001 1759999
1 177 1760001 1769999
1 178 1770001 1779999
1 179 1780001 1789999
1 180 1790001 1799999
1 181 1800001 1809999
1 182 1810001 1819999
1 183 1820001 1829999
1 184 1830001 1839999
1 185 1840001 1849999
1 186 1850001 1859999
1 187 1860001 1869999
1 188 1870001 1879999
1 189 1880001 1889999
1 190 1890001 1899999
1 191 1900001 1909999
1 192 1910001 1919999
1 193 1920001 1929999
1 194 1930001 1939999
1 195 1940001 1949999
1 196 1950001 1959999
1 197 1960001 1969999
1 198 1970001 1979999
1 199 1980001 1989999
1 200 1990001 1999999
1 201 2000001 2009999
1 202 2010001 2019999
1 203 2020001 2029999
1 204 2030001 2039999
1 205 2040001 2049999
1 206 2050001 2059999
1 207 2060001 2069999
1 208 2070001 2079999
1 209 2080001 2089999
1 210 2090001 2099999
1 211 2100001 2109999
1 212 2110001 2119999
1 213 2120001 2129999
1 214 2130001 2139999
1 215 2140001 2149999
1 216 2150001 2159999
1 217 2160001 2169999
1 218 2170001 2179999
1 219 2180001 2189999
1 220 2190001 2199999
1 221 2200001 2209999
1 222 2210001 2219999
1 223 2220001 2229999
1 224 2230001 2239999
1 225 2240001 2249999
1 226 2250001 2259999
1 227 2260001 2269999
1 228 2270001 2279999
1 229 2280001 2289999
1 230 2290001 2299999
1 231 2300001 2309999
1 232 2310001 2319999
1 233 2320001 2329999
1 234 2330001 2339999
1 235 2340001 2349999
1 236 2350001 2359999
1 237 2360001 2369999
1 238 2370001 2379999
1 239 2380001 2389999
1 240 2390001 2399999
1 241 2400001 2409999
1 242 2410001 2419999
1 243 2420001 2429999
1 244 2430001 2439999
1 245 2440001 2449999
1 246 2450001 2459999
1 247 2460001 2469999
1 248 2470001 2479999
1 249 2480001 2489999
1 250 2490001 2499999
1 251 2500001 2509999
1 252 2510001 2519999
1 253 2520001 2529999
1 254 2530001 2539999
1 255 2540001 2549999
1 256 2550001 2559999
1 257 2560001 2569999
1 258 2570001 2579999
1 259 2580001 2589999
1 260 2590001 2599999
1 261 2600001 2609999
1 262 2610001 2619999
1 263 2620001 2629999
1 264 2630001 2639999
1 265 2640001 2649999
1 266 2650001 2659999
1 267 2660001 2669999
1 268 2670001 2679999
1 269 2680001 2689999
1 270 2690001 2699999
1 271 2700001 2709999
1 272 2710001 2719999
1 273 2720001 2729999
1 274 2730001 2739999
1 275 2740001 2749999
1 276 2750001 2759999
1 277 2760001 2769999
1 278 2770001 2779999
1 279 2780001 2789999
1 280 2790001 2799999
1 281 2800001 2809999
1 282 2810001 2819999
1 283 2820001 2829999
1 284 2830001 2839999
1 285 2840001 2849999
1 286 2850001 2859999
1 287 2860001 2869999
1 288 2870001 2879999
1 289 2880001 2889999
1 290 2890001 2899999
1 291 2900001 2909999
1 292 2910001 2919999
1 293 2920001 2929999
1 294 2930001 2939999
1 295 2940001 2949999
1 296 2950001 2959999
1 297 2960001 2969999
1 298 2970001 2979999
1 299 2980001 2989999
1 300 2990001 2999999
1 301 3000001 3009999
1 302 3010001 3019999
1 303 3020001 3029999
1 304 3030001 3039999
1 305 3040001 3049999
1 306 3050001 3059999
1 307 3060001 3069999
1 308 3070001 3079999
1 309 3080001 3089999
1 310 3090001 3099999
1 311 3100001 3109999
1 312 3110001 3119999
1 313 3120001 3129999
1 314 3130001 3139999
1 315 3140001 3149999
1 316 3150001 3159999
1 317 3160001 3169999
1 318 3170001 3179999
1 319 3180001 3189999
1 320 3190001 3199999
1 321 3200001 3209999
1 322 3210001 3219999
1 323 3220001 3229999
1 324 3230001 3239999
1 325 3240001 3249999
1 326 3250001 3259999
1 327 3260001 3269999
1 328 3270001 3279999
1 329 3280001 3289999
1 330 3290001 3299999
1 331 3300001 3309999
1 332 3310001 3319999
1 333 3320001 3329999
1 334 3330001 3339999
1 335 3340001 3349999
1 336 3350001 3359999
1 337 3360001 3369999
1 338 3370001 3379999
1 339 3380001 3389999
1 340 3390001 3399999
1 341 3400001 3409999
1 342 3410001 3419999
1 343 3420001 3429999
1 344 3430001 3439999
1 345 3440001 3449999
1 346 3450001 3459999
1 347 3460001 3469999
1 348 3470001 3479999
1 349 3480001 3489999
1 350 3490001 3499999
1 351 3500001 3509999
1 352 3510001 3519999
1 353 3520001 3529999
1 354 3530001 3539999
1 355 3540001 3549999
1 356 3550001 3559999
1 357 3560001 3569999
1 358 3570001 3579999
1 359 3580001 3589999
1 360 3590001 3599999
1 361 3600001 3609999
1 362 3610001 3619999
1 363 3620001 3629999
1 364 3630001 3639999
1 365 3640001 3649999
1 366 3650001 3659999
1 367 3660001 3669999
1 368 3670001 3679999
1 369 3680001 3689999
1 370 3690001 3699999
1 371 3700001 3709999
1 372 3710001 3719999
1 373 3720001 3729999
1 374 3730001 3739999
1 375 3740001 3749999
1 376 3750001 3759999
1 377 3760001 3769999
1 378 3770001 3779999
1 379 3780001 3789999
1 380 3790001 3799999
1 381 3800001 3809999
1 382 3810001 3819999
1 383 3820001 3829999
1 384 3830001 3839999
1 385 3840001 3849999
1 386 3850001 3859999
1 387 3860001 3869999
1 388 3870001 3879999
1 389 3880001 3889999
1 390 3890001 3899999
1 391 3900001 3909999
1 392 3910001 3919999
1 393 3920001 3929999
1 394 3930001 3939999
1 395 3940001 3949999
1 396 3950001 3959999
1 397 3960001 3969999
1 398 3970001 3979999
1 399 3980001 3989999
1 400 3990001 3999999
1 401 4000001 4009999
1 402 4010001 4019999
1 403 4020001 4029999
1 404 4030001 4039999
1 405 4040001 4049999
1 406 4050001 4059999
1 407 4060001 4069999
1 408 4070001 4079999
1 409 4080001 4089999
1 410 4090001 4099999
1 411 4100001 4109999
1 412 4110001 4119999
1 413 4120001 4129999
1 414 4130001 4139999
1 415 4140001 4149999
1 416 4150001 4159999
1 417 4160001 4169999
1 418 4170001 4179999
1 419 4180001 4189999
1 420 4190001 4199999
1 421 4200001 4209999
1 422 4210001 4219999
1 423 4220001 4229999
1 424 4230001 4239999
1 425 4240001 4249999
1 426 4250001 4259999
1 427 4260001 4269999
1 428 4270001 4279999
1 429 4280001 4289999
1 430 4290001 4299999
1 431 4300001 4309999
1 432 4310001 4319999
1 433 4320001 4329999
1 434 4330001 4339999
1 435 4340001 4349999
1 436 4350001 4359999
1 437 4360001 4369999
1 438 4370001 4379999
1 439 4380001 4389999
1 440 4390001 4399999
1 441 4400001 4409999
1 442 4410001 4419999
1 443 4420001 4429999
1 444 4430001 4439999
1 445 4440001 4449999
1 446 4450001 4459999
1 447 4460001 4469999
1 448 4470001 4479999
1 449 4480001 4489999
1 450 4490001 4499999
1 451 4500001 4509999
1 452 4510001 4519999
1 453 4520001 4529999
1 454 4530001 4539999
1 455 4540001 4549999
1 456 4550001 4559999
1 457 4560001 4569999
1 458 4570001 4579999
1 459 4580001 4589999
1 460 4590001 4599999
1 461 4600001 4609999
1 462 4610001 4619999
1 463 4620001 4629999
1 464 4630001 4639999
1 465 4640001 4649999
1 466 4650001 4659999
1 467 4660001 4669999
1 468 4670001 4679999
1 469 4680001 4689999
1 470 4690001 4699999
1 471 4700001 4709999
1 472 4710001 4719999
1 473 4720001 4729999
1 474 4730001 4739999
1 475 4740001 4749999
1 476 4750001 4759999
1 477 4760001 4769999
1 478 4770001 4779999
1 479 4780001 4789999
1 480 4790001 4799999
1 481 4800001 4809999
1 482 4810001 4819999
1 483 4820001 4829999
1 484 4830001 4839999
1 485 4840001 4849999
1 486 4850001 4859999
1 487 4860001 4869999
1 488 4870001 4879999
1 489 4880001 4889999
1 490 4890001 4899999
1 491 4900001 4909999
1 492 4910001 4919999
1 493 4920001 4929999
1 494 4930001 4939999
1 495 4940001 4949999
1 496 4950001 4959999
1 497 4960001 4969999
1 498 4970001 4979999
1 499 4980001 4989999
1 500 4990001 4999999
1 501 5000001 5009999
1 502 5010001 5019999
1 503 5020001 5029999
1 504 5030001 5039999
1 505 5040001 5049999
1 506 5050001 5059999
1 507 5060001 5069999
1 508 5070001 5079999
1 509 5080001 5089999
1 510 5090001 5099999
1 511 5100001 5109999
1 512 5110001 5119999
1 513 5120001 5129999
1 514 5130001 5139999
1 515 5140001 5149999
1 516 5150001 5159999
1 517 5160001 5169999
1 518 5170001 5179999
1 519 5180001 5189999
1 520 5190001 5199999
1 521 5200001 5209999
1 522 5210001 5219999
1 523 5220001 5229999
1 524 5230001 5239999
1 525 5240001 5249999
1 526 5250001 5259999
1 527 5260001 5269999
1 528 5270001 5279999
1 529 5280001 5289999
1 530 5290001 5299999
1 531 5300001 5309999
1 532 5310001 5319999
1 533 5320001 5329999
1 534 5330001 5339999
1 535 5340001 5349999
1 536 5350001 5359999
1 537 5360001 5369999
1 538 5370001 5379999
1 539 5380001 5389999
1 540 5390001 5399999
1 541 5400001 5409999
1 542 5410001 5419999
1 543 5420001 5429999
1 544 5430001 5439999
1 545 5440001 5449999
1 546 5450001 5459999
1 547 5460001 5469999
1 548 5470001 5479999
1 549 5480001 5489999
1 550 5490001 5499999
1 551 5500001 5509999
1 552 5510001 5519999
1 553 5520001 5529999
1 554 5530001 5539999
1 555 5540001 5549999
1 556 5550001 5559999
1 557 5560001 5569999
1 558 5570001 5579999
1 559 5580001 5589999
1 560 5590001 5599999
1 561 5600001 5609999
1 562 5610001 5619999
1 563 5620001 5629999
1 564 5630001 5639999
1 565 5640001 5649999
1 566 5650001 5659999
1 567 5660001 5669999
1 568 5670001 5679999
1 569 5680001 5689999
1 570 5690001 5699999
1 571 5700001 5709999
1 572 5710001 5719999
1 573 5720001 5729999
1 574 5730001 5739999
1 575 5740001 5749999
1 576 5750001 5759999
1 577 5760001 5769999
1 578 5770001 5779999
1 579 5780001 5789999
1 580 5790001 5799999
1 581 5800001 5809999
1 582 5810001 5819999
1 583 5820001 5829999
1 584 5830001 5839999
1 585 5840001 5849999
1 586 5850001 5859999
1 587 5860001 5869999
1 588 5870001 5879999
1 589 5880001 5889999
1 590 5890001 5899999
1 591 5900001 5909999
1 592 5910001 5919999
1 593 5920001 5929999
1 594 5930001 5939999
1 595 5940001 5949999
1 596 5950001 5959999
1 597 5960001 5969999
1 598 5970001 5979999
1 599 5980001 5989999
1 600 5990001 5999999
1 601 6000001 6009999
1 602 6010001 6019999
1 603 6020001 6029999
1 604 6030001 6039999
1 605 6040001 6049999
1 606 6050001 6059999
1 607 6060001 6069999
1 608 6070001 6079999
1 609 6080001 6089999
1 610 6090001 6099999
1 611 6100001 6109999
1 612 6110001 6119999
1 613 6120001 6129999
1 614 6130001 6139999
1 615 6140001 6149999
1 616 6150001 6159999
1 617 6160001 6169999
1 618 6170001 6179999
1 619 6180001 6189999
1 620 6190001 6199999
1 621 6200001 6209999
1 622 6210001 6219999
1 623 6220001 6229999
1 624 6230001 6239999
1 625 6240001 6249999
1 626 6250001 6259999
1 627 6260001 6269999
1 628 6270001 6279999
1 629 6280001 6289999
1 630 6290001 6299999
1 631 6300001 6309999
1 632 6310001 6319999
1 633 6320001 6329999
1 634 6330001 6339999
1 635 6340001 6349999
1 636 6350001 6359999
1 637 6360001 6369999
1 638 6370001 6379999
1 639 6380001 6389999
1 640 6390001 6399999
1 641 6400001 6409999
1 642 6410001 6419999
1 643 6420001 6429999
1 644 6430001 6439999
1 645 6440001 6449999
1 646 6450001 6459999
1 647 6460001 6469999
1 648 6470001 6479999
1 649 6480001 6489999
1 650 6490001 6499999
1 651 6500001 6509999
1 652 6510001 6519999
1 653 6520001 6529999
1 654 6530001 6539999
1 655 6540001 6549999
1 656 6550001 6559999
1 657 6560001 6569999
1 658 6570001 6579999
1 659 6580001 6589999
1 660 6590001 6599999
1 661 6600001 6609999
1 662 6610001 6619999
1 663 6620001 6629999
1 664 6630001 6639999
1 665 6640001 6649999
1 666 6650001 6659999
1 667 6660001 6669999
1 668 6670001 6679999
1 669 6680001 6689999
1 670 6690001 6699999
1 671 6700001 6709999
1 672 6710001 6719999
1 673 6720001 6729999
1 674 6730001 6739999
1 675 6740001 6749999
1 676 6750001 6759999
1 677 6760001 6769999
1 678 6770001 6779999
1 679 6780001 6789999
1 680 6790001 6799999
1 681 6800001 6809999
1 682 6810001 6819999
1 683 6820001 6829999
1 684 6830001 6839999
1 685 6840001 6849999
1 686 6850001 6859999
1 687 6860001 6869999
1 688 6870001 6879999
1 689 6880001 6889999
1 690 6890001 6899999
1 691 6900001 6909999
1 692 6910001 6919999
1 693 6920001 6929999
1 694 6930001 6939999
1 695 6940001 6949999
1 696 6950001 6959999
1 697 6960001 6969999
1 698 6970001 6979999
1 699 6980001 6989999
1 700 6990001 6999999
1 701 7000001 7009999
1 702 7010001 7019999
1 703 7020001 7029999
1 704 7030001 7039999
1 705 7040001 7049999
1 706 7050001 7059999
1 707 7060001 7069999
1 708 7070001 7079999
1 709 7080001 7089999
1 710 7090001 7099999
1 711 7100001 7109999
1 712 7110001 7119999
1 713 7120001 7129999
1 714 7130001 7139999
1 715 7140001 7149999
1 716 7150001 7159999
1 717 7160001 7169999
1 718 7170001 7179999
1 719 7180001 7189999
1 720 7190001 7199999
1 721 7200001 7209999
1 722 7210001 7219999
1 723 7220001 7229999
1 724 7230001 7239999
1 725 7240001 7249999
1 726 7250001 7259999
1 727 7260001 7269999
1 728 7270001 7279999
1 729 7280001 7289999
1 730 7290001 7299999
1 731 7300001 7309999
1 732 7310001 7319999
1 733 7320001 7329999
1 734 7330001 7339999
1 735 7340001 7349999
1 736 7350001 7359999
1 737 7360001 7369999
1 738 7370001 7379999
1 739 7380001 7389999
1 740 7390001 7399999
1 741 7400001 7409999
1 742 7410001 7419999
1 743 7420001 7429999
1 744 7430001 7439999
1 745 7440001 7449999
1 746 7450001 7459999
1 747 7460001 7469999
1 748 7470001 7479999
1 749 7480001 7489999
1 750 7490001 7499999
1 751 7500001 7509999
1 752 7510001 7519999
1 753 7520001 7529999
1 754 7530001 7539999
1 755 7540001 7549999
1 756 7550001 7559999
1 757 7560001 7569999
1 758 7570001 7579999
1 759 7580001 7589999
1 760 7590001 7599999
1 761 7600001 7609999
1 762 7610001 7619999
1 763 7620001 7629999
1 764 7630001 7639999
1 765 7640001 7649999
1 766 7650001 7659999
1 767 7660001 7669999
1 768 7670001 7679999
1 769 7680001 7689999
1 770 7690001 7699999
1 771 7700001 7709999
1 772 7710001 7719999
1 773 7720001 7729999
1 774 7730001 7739999
1 775 7740001 7749999
1 776 7750001 7759999
1 777 7760001 7769999
1 778 7770001 7779999
1 779 7780001 7789999
1 780 7790001 7799999
1 781 7800001 7809999
1 782 7810001 7819999
1 783 7820001 7829999
1 784 7830001 7839999
1 785 7840001 7849999
1 786 7850001 7859999
1 787 7860001 7869999
1 788 7870001 7879999
1 789 7880001 7889999
1 790 7890001 7899999
1 791 7900001 7909999
1 792 7910001 7919999
1 793 7920001 7929999
1 794 7930001 7939999
1 795 7940001 7949999
1 796 7950001 7959999
1 797 7960001 7969999
1 798 7970001 7979999
1 799 7980001 7989999
1 800 7990001 7999999
1 801 8000001 8009999
1 802 8010001 8019999
1 803 8020001 8029999
1 804 8030001 8039999
1 805 8040001 8049999
1 806 8050001 8059999
1 807 8060001 8069999
1 808 8070001 8079999
1 809 8080001 8089999
1 810 8090001 8099999
1 811 8100001 8109999
1 812 8110001 8119999
1 813 8120001 8129999
1 814 8130001 8139999
1 815 8140001 8149999
1 816 8150001 8159999
1 817 8160001 8169999
1 818 8170001 8179999
1 819 8180001 8189999
1 820 8190001 8199999
1 821 8200001 8209999
1 822 8210001 8219999
1 823 8220001 8229999
1 824 8230001 8239999
1 825 8240001 8249999
1 826 8250001 8259999
1 827 8260001 8269999
1 828 8270001 8279999
1 829 8280001 8289999
1 830 8290001 8299999
1 831 8300001 8309999
1 832 8310001 8319999
1 833 8320001 8329999
1 834 8330001 8339999
1 835 8340001 8349999
1 836 8350001 8359999
1 837 8360001 8369999
1 838 8370001 8379999
1 839 8380001 8389999
1 840 8390001 8399999
1 841 8400001 8409999
1 842 8410001 8419999
1 843 8420001 8429999
1 844 8430001 8439999
1 845 8440001 8449999
1 846 8450001 8459999
1 847 8460001 8469999
1 848 8470001 8479999
1 849 8480001 8489999
1 850 8490001 8499999
1 851 8500001 8509999
1 852 8510001 8519999
1 853 8520001 8529999
1 854 8530001 8539999
1 855 8540001 8549999
1 856 8550001 8559999
1 857 8560001 8569999
1 858 8570001 8579999
1 859 8580001 8589999
1 860 8590001 8599999
1 861 8600001 8609999
1 862 8610001 8619999
1 863 8620001 8629999
1 864 8630001 8639999
1 865 8640001 8649999
1 866 8650001 8659999
1 867 8660001 8669999
1 868 8670001 8679999
1 869 8680001 8689999
1 870 8690001 8699999
1 871 8700001 8709999
1 872 8710001 8719999
1 873 8720001 8729999
1 874 8730001 8739999
1 875 8740001 8749999
1 876 8750001 8759999
1 877 8760001 8769999
1 878 8770001 8779999
1 879 8780001 8789999
1 880 8790001 8799999
1 881 8800001 8809999
1 882 8810001 8819999
1 883 8820001 8829999
1 884 8830001 8839999
1 885 8840001 8849999
1 886 8850001 8859999
1 887 8860001 8869999
1 888 8870001 8879999
1 889 8880001 8889999
1 890 8890001 8899999
1 891 8900001 8909999
1 892 8910001 8919999
1 893 8920001 8929999
1 894 8930001 8939999
1 895 8940001 8949999
1 896 8950001 8959999
1 897 8960001 8969999
1 898 8970001 8979999
1 899 8980001 8989999
1 900 8990001 8999999
1 901 9000001 9009999
1 902 9010001 9019999
1 903 9020001 9029999
1 904 9030001 9039999
1 905 9040001 9049999
1 906 9050001 9059999
1 907 9060001 9069999
1 908 9070001 9079999
1 909 9080001 9089999
1 910 9090001 9099999
1 911 9100001 9109999
1 912 9110001 9119999
1 913 9120001 9129999
1 914 9130001 9139999
1 915 9140001 9149999
1 916 9150001 9159999
1 917 9160001 9169999
1 918 9170001 9179999
1 919 9180001 9189999
1 920 9190001 9199999
1 921 9200001 9209999
1 922 9210001 9219999
1 923 9220001 9229999
1 924 9230001 9239999
1 925 9240001 9249999
1 926 9250001 9259999
1 927 9260001 9269999
1 928 9270001 9279999
1 929 9280001 9289999
1 930 9290001 9299999
1 931 9300001 9309999
1 932 9310001 9319999
1 933 9320001 9329999
1 934 9330001 9339999
1 935 9340001 9349999
1 936 9350001 9359999
1 937 9360001 9369999
1 938 9370001 9379999
1 939 9380001 9389999
1 940 9390001 9399999
1 941 9400001 9409999
1 942 9410001 9419999
1 943 9420001 9429999
1 944 9430001 9439999
1 945 9440001 9449999
1 946 9450001 9459999
1 947 9460001 9469999
1 948 9470001 9479999
1 949 9480001 9489999
1 950 9490001 9499999
1 951 9500001 9509999
1 952 9510001 9519999
1 953 9520001 9529999
1 954 9530001 9539999
1 955 9540001 9549999
1 956 9550001 9559999
1 957 9560001 9569999
1 958 9570001 9579999
1 959 9580001 9589999
1 960 9590001 9599999
1 961 9600001 9609999
1 962 9610001 9619999
1 963 9620001 9629999
1 964 9630001 9639999
1 965 9640001 9649999
1 966 9650001 9659999
1 967 9660001 9669999
1 968 9670001 9679999
1 969 9680001 9689999
1 970 9690001 9699999
1 971 9700001 9709999
1 972 9710001 9719999
1 973 9720001 9729999
1 974 9730001 9739999
1 975 9740001 9749999
1 976 9750001 9759999
1 977 9760001 9769999
1 978 9770001 9779999
1 979 9780001 9789999
1 980 9790001 9799999
1 981 9800001 9809999
1 982 9810001 9819999
1 983 9820001 9829999
1 984 9830001 9839999
1 985 9840001 9849999
1 986 9850001 9859999
1 987 9860001 9869999
1 988 9870001 9879999
1 989 9880001 9889999
1 990 9890001 9899999
1 991 9900001 9909999
1 992 9910001 9919999
1 993 9920001 9929999
1 994 9930001 9939999
1 995 9940001 9949999
1 996 9950001 9959999
1 997 9960001 9969999
1 998 9970001 9979999
1 999 9980001 9989999
999 2 1 9989998
2 3 2 10000000
3 4 3 10000000
4 5 4 10000000
5 6 5 10000000
6 7 6 10000000
7 8 7 10000000
8 9 8 10000000
9 10 9 10000000
10 11 10 10000000
11 12 11 10000000
12 13 12 10000000
13 14 13 10000000
14 15 14 10000000
15 16 15 10000000
16 17 16 10000000
17 18 17 10000000
18 19 18 10000000
19 20 19 10000000
20 21 20 10000000
21 22 21 10000000
22 23 22 10000000
23 24 23 10000000
24 25 24 10000000
25 26 25 10000000
26 27 26 10000000
27 28 27 10000000
28 29 28 10000000
29 30 29 10000000
30 31 30 10000000
31 32 31 10000000
32 33 32 10000000
33 34 33 10000000
34 35 34 10000000
35 36 35 10000000
36 37 36 10000000
37 38 37 10000000
38 39 38 10000000
39 40 39 10000000
40 41 40 10000000
41 42 41 10000000
42 43 42 10000000
43 44 43 10000000
44 45 44 10000000
45 46 45 10000000
46 47 46 10000000
47 48 47 10000000
48 49 48 10000000
49 50 49 10000000
50 51 50 10000000
51 52 51 10000000
52 53 52 10000000
53 54 53 10000000
54 55 54 10000000
55 56 55 10000000
56 57 56 10000000
57 58 57 10000000
58 59 58 10000000
59 60 59 10000000
60 61 60 10000000
61 62 61 10000000
62 63 62 10000000
63 64 63 10000000
64 65 64 10000000
65 66 65 10000000
66 67 66 10000000
67 68 67 10000000
68 69 68 10000000
69 70 69 10000000
70 71 70 10000000
71 72 71 10000000
72 73 72 10000000
73 74 73 10000000
74 75 74 10000000
75 76 75 10000000
76 77 76 10000000
77 78 77 10000000
78 79 78 10000000
79 80 79 10000000
80 81 80 10000000
81 82 81 10000000
82 83 82 10000000
83 84 83 10000000
84 85 84 10000000
85 86 85 10000000
86 87 86 10000000
87 88 87 10000000
88 89 88 10000000
89 90 89 10000000
90 91 90 10000000
91 92 91 10000000
92 93 92 10000000
93 94 93 10000000
94 95 94 10000000
95 96 95 10000000
96 97 96 10000000
97 98 97 10000000
98 99 98 10000000
99 100 99 10000000
100 101 100 10000000
101 102 101 10000000
102 103 102 10000000
103 104 103 10000000
104 105 104 10000000
105 106 105 10000000
106 107 106 10000000
107 108 107 10000000
108 109 108 10000000
109 110 109 10000000
110 111 110 10000000
111 112 111 10000000
112 113 112 10000000
113 114 113 10000000
114 115 114 10000000
115 116 115 10000000
116 117 116 10000000
117 118 117 10000000
118 119 118 10000000
119 120 119 10000000
120 121 120 10000000
121 122 121 10000000
122 123 122 10000000
123 124 123 10000000
124 125 124 10000000
125 126 125 10000000
126 127 126 10000000
127 128 127 10000000
128 129 128 10000000
129 130 129 10000000
130 131 130 10000000
131 132 131 10000000
132 133 132 10000000
133 134 133 10000000
134 135 134 10000000
135 136 135 10000000
136 137 136 10000000
137 138 137 10000000
138 139 138 10000000
139 140 139 10000000
140 141 140 10000000
141 142 141 10000000
142 143 142 10000000
143 144 143 10000000
144 145 144 10000000
145 146 145 10000000
146 147 146 10000000
147 148 147 10000000
148 149 148 10000000
149 150 149 10000000
150 151 150 10000000
151 152 151 10000000
152 153 152 10000000
153 154 153 10000000
154 155 154 10000000
155 156 155 10000000
156 157 156 10000000
157 158 157 10000000
158 159 158 10000000
159 160 159 10000000
160 161 160 10000000
161 162 161 10000000
162 163 162 10000000
163 164 163 10000000
164 165 164 10000000
165 166 165 10000000
166 167 166 10000000
167 168 167 10000000
168 169 168 10000000
169 170 169 10000000
170 171 170 10000000
171 172 171 10000000
172 173 172 10000000
173 174 173 10000000
174 175 174 10000000
175 176 175 10000000
176 177 176 10000000
177 178 177 10000000
178 179 178 10000000
179 180 179 10000000
180 181 180 10000000
181 182 181 10000000
182 183 182 10000000
183 184 183 10000000
184 185 184 10000000
185 186 185 10000000
186 187 186 10000000
187 188 187 10000000
188 189 188 10000000
189 190 189 10000000
190 191 190 10000000
191 192 191 10000000
192 193 192 10000000
193 194 193 10000000
194 195 194 10000000
195 196 195 10000000
196 197 196 10000000
197 198 197 10000000
198 199 198 10000000
199 200 199 10000000
200 201 200 10000000
201 202 201 10000000
202 203 202 10000000
203 204 203 10000000
204 205 204 10000000
205 206 205 10000000
206 207 206 10000000
207 208 207 10000000
208 209 208 10000000
209 210 209 10000000
210 211 210 10000000
211 212 211 10000000
212 213 212 10000000
213 214 213 10000000
214 215 214 10000000
215 216 215 10000000
216 217 216 10000000
217 218 217 10000000
218 219 218 10000000
219 220 219 10000000
220 221 220 10000000
221 222 221 10000000
222 223 222 10000000
223 224 223 10000000
224 225 224 10000000
225 226 225 10000000
226 227 226 10000000
227 228 227 10000000
228 229 228 10000000
229 230 229 10000000
230 231 230 10000000
231 232 231 10000000
232 233 232 10000000
233 234 233 10000000
234 235 234 10000000
235 236 235 10000000
236 237 236 10000000
237 238 237 10000000
238 239 238 10000000
239 240 239 10000000
240 241 240 10000000
241 242 241 10000000
242 243 242 10000000
243 244 243 10000000
244 245 244 10000000
245 246 245 10000000
246 247 246 10000000
247 248 247 10000000
248 249 248 10000000
249 250 249 10000000
250 251 250 10000000
251 252 251 10000000
252 253 252 10000000
253 254 253 10000000
254 255 254 10000000
255 256 255 10000000
256 257 256 10000000
257 258 257 10000000
258 259 258 10000000
259 260 259 10000000
260 261 260 10000000
261 262 261 10000000
262 263 262 10000000
263 264 263 10000000
264 265 264 10000000
265 266 265 10000000
266 267 266 10000000
267 268 267 10000000
268 269 268 10000000
269 270 269 10000000
270 271 270 10000000
271 272 271 10000000
272 273 272 10000000
273 274 273 10000000
274 275 274 10000000
275 276 275 10000000
276 277 276 10000000
277 278 277 10000000
278 279 278 10000000
279 280 279 10000000
280 281 280 10000000
281 282 281 10000000
282 283 282 10000000
283 284 283 10000000
284 285 284 10000000
285 286 285 10000000
286 287 286 10000000
287 288 287 10000000
288 289 288 10000000
289 290 289 10000000
290 291 290 10000000
291 292 291 10000000
292 293 292 10000000
293 294 293 10000000
294 295 294 10000000
295 296 295 10000000
296 297 296 10000000
297 298 297 10000000
298 299 298 10000000
299 300 299 10000000
300 301 300 10000000
301 302 301 10000000
302 303 302 10000000
303 304 303 10000000
304 305 304 10000000
305 306 305 10000000
306 307 306 10000000
307 308 307 10000000
308 309 308 10000000
309 310 309 10000000
310 311 310 10000000
311 312 311 10000000
312 313 312 10000000
313 314 313 10000000
314 315 314 10000000
315 316 315 10000000
316 317 316 10000000
317 318 317 10000000
318 319 318 10000000
319 320 319 10000000
320 321 320 10000000
321 322 321 10000000
322 323 322 10000000
323 324 323 10000000
324 325 324 10000000
325 326 325 10000000
326 327 326 10000000
327 328 327 10000000
328 329 328 10000000
329 330 329 10000000
330 331 330 10000000
331 332 331 10000000
332 333 332 10000000
333 334 333 10000000
334 335 334 10000000
335 336 335 10000000
336 337 336 10000000
337 338 337 10000000
338 339 338 10000000
339 340 339 10000000
340 341 340 10000000
341 342 341 10000000
342 343 342 10000000
343 344 343 10000000
344 345 344 10000000
345 346 345 10000000
346 347 346 10000000
347 348 347 10000000
348 349 348 10000000
349 350 349 10000000
350 351 350 10000000
351 352 351 10000000
352 353 352 10000000
353 354 353 10000000
354 355 354 10000000
355 356 355 10000000
356 357 356 10000000
357 358 357 10000000
358 359 358 10000000
359 360 359 10000000
360 361 360 10000000
361 362 361 10000000
362 363 362 10000000
363 364 363 10000000
364 365 364 10000000
365 366 365 10000000
366 367 366 10000000
367 368 367 10000000
368 369 368 10000000
369 370 369 10000000
370 371 370 10000000
371 372 371 10000000
372 373 372 10000000
373 374 373 10000000
374 375 374 10000000
375 376 375 10000000
376 377 376 10000000
377 378 377 10000000
378 379 378 10000000
379 380 379 10000000
380 381 380 10000000
381 382 381 10000000
382 383 382 10000000
383 384 383 10000000
384 385 384 10000000
385 386 385 10000000
386 387 386 10000000
387 388 387 10000000
388 389 388 10000000
389 390 389 10000000
390 391 390 10000000
391 392 391 10000000
392 393 392 10000000
393 394 393 10000000
394 395 394 10000000
395 396 395 10000000
396 397 396 10000000
397 398 397 10000000
398 399 398 10000000
399 400 399 10000000
400 401 400 10000000
401 402 401 10000000
402 403 402 10000000
403 404 403 10000000
404 405 404 10000000
405 406 405 10000000
406 407 406 10000000
407 408 407 10000000
408 409 408 10000000
409 410 409 10000000
410 411 410 10000000
411 412 411 10000000
412 413 412 10000000
413 414 413 10000000
414 415 414 10000000
415 416 415 10000000
416 417 416 10000000
417 418 417 10000000
418 419 418 10000000
419 420 419 10000000
420 421 420 10000000
421 422 421 10000000
422 423 422 10000000
423 424 423 10000000
424 425 424 10000000
425 426 425 10000000
426 427 426 10000000
427 428 427 10000000
428 429 428 10000000
429 430 429 10000000
430 431 430 10000000
431 432 431 10000000
432 433 432 10000000
433 434 433 10000000
434 435 434 10000000
435 436 435 10000000
436 437 436 10000000
437 438 437 10000000
438 439 438 10000000
439 440 439 10000000
440 441 440 10000000
441 442 441 10000000
442 443 442 10000000
443 444 443 10000000
444 445 444 10000000
445 446 445 10000000
446 447 446 10000000
447 448 447 10000000
448 449 448 10000000
449 450 449 10000000
450 451 450 10000000
451 452 451 10000000
452 453 452 10000000
453 454 453 10000000
454 455 454 10000000
455 456 455 10000000
456 457 456 10000000
457 458 457 10000000
458 459 458 10000000
459 460 459 10000000
460 461 460 10000000
461 462 461 10000000
462 463 462 10000000
463 464 463 10000000
464 465 464 10000000
465 466 465 10000000
466 467 466 10000000
467 468 467 10000000
468 469 468 10000000
469 470 469 10000000
470 471 470 10000000
471 472 471 10000000
472 473 472 10000000
473 474 473 10000000
474 475 474 10000000
475 476 475 10000000
476 477 476 10000000
477 478 477 10000000
478 479 478 10000000
479 480 479 10000000
480 481 480 10000000
481 482 481 10000000
482 483 482 10000000
483 484 483 10000000
484 485 484 10000000
485 486 485 10000000
486 487 486 10000000
487 488 487 10000000
488 489 488 10000000
489 490 489 10000000
490 491 490 10000000
491 492 491 10000000
492 493 492 10000000
493 494 493 10000000
494 495 494 10000000
495 496 495 10000000
496 497 496 10000000
497 498 497 10000000
498 499 498 10000000
499 500 499 10000000
500 501 500 10000000
501 502 501 10000000
502 503 502 10000000
503 504 503 10000000
504 505 504 10000000
505 506 505 10000000
506 507 506 10000000
507 508 507 10000000
508 509 508 10000000
509 510 509 10000000
510 511 510 10000000
511 512 511 10000000
512 513 512 10000000
513 514 513 10000000
514 515 514 10000000
515 516 515 10000000
516 517 516 10000000
517 518 517 10000000
518 519 518 10000000
519 520 519 10000000
520 521 520 10000000
521 522 521 10000000
522 523 522 10000000
523 524 523 10000000
524 525 524 10000000
525 526 525 10000000
526 527 526 10000000
527 528 527 10000000
528 529 528 10000000
529 530 529 10000000
530 531 530 10000000
531 532 531 10000000
532 533 532 10000000
533 534 533 10000000
534 535 534 10000000
535 536 535 10000000
536 537 536 10000000
537 538 537 10000000
538 539 538 10000000
539 540 539 10000000
540 541 540 10000000
541 542 541 10000000
542 543 542 10000000
543 544 543 10000000
544 545 544 10000000
545 546 545 10000000
546 547 546 10000000
547 548 547 10000000
548 549 548 10000000
549 550 549 10000000
550 551 550 10000000
551 552 551 10000000
552 553 552 10000000
553 554 553 10000000
554 555 554 10000000
555 556 555 10000000
556 557 556 10000000
557 558 557 10000000
558 559 558 10000000
559 560 559 10000000
560 561 560 10000000
561 562 561 10000000
562 563 562 10000000
563 564 563 10000000
564 565 564 10000000
565 566 565 10000000
566 567 566 10000000
567 568 567 10000000
568 569 568 10000000
569 570 569 10000000
570 571 570 10000000
571 572 571 10000000
572 573 572 10000000
573 574 573 10000000
574 575 574 10000000
575 576 575 10000000
576 577 576 10000000
577 578 577 10000000
578 579 578 10000000
579 580 579 10000000
580 581 580 10000000
581 582 581 10000000
582 583 582 10000000
583 584 583 10000000
584 585 584 10000000
585 586 585 10000000
586 587 586 10000000
587 588 587 10000000
588 589 588 10000000
589 590 589 10000000
590 591 590 10000000
591 592 591 10000000
592 593 592 10000000
593 594 593 10000000
594 595 594 10000000
595 596 595 10000000
596 597 596 10000000
597 598 597 10000000
598 599 598 10000000
599 600 599 10000000
600 601 600 10000000
601 602 601 10000000
602 603 602 10000000
603 604 603 10000000
604 605 604 10000000
605 606 605 10000000
606 607 606 10000000
607 608 607 10000000
608 609 608 10000000
609 610 609 10000000
610 611 610 10000000
611 612 611 10000000
612 613 612 10000000
613 614 613 10000000
614 615 614 10000000
615 616 615 10000000
616 617 616 10000000
617 618 617 10000000
618 619 618 10000000
619 620 619 10000000
620 621 620 10000000
621 622 621 10000000
622 623 622 10000000
623 624 623 10000000
624 625 624 10000000
625 626 625 10000000
626 627 626 10000000
627 628 627 10000000
628 629 628 10000000
629 630 629 10000000
630 631 630 10000000
631 632 631 10000000
632 633 632 10000000
633 634 633 10000000
634 635 634 10000000
635 636 635 10000000
636 637 636 10000000
637 638 637 10000000
638 639 638 10000000
639 640 639 10000000
640 641 640 10000000
641 642 641 10000000
642 643 642 10000000
643 644 643 10000000
644 645 644 10000000
645 646 645 10000000
646 647 646 10000000
647 648 647 10000000
648 649 648 10000000
649 650 649 10000000
650 651 650 10000000
651 652 651 10000000
652 653 652 10000000
653 654 653 10000000
654 655 654 10000000
655 656 655 10000000
656 657 656 10000000
657 658 657 10000000
658 659 658 10000000
659 660 659 10000000
660 661 660 10000000
661 662 661 10000000
662 663 662 10000000
663 664 663 10000000
664 665 664 10000000
665 666 665 10000000
666 667 666 10000000
667 668 667 10000000
668 669 668 10000000
669 670 669 10000000
670 671 670 10000000
671 672 671 10000000
672 673 672 10000000
673 674 673 10000000
674 675 674 10000000
675 676 675 10000000
676 677 676 10000000
677 678 677 10000000
678 679 678 10000000
679 680 679 10000000
680 681 680 10000000
681 682 681 10000000
682 683 682 10000000
683 684 683 10000000
684 685 684 10000000
685 686 685 10000000
686 687 686 10000000
687 688 687 10000000
688 689 688 10000000
689 690 689 10000000
690 691 690 10000000
691 692 691 10000000
692 693 692 10000000
693 694 693 10000000
694 695 694 10000000
695 696 695 10000000
696 697 696 10000000
697 698 697 10000000
698 699 698 10000000
699 700 699 10000000
700 701 700 10000000
701 702 701 10000000
702 703 702 10000000
703 704 703 10000000
704 705 704 10000000
705 706 705 10000000
706 707 706 10000000
707 708 707 10000000
708 709 708 10000000
709 710 709 10000000
710 711 710 10000000
711 712 711 10000000
712 713 712 10000000
713 714 713 10000000
714 715 714 10000000
715 716 715 10000000
716 717 716 10000000
717 718 717 10000000
718 719 718 10000000
719 720 719 10000000
720 721 720 10000000
721 722 721 10000000
722 723 722 10000000
723 724 723 10000000
724 725 724 10000000
725 726 725 10000000
726 727 726 10000000
727 728 727 10000000
728 729 728 10000000
729 730 729 10000000
730 731 730 10000000
731 732 731 10000000
732 733 732 10000000
733 734 733 10000000
734 735 734 10000000
735 736 735 10000000
736 737 736 10000000
737 738 737 10000000
738 739 738 10000000
739 740 739 10000000
740 741 740 10000000
741 742 741 10000000
742 743 742 10000000
743 744 743 10000000
744 745 744 10000000
745 746 745 10000000
746 747 746 10000000
747 748 747 10000000
748 749 748 10000000
749 750 749 10000000
750 751 750 10000000
751 752 751 10000000
752 753 752 10000000
753 754 753 10000000
754 755 754 10000000
755 756 755 10000000
756 757 756 10000000
757 758 757 10000000
758 759 758 10000000
759 760 759 10000000
760 761 760 10000000
761 762 761 10000000
762 763 762 10000000
763 764 763 10000000
764 765 764 10000000
765 766 765 10000000
766 767 766 10000000
767 768 767 10000000
768 769 768 10000000
769 770 769 10000000
770 771 770 10000000
771 772 771 10000000
772 773 772 10000000
773 774 773 10000000
774 775 774 10000000
775 776 775 10000000
776 777 776 10000000
777 778 777 10000000
778 779 778 10000000
779 780 779 10000000
780 781 780 10000000
781 782 781 10000000
782 783 782 10000000
783 784 783 10000000
784 785 784 10000000
785 786 785 10000000
786 787 786 10000000
787 788 787 10000000
788 789 788 10000000
789 790 789 10000000
790 791 790 10000000
791 792 791 10000000
792 793 792 10000000
793 794 793 10000000
794 795 794 10000000
795 796 795 10000000
796 797 796 10000000
797 798 797 10000000
798 799 798 10000000
799 800 799 10000000
800 801 800 10000000
801 802 801 10000000
802 803 802 10000000
803 804 803 10000000
804 805 804 10000000
805 806 805 10000000
806 807 806 10000000
807 808 807 10000000
808 809 808 10000000
809 810 809 10000000
810 811 810 10000000
811 812 811 10000000
812 813 812 10000000
813 814 813 10000000
814 815 814 10000000
815 816 815 10000000
816 817 816 10000000
817 818 817 10000000
818 819 818 10000000
819 820 819 10000000
820 821 820 10000000
821 822 821 10000000
822 823 822 10000000
823 824 823 10000000
824 825 824 10000000
825 826 825 10000000
826 827 826 10000000
827 828 827 10000000
828 829 828 10000000
829 830 829 10000000
830 831 830 10000000
831 832 831 10000000
832 833 832 10000000
833 834 833 10000000
834 835 834 10000000
835 836 835 10000000
836 837 836 10000000
837 838 837 10000000
838 839 838 10000000
839 840 839 10000000
840 841 840 10000000
841 842 841 10000000
842 843 842 10000000
843 844 843 10000000
844 845 844 10000000
845 846 845 10000000
846 847 846 10000000
847 848 847 10000000
848 849 848 10000000
849 850 849 10000000
850 851 850 10000000
851 852 851 10000000
852 853 852 10000000
853 854 853 10000000
854 855 854 10000000
855 856 855 10000000
856 857 856 10000000
857 858 857 10000000
858 859 858 10000000
859 860 859 10000000
860 861 860 10000000
861 862 861 10000000
862 863 862 10000000
863 864 863 10000000
864 865 864 10000000
865 866 865 10000000
866 867 866 10000000
867 868 867 10000000
868 869 868 10000000
869 870 869 10000000
870 871 870 10000000
871 872 871 10000000
872 873 872 10000000
873 874 873 10000000
874 875 874 10000000
875 876 875 10000000
876 877 876 10000000
877 878 877 10000000
878 879 878 10000000
879 880 879 10000000
880 881 880 10000000
881 882 881 10000000
882 883 882 10000000
883 884 883 10000000
884 885 884 10000000
885 886 885 10000000
886 887 886 10000000
887 888 887 10000000
888 889 888 10000000
889 890 889 10000000
890 891 890 10000000
891 892 891 10000000
892 893 892 10000000
893 894 893 10000000
894 895 894 10000000
895 896 895 10000000
896 897 896 10000000
897 898 897 10000000
898 899 898 10000000
899 900 899 10000000
900 901 900 10000000
901 902 901 10000000
902 903 902 10000000
903 904 903 10000000
904 905 904 10000000
905 906 905 10000000
906 907 906 10000000
907 908 907 10000000
908 909 908 10000000
909 910 909 10000000
910 911 910 10000000
911 912 911 10000000
912 913 912 10000000
913 914 913 10000000
914 915 914 10000000
915 916 915 10000000
916 917 916 10000000
917 918 917 10000000
918 919 918 10000000
919 920 919 10000000
920 921 920 10000000
921 922 921 10000000
922 923 922 10000000
923 924 923 10000000
924 925 924 10000000
925 926 925 10000000
926 927 926 10000000
927 928 927 10000000
928 929 928 10000000
929 930 929 10000000
930 931 930 10000000
931 932 931 10000000
932 933 932 10000000
933 934 933 10000000
934 935 934 10000000
935 936 935 10000000
936 937 936 10000000
937 938 937 10000000
938 939 938 10000000
939 940 939 10000000
940 941 940 10000000
941 942 941 10000000
942 943 942 10000000
943 944 943 10000000
944 945 944 10000000
945 946 945 10000000
946 947 946 10000000
947 948 947 10000000
948 949 948 10000000
949 950 949 10000000
950 951 950 10000000
951 952 951 10000000
952 953 952 10000000
953 954 953 10000000
954 955 954 10000000
955 956 955 10000000
956 957 956 10000000
957 958 957 10000000
958 959 958 10000000
959 960 959 10000000
960 961 960 10000000
961 962 961 10000000
962 963 962 10000000
963 964 963 10000000
964 965 964 10000000
965 966 965 10000000
966 967 966 10000000
967 968 967 10000000
968 969 968 10000000
969 970 969 10000000
970 971 970 10000000
971 972 971 10000000
972 973 972 10000000
973 974 973 10000000
974 975 974 10000000
975 976 975 10000000
976 977 976 10000000
977 978 977 10000000
978 979 978 10000000
979 980 979 10000000
980 981 980 10000000
981 982 981 10000000
982 983 982 10000000
983 984 983 10000000
984 985 984 10000000
985 986 985 10000000
986 987 986 10000000
987 988 987 10000000
988 989 988 10000000
989 990 989 10000000
990 991 990 10000000
991 992 991 10000000
992 993 992 10000000
993 994 993 10000000
994 995 994 10000000
995 996 995 10000000
996 997 996 10000000
997 998 997 10000000
998 999 998 10000000
3 1000 1 9999999
