1000 1997 5000
1 1000
1 2 5 6
1 3 9 10
1 4 13 14
1 5 17 18
1 6 21 22
1 7 25 26
1 8 29 30
1 9 33 34
1 10 37 38
1 11 41 42
1 12 45 46
1 13 49 50
1 14 53 54
1 15 57 58
1 16 61 62
1 17 65 66
1 18 69 70
1 19 73 74
1 20 77 78
1 21 81 82
1 22 85 86
1 23 89 90
1 24 93 94
1 25 97 98
1 26 101 102
1 27 105 106
1 28 109 110
1 29 113 114
1 30 117 118
1 31 121 122
1 32 125 126
1 33 129 130
1 34 133 134
1 35 137 138
1 36 141 142
1 37 145 146
1 38 149 150
1 39 153 154
1 40 157 158
1 41 161 162
1 42 165 166
1 43 169 170
1 44 173 174
1 45 177 178
1 46 181 182
1 47 185 186
1 48 189 190
1 49 193 194
1 50 197 198
1 51 201 202
1 52 205 206
1 53 209 210
1 54 213 214
1 55 217 218
1 56 221 222
1 57 225 226
1 58 229 230
1 59 233 234
1 60 237 238
1 61 241 242
1 62 245 246
1 63 249 250
1 64 253 254
1 65 257 258
1 66 261 262
1 67 265 266
1 68 269 270
1 69 273 274
1 70 277 278
1 71 281 282
1 72 285 286
1 73 289 290
1 74 293 294
1 75 297 298
1 76 301 302
1 77 305 306
1 78 309 310
1 79 313 314
1 80 317 318
1 81 321 322
1 82 325 326
1 83 329 330
1 84 333 334
1 85 337 338
1 86 341 342
1 87 345 346
1 88 349 350
1 89 353 354
1 90 357 358
1 91 361 362
1 92 365 366
1 93 369 370
1 94 373 374
1 95 377 378
1 96 381 382
1 97 385 386
1 98 389 390
1 99 393 394
1 100 397 398
1 101 401 402
1 102 405 406
1 103 409 410
1 104 413 414
1 105 417 418
1 106 421 422
1 107 425 426
1 108 429 430
1 109 433 434
1 110 437 438
1 111 441 442
1 112 445 446
1 113 449 450
1 114 453 454
1 115 457 458
1 116 461 462
1 117 465 466
1 118 469 470
1 119 473 474
1 120 477 478
1 121 481 482
1 122 485 486
1 123 489 490
1 124 493 494
1 125 497 498
1 126 501 502
1 127 505 506
1 128 509 510
1 129 513 514
1 130 517 518
1 131 521 522
1 132 525 526
1 133 529 530
1 134 533 534
1 135 537 538
1 136 541 542
1 137 545 546
1 138 549 550
1 139 553 554
1 140 557 558
1 141 561 562
1 142 565 566
1 143 569 570
1 144 573 574
1 145 577 578
1 146 581 582
1 147 585 586
1 148 589 590
1 149 593 594
1 150 597 598
1 151 601 602
1 152 605 606
1 153 609 610
1 154 613 614
1 155 617 618
1 156 621 622
1 157 625 626
1 158 629 630
1 159 633 634
1 160 637 638
1 161 641 642
1 162 645 646
1 163 649 650
1 164 653 654
1 165 657 658
1 166 661 662
1 167 665 666
1 168 669 670
1 169 673 674
1 170 677 678
1 171 681 682
1 172 685 686
1 173 689 690
1 174 693 694
1 175 697 698
1 176 701 702
1 177 705 706
1 178 709 710
1 179 713 714
1 180 717 718
1 181 721 722
1 182 725 726
1 183 729 730
1 184 733 734
1 185 737 738
1 186 741 742
1 187 745 746
1 188 749 750
1 189 753 754
1 190 757 758
1 191 761 762
1 192 765 766
1 193 769 770
1 194 773 774
1 195 777 778
1 196 781 782
1 197 785 786
1 198 789 790
1 199 793 794
1 200 797 798
1 201 801 802
1 202 805 806
1 203 809 810
1 204 813 814
1 205 817 818
1 206 821 822
1 207 825 826
1 208 829 830
1 209 833 834
1 210 837 838
1 211 841 842
1 212 845 846
1 213 849 850
1 214 853 854
1 215 857 858
1 216 861 862
1 217 865 866
1 218 869 870
1 219 873 874
1 220 877 878
1 221 881 882
1 222 885 886
1 223 889 890
1 224 893 894
1 225 897 898
1 226 901 902
1 227 905 906
1 228 909 910
1 229 913 914
1 230 917 918
1 231 921 922
1 232 925 926
1 233 929 930
1 234 933 934
1 235 937 938
1 236 941 942
1 237 945 946
1 238 949 950
1 239 953 954
1 240 957 958
1 241 961 962
1 242 965 966
1 243 969 970
1 244 973 974
1 245 977 978
1 246 981 982
1 247 985 986
1 248 989 990
1 249 993 994
1 250 997 998
1 251 1001 1002
1 252 1005 1006
1 253 1009 1010
1 254 1013 1014
1 255 1017 1018
1 256 1021 1022
1 257 1025 1026
1 258 1029 1030
1 259 1033 1034
1 260 1037 1038
1 261 1041 1042
1 262 1045 1046
1 263 1049 1050
1 264 1053 1054
1 265 1057 1058
1 266 1061 1062
1 267 1065 1066
1 268 1069 1070
1 269 1073 1074
1 270 1077 1078
1 271 1081 1082
1 272 1085 1086
1 273 1089 1090
1 274 1093 1094
1 275 1097 1098
1 276 1101 1102
1 277 1105 1106
1 278 1109 1110
1 279 1113 1114
1 280 1117 1118
1 281 1121 1122
1 282 1125 1126
1 283 1129 1130
1 284 1133 1134
1 285 1137 1138
1 286 1141 1142
1 287 1145 1146
1 288 1149 1150
1 289 1153 1154
1 290 1157 1158
1 291 1161 1162
1 292 1165 1166
1 293 1169 1170
1 294 1173 1174
1 295 1177 1178
1 296 1181 1182
1 297 1185 1186
1 298 1189 1190
1 299 1193 1194
1 300 1197 1198
1 301 1201 1202
1 302 1205 1206
1 303 1209 1210
1 304 1213 1214
1 305 1217 1218
1 306 1221 1222
1 307 1225 1226
1 308 1229 1230
1 309 1233 1234
1 310 1237 1238
1 311 1241 1242
1 312 1245 1246
1 313 1249 1250
1 314 1253 1254
1 315 1257 1258
1 316 1261 1262
1 317 1265 1266
1 318 1269 1270
1 319 1273 1274
1 320 1277 1278
1 321 1281 1282
1 322 1285 1286
1 323 1289 1290
1 324 1293 1294
1 325 1297 1298
1 326 1301 1302
1 327 1305 1306
1 328 1309 1310
1 329 1313 1314
1 330 1317 1318
1 331 1321 1322
1 332 1325 1326
1 333 1329 1330
1 334 1333 1334
1 335 1337 1338
1 336 1341 1342
1 337 1345 1346
1 338 1349 1350
1 339 1353 1354
1 340 1357 1358
1 341 1361 1362
1 342 1365 1366
1 343 1369 1370
1 344 1373 1374
1 345 1377 1378
1 346 1381 1382
1 347 1385 1386
1 348 1389 1390
1 349 1393 1394
1 350 1397 1398
1 351 1401 1402
1 352 1405 1406
1 353 1409 1410
1 354 1413 1414
1 355 1417 1418
1 356 1421 1422
1 357 1425 1426
1 358 1429 1430
1 359 1433 1434
1 360 1437 1438
1 361 1441 1442
1 362 1445 1446
1 363 1449 1450
1 364 1453 1454
1 365 1457 1458
1 366 1461 1462
1 367 1465 1466
1 368 1469 1470
1 369 1473 1474
1 370 1477 1478
1 371 1481 1482
1 372 1485 1486
1 373 1489 1490
1 374 1493 1494
1 375 1497 1498
1 376 1501 1502
1 377 1505 1506
1 378 1509 1510
1 379 1513 1514
1 380 1517 1518
1 381 1521 1522
1 382 1525 1526
1 383 1529 1530
1 384 1533 1534
1 385 1537 1538
1 386 1541 1542
1 387 1545 1546
1 388 1549 1550
1 389 1553 1554
1 390 1557 1558
1 391 1561 1562
1 392 1565 1566
1 393 1569 1570
1 394 1573 1574
1 395 1577 1578
1 396 1581 1582
1 397 1585 1586
1 398 1589 1590
1 399 1593 1594
1 400 1597 1598
1 401 1601 1602
1 402 1605 1606
1 403 1609 1610
1 404 1613 1614
1 405 1617 1618
1 406 1621 1622
1 407 1625 1626
1 408 1629 1630
1 409 1633 1634
1 410 1637 1638
1 411 1641 1642
1 412 1645 1646
1 413 1649 1650
1 414 1653 1654
1 415 1657 1658
1 416 1661 1662
1 417 1665 1666
1 418 1669 1670
1 419 1673 1674
1 420 1677 1678
1 421 1681 1682
1 422 1685 1686
1 423 1689 1690
1 424 1693 1694
1 425 1697 1698
1 426 1701 1702
1 427 1705 1706
1 428 1709 1710
1 429 1713 1714
1 430 1717 1718
1 431 1721 1722
1 432 1725 1726
1 433 1729 1730
1 434 1733 1734
1 435 1737 1738
1 436 1741 1742
1 437 1745 1746
1 438 1749 1750
1 439 1753 1754
1 440 1757 1758
1 441 1761 1762
1 442 1765 1766
1 443 1769 1770
1 444 1773 1774
1 445 1777 1778
1 446 1781 1782
1 447 1785 1786
1 448 1789 1790
1 449 1793 1794
1 450 1797 1798
1 451 1801 1802
1 452 1805 1806
1 453 1809 1810
1 454 1813 1814
1 455 1817 1818
1 456 1821 1822
1 457 1825 1826
1 458 1829 1830
1 459 1833 1834
1 460 1837 1838
1 461 1841 1842
1 462 1845 1846
1 463 1849 1850
1 464 1853 1854
1 465 1857 1858
1 466 1861 1862
1 467 1865 1866
1 468 1869 1870
1 469 1873 1874
1 470 1877 1878
1 471 1881 1882
1 472 1885 1886
1 473 1889 1890
1 474 1893 1894
1 475 1897 1898
1 476 1901 1902
1 477 1905 1906
1 478 1909 1910
1 479 1913 1914
1 480 1917 1918
1 481 1921 1922
1 482 1925 1926
1 483 1929 1930
1 484 1933 1934
1 485 1937 1938
1 486 1941 1942
1 487 1945 1946
1 488 1949 1950
1 489 1953 1954
1 490 1957 1958
1 491 1961 1962
1 492 1965 1966
1 493 1969 1970
1 494 1973 1974
1 495 1977 1978
1 496 1981 1982
1 497 1985 1986
1 498 1989 1990
1 499 1993 1994
1 500 1997 1998
1 501 2001 2002
1 502 2005 2006
1 503 2009 2010
1 504 2013 2014
1 505 2017 2018
1 506 2021 2022
1 507 2025 2026
1 508 2029 2030
1 509 2033 2034
1 510 2037 2038
1 511 2041 2042
1 512 2045 2046
1 513 2049 2050
1 514 2053 2054
1 515 2057 2058
1 516 2061 2062
1 517 2065 2066
1 518 2069 2070
1 519 2073 2074
1 520 2077 2078
1 521 2081 2082
1 522 2085 2086
1 523 2089 2090
1 524 2093 2094
1 525 2097 2098
1 526 2101 2102
1 527 2105 2106
1 528 2109 2110
1 529 2113 2114
1 530 2117 2118
1 531 2121 2122
1 532 2125 2126
1 533 2129 2130
1 534 2133 2134
1 535 2137 2138
1 536 2141 2142
1 537 2145 2146
1 538 2149 2150
1 539 2153 2154
1 540 2157 2158
1 541 2161 2162
1 542 2165 2166
1 543 2169 2170
1 544 2173 2174
1 545 2177 2178
1 546 2181 2182
1 547 2185 2186
1 548 2189 2190
1 549 2193 2194
1 550 2197 2198
1 551 2201 2202
1 552 2205 2206
1 553 2209 2210
1 554 2213 2214
1 555 2217 2218
1 556 2221 2222
1 557 2225 2226
1 558 2229 2230
1 559 2233 2234
1 560 2237 2238
1 561 2241 2242
1 562 2245 2246
1 563 2249 2250
1 564 2253 2254
1 565 2257 2258
1 566 2261 2262
1 567 2265 2266
1 568 2269 2270
1 569 2273 2274
1 570 2277 2278
1 571 2281 2282
1 572 2285 2286
1 573 2289 2290
1 574 2293 2294
1 575 2297 2298
1 576 2301 2302
1 577 2305 2306
1 578 2309 2310
1 579 2313 2314
1 580 2317 2318
1 581 2321 2322
1 582 2325 2326
1 583 2329 2330
1 584 2333 2334
1 585 2337 2338
1 586 2341 2342
1 587 2345 2346
1 588 2349 2350
1 589 2353 2354
1 590 2357 2358
1 591 2361 2362
1 592 2365 2366
1 593 2369 2370
1 594 2373 2374
1 595 2377 2378
1 596 2381 2382
1 597 2385 2386
1 598 2389 2390
1 599 2393 2394
1 600 2397 2398
1 601 2401 2402
1 602 2405 2406
1 603 2409 2410
1 604 2413 2414
1 605 2417 2418
1 606 2421 2422
1 607 2425 2426
1 608 2429 2430
1 609 2433 2434
1 610 2437 2438
1 611 2441 2442
1 612 2445 2446
1 613 2449 2450
1 614 2453 2454
1 615 2457 2458
1 616 2461 2462
1 617 2465 2466
1 618 2469 2470
1 619 2473 2474
1 620 2477 2478
1 621 2481 2482
1 622 2485 2486
1 623 2489 2490
1 624 2493 2494
1 625 2497 2498
1 626 2501 2502
1 627 2505 2506
1 628 2509 2510
1 629 2513 2514
1 630 2517 2518
1 631 2521 2522
1 632 2525 2526
1 633 2529 2530
1 634 2533 2534
1 635 2537 2538
1 636 2541 2542
1 637 2545 2546
1 638 2549 2550
1 639 2553 2554
1 640 2557 2558
1 641 2561 2562
1 642 2565 2566
1 643 2569 2570
1 644 2573 2574
1 645 2577 2578
1 646 2581 2582
1 647 2585 2586
1 648 2589 2590
1 649 2593 2594
1 650 2597 2598
1 651 2601 2602
1 652 2605 2606
1 653 2609 2610
1 654 2613 2614
1 655 2617 2618
1 656 2621 2622
1 657 2625 2626
1 658 2629 2630
1 659 2633 2634
1 660 2637 2638
1 661 2641 2642
1 662 2645 2646
1 663 2649 2650
1 664 2653 2654
1 665 2657 2658
1 666 2661 2662
1 667 2665 2666
1 668 2669 2670
1 669 2673 2674
1 670 2677 2678
1 671 2681 2682
1 672 2685 2686
1 673 2689 2690
1 674 2693 2694
1 675 2697 2698
1 676 2701 2702
1 677 2705 2706
1 678 2709 2710
1 679 2713 2714
1 680 2717 2718
1 681 2721 2722
1 682 2725 2726
1 683 2729 2730
1 684 2733 2734
1 685 2737 2738
1 686 2741 2742
1 687 2745 2746
1 688 2749 2750
1 689 2753 2754
1 690 2757 2758
1 691 2761 2762
1 692 2765 2766
1 693 2769 2770
1 694 2773 2774
1 695 2777 2778
1 696 2781 2782
1 697 2785 2786
1 698 2789 2790
1 699 2793 2794
1 700 2797 2798
1 701 2801 2802
1 702 2805 2806
1 703 2809 2810
1 704 2813 2814
1 705 2817 2818
1 706 2821 2822
1 707 2825 2826
1 708 2829 2830
1 709 2833 2834
1 710 2837 2838
1 711 2841 2842
1 712 2845 2846
1 713 2849 2850
1 714 2853 2854
1 715 2857 2858
1 716 2861 2862
1 717 2865 2866
1 718 2869 2870
1 719 2873 2874
1 720 2877 2878
1 721 2881 2882
1 722 2885 2886
1 723 2889 2890
1 724 2893 2894
1 725 2897 2898
1 726 2901 2902
1 727 2905 2906
1 728 2909 2910
1 729 2913 2914
1 730 2917 2918
1 731 2921 2922
1 732 2925 2926
1 733 2929 2930
1 734 2933 2934
1 735 2937 2938
1 736 2941 2942
1 737 2945 2946
1 738 2949 2950
1 739 2953 2954
1 740 2957 2958
1 741 2961 2962
1 742 2965 2966
1 743 2969 2970
1 744 2973 2974
1 745 2977 2978
1 746 2981 2982
1 747 2985 2986
1 748 2989 2990
1 749 2993 2994
1 750 2997 2998
1 751 3001 3002
1 752 3005 3006
1 753 3009 3010
1 754 3013 3014
1 755 3017 3018
1 756 3021 3022
1 757 3025 3026
1 758 3029 3030
1 759 3033 3034
1 760 3037 3038
1 761 3041 3042
1 762 3045 3046
1 763 3049 3050
1 764 3053 3054
1 765 3057 3058
1 766 3061 3062
1 767 3065 3066
1 768 3069 3070
1 769 3073 3074
1 770 3077 3078
1 771 3081 3082
1 772 3085 3086
1 773 3089 3090
1 774 3093 3094
1 775 3097 3098
1 776 3101 3102
1 777 3105 3106
1 778 3109 3110
1 779 3113 3114
1 780 3117 3118
1 781 3121 3122
1 782 3125 3126
1 783 3129 3130
1 784 3133 3134
1 785 3137 3138
1 786 3141 3142
1 787 3145 3146
1 788 3149 3150
1 789 3153 3154
1 790 3157 3158
1 791 3161 3162
1 792 3165 3166
1 793 3169 3170
1 794 3173 3174
1 795 3177 3178
1 796 3181 3182
1 797 3185 3186
1 798 3189 3190
1 799 3193 3194
1 800 3197 3198
1 801 3201 3202
1 802 3205 3206
1 803 3209 3210
1 804 3213 3214
1 805 3217 3218
1 806 3221 3222
1 807 3225 3226
1 808 3229 3230
1 809 3233 3234
1 810 3237 3238
1 811 3241 3242
1 812 3245 3246
1 813 3249 3250
1 814 3253 3254
1 815 3257 3258
1 816 3261 3262
1 817 3265 3266
1 818 3269 3270
1 819 3273 3274
1 820 3277 3278
1 821 3281 3282
1 822 3285 3286
1 823 3289 3290
1 824 3293 3294
1 825 3297 3298
1 826 3301 3302
1 827 3305 3306
1 828 3309 3310
1 829 3313 3314
1 830 3317 3318
1 831 3321 3322
1 832 3325 3326
1 833 3329 3330
1 834 3333 3334
1 835 3337 3338
1 836 3341 3342
1 837 3345 3346
1 838 3349 3350
1 839 3353 3354
1 840 3357 3358
1 841 3361 3362
1 842 3365 3366
1 843 3369 3370
1 844 3373 3374
1 845 3377 3378
1 846 3381 3382
1 847 3385 3386
1 848 3389 3390
1 849 3393 3394
1 850 3397 3398
1 851 3401 3402
1 852 3405 3406
1 853 3409 3410
1 854 3413 3414
1 855 3417 3418
1 856 3421 3422
1 857 3425 3426
1 858 3429 3430
1 859 3433 3434
1 860 3437 3438
1 861 3441 3442
1 862 3445 3446
1 863 3449 3450
1 864 3453 3454
1 865 3457 3458
1 866 3461 3462
1 867 3465 3466
1 868 3469 3470
1 869 3473 3474
1 870 3477 3478
1 871 3481 3482
1 872 3485 3486
1 873 3489 3490
1 874 3493 3494
1 875 3497 3498
1 876 3501 3502
1 877 3505 3506
1 878 3509 3510
1 879 3513 3514
1 880 3517 3518
1 881 3521 3522
1 882 3525 3526
1 883 3529 3530
1 884 3533 3534
1 885 3537 3538
1 886 3541 3542
1 887 3545 3546
1 888 3549 3550
1 889 3553 3554
1 890 3557 3558
1 891 3561 3562
1 892 3565 3566
1 893 3569 3570
1 894 3573 3574
1 895 3577 3578
1 896 3581 3582
1 897 3585 3586
1 898 3589 3590
1 899 3593 3594
1 900 3597 3598
1 901 3601 3602
1 902 3605 3606
1 903 3609 3610
1 904 3613 3614
1 905 3617 3618
1 906 3621 3622
1 907 3625 3626
1 908 3629 3630
1 909 3633 3634
1 910 3637 3638
1 911 3641 3642
1 912 3645 3646
1 913 3649 3650
1 914 3653 3654
1 915 3657 3658
1 916 3661 3662
1 917 3665 3666
1 918 3669 3670
1 919 3673 3674
1 920 3677 3678
1 921 3681 3682
1 922 3685 3686
1 923 3689 3690
1 924 3693 3694
1 925 3697 3698
1 926 3701 3702
1 927 3705 3706
1 928 3709 3710
1 929 3713 3714
1 930 3717 3718
1 931 3721 3722
1 932 3725 3726
1 933 3729 3730
1 934 3733 3734
1 935 3737 3738
1 936 3741 3742
1 937 3745 3746
1 938 3749 3750
1 939 3753 3754
1 940 3757 3758
1 941 3761 3762
1 942 3765 3766
1 943 3769 3770
1 944 3773 3774
1 945 3777 3778
1 946 3781 3782
1 947 3785 3786
1 948 3789 3790
1 949 3793 3794
1 950 3797 3798
1 951 3801 3802
1 952 3805 3806
1 953 3809 3810
1 954 3813 3814
1 955 3817 3818
1 956 3821 3822
1 957 3825 3826
1 958 3829 3830
1 959 3833 3834
1 960 3837 3838
1 961 3841 3842
1 962 3845 3846
1 963 3849 3850
1 964 3853 3854
1 965 3857 3858
1 966 3861 3862
1 967 3865 3866
1 968 3869 3870
1 969 3873 3874
1 970 3877 3878
1 971 3881 3882
1 972 3885 3886
1 973 3889 3890
1 974 3893 3894
1 975 3897 3898
1 976 3901 3902
1 977 3905 3906
1 978 3909 3910
1 979 3913 3914
1 980 3917 3918
1 981 3921 3922
1 982 3925 3926
1 983 3929 3930
1 984 3933 3934
1 985 3937 3938
1 986 3941 3942
1 987 3945 3946
1 988 3949 3950
1 989 3953 3954
1 990 3957 3958
1 991 3961 3962
1 992 3965 3966
1 993 3969 3970
1 994 3973 3974
1 995 3977 3978
1 996 3981 3982
1 997 3985 3986
1 998 3989 3990
1 999 3993 3994
999 2 1 5000
2 3 6 5000
3 4 6 5000
4 5 6 5000
5 6 6 5000
6 7 6 5000
7 8 6 5000
8 9 6 5000
9 10 6 5000
10 11 6 5000
11 12 6 5000
12 13 6 5000
13 14 6 5000
14 15 6 5000
15 16 6 5000
16 17 6 5000
17 18 6 5000
18 19 6 5000
19 20 6 5000
20 21 6 5000
21 22 6 5000
22 23 6 5000
23 24 6 5000
24 25 6 5000
25 26 6 5000
26 27 6 5000
27 28 6 5000
28 29 6 5000
29 30 6 5000
30 31 6 5000
31 32 6 5000
32 33 6 5000
33 34 6 5000
34 35 6 5000
35 36 6 5000
36 37 6 5000
37 38 6 5000
38 39 6 5000
39 40 6 5000
40 41 6 5000
41 42 6 5000
42 43 6 5000
43 44 6 5000
44 45 6 5000
45 46 6 5000
46 47 6 5000
47 48 6 5000
48 49 6 5000
49 50 6 5000
50 51 6 5000
51 52 6 5000
52 53 6 5000
53 54 6 5000
54 55 6 5000
55 56 6 5000
56 57 6 5000
57 58 6 5000
58 59 6 5000
59 60 6 5000
60 61 6 5000
61 62 6 5000
62 63 6 5000
63 64 6 5000
64 65 6 5000
65 66 6 5000
66 67 6 5000
67 68 6 5000
68 69 6 5000
69 70 6 5000
70 71 6 5000
71 72 6 5000
72 73 6 5000
73 74 6 5000
74 75 6 5000
75 76 6 5000
76 77 6 5000
77 78 6 5000
78 79 6 5000
79 80 6 5000
80 81 6 5000
81 82 6 5000
82 83 6 5000
83 84 6 5000
84 85 6 5000
85 86 6 5000
86 87 6 5000
87 88 6 5000
88 89 6 5000
89 90 6 5000
90 91 6 5000
91 92 6 5000
92 93 6 5000
93 94 6 5000
94 95 6 5000
95 96 6 5000
96 97 6 5000
97 98 6 5000
98 99 6 5000
99 100 6 5000
100 101 6 5000
101 102 6 5000
102 103 6 5000
103 104 6 5000
104 105 6 5000
105 106 6 5000
106 107 6 5000
107 108 6 5000
108 109 6 5000
109 110 6 5000
110 111 6 5000
111 112 6 5000
112 113 6 5000
113 114 6 5000
114 115 6 5000
115 116 6 5000
116 117 6 5000
117 118 6 5000
118 119 6 5000
119 120 6 5000
120 121 6 5000
121 122 6 5000
122 123 6 5000
123 124 6 5000
124 125 6 5000
125 126 6 5000
126 127 6 5000
127 128 6 5000
128 129 6 5000
129 130 6 5000
130 131 6 5000
131 132 6 5000
132 133 6 5000
133 134 6 5000
134 135 6 5000
135 136 6 5000
136 137 6 5000
137 138 6 5000
138 139 6 5000
139 140 6 5000
140 141 6 5000
141 142 6 5000
142 143 6 5000
143 144 6 5000
144 145 6 5000
145 146 6 5000
146 147 6 5000
147 148 6 5000
148 149 6 5000
149 150 6 5000
150 151 6 5000
151 152 6 5000
152 153 6 5000
153 154 6 5000
154 155 6 5000
155 156 6 5000
156 157 6 5000
157 158 6 5000
158 159 6 5000
159 160 6 5000
160 161 6 5000
161 162 6 5000
162 163 6 5000
163 164 6 5000
164 165 6 5000
165 166 6 5000
166 167 6 5000
167 168 6 5000
168 169 6 5000
169 170 6 5000
170 171 6 5000
171 172 6 5000
172 173 6 5000
173 174 6 5000
174 175 6 5000
175 176 6 5000
176 177 6 5000
177 178 6 5000
178 179 6 5000
179 180 6 5000
180 181 6 5000
181 182 6 5000
182 183 6 5000
183 184 6 5000
184 185 6 5000
185 186 6 5000
186 187 6 5000
187 188 6 5000
188 189 6 5000
189 190 6 5000
190 191 6 5000
191 192 6 5000
192 193 6 5000
193 194 6 5000
194 195 6 5000
195 196 6 5000
196 197 6 5000
197 198 6 5000
198 199 6 5000
199 200 6 5000
200 201 6 5000
201 202 6 5000
202 203 6 5000
203 204 6 5000
204 205 6 5000
205 206 6 5000
206 207 6 5000
207 208 6 5000
208 209 6 5000
209 210 6 5000
210 211 6 5000
211 212 6 5000
212 213 6 5000
213 214 6 5000
214 215 6 5000
215 216 6 5000
216 217 6 5000
217 218 6 5000
218 219 6 5000
219 220 6 5000
220 221 6 5000
221 222 6 5000
222 223 6 5000
223 224 6 5000
224 225 6 5000
225 226 6 5000
226 227 6 5000
227 228 6 5000
228 229 6 5000
229 230 6 5000
230 231 6 5000
231 232 6 5000
232 233 6 5000
233 234 6 5000
234 235 6 5000
235 236 6 5000
236 237 6 5000
237 238 6 5000
238 239 6 5000
239 240 6 5000
240 241 6 5000
241 242 6 5000
242 243 6 5000
243 244 6 5000
244 245 6 5000
245 246 6 5000
246 247 6 5000
247 248 6 5000
248 249 6 5000
249 250 6 5000
250 251 6 5000
251 252 6 5000
252 253 6 5000
253 254 6 5000
254 255 6 5000
255 256 6 5000
256 257 6 5000
257 258 6 5000
258 259 6 5000
259 260 6 5000
260 261 6 5000
261 262 6 5000
262 263 6 5000
263 264 6 5000
264 265 6 5000
265 266 6 5000
266 267 6 5000
267 268 6 5000
268 269 6 5000
269 270 6 5000
270 271 6 5000
271 272 6 5000
272 273 6 5000
273 274 6 5000
274 275 6 5000
275 276 6 5000
276 277 6 5000
277 278 6 5000
278 279 6 5000
279 280 6 5000
280 281 6 5000
281 282 6 5000
282 283 6 5000
283 284 6 5000
284 285 6 5000
285 286 6 5000
286 287 6 5000
287 288 6 5000
288 289 6 5000
289 290 6 5000
290 291 6 5000
291 292 6 5000
292 293 6 5000
293 294 6 5000
294 295 6 5000
295 296 6 5000
296 297 6 5000
297 298 6 5000
298 299 6 5000
299 300 6 5000
300 301 6 5000
301 302 6 5000
302 303 6 5000
303 304 6 5000
304 305 6 5000
305 306 6 5000
306 307 6 5000
307 308 6 5000
308 309 6 5000
309 310 6 5000
310 311 6 5000
311 312 6 5000
312 313 6 5000
313 314 6 5000
314 315 6 5000
315 316 6 5000
316 317 6 5000
317 318 6 5000
318 319 6 5000
319 320 6 5000
320 321 6 5000
321 322 6 5000
322 323 6 5000
323 324 6 5000
324 325 6 5000
325 326 6 5000
326 327 6 5000
327 328 6 5000
328 329 6 5000
329 330 6 5000
330 331 6 5000
331 332 6 5000
332 333 6 5000
333 334 6 5000
334 335 6 5000
335 336 6 5000
336 337 6 5000
337 338 6 5000
338 339 6 5000
339 340 6 5000
340 341 6 5000
341 342 6 5000
342 343 6 5000
343 344 6 5000
344 345 6 5000
345 346 6 5000
346 347 6 5000
347 348 6 5000
348 349 6 5000
349 350 6 5000
350 351 6 5000
351 352 6 5000
352 353 6 5000
353 354 6 5000
354 355 6 5000
355 356 6 5000
356 357 6 5000
357 358 6 5000
358 359 6 5000
359 360 6 5000
360 361 6 5000
361 362 6 5000
362 363 6 5000
363 364 6 5000
364 365 6 5000
365 366 6 5000
366 367 6 5000
367 368 6 5000
368 369 6 5000
369 370 6 5000
370 371 6 5000
371 372 6 5000
372 373 6 5000
373 374 6 5000
374 375 6 5000
375 376 6 5000
376 377 6 5000
377 378 6 5000
378 379 6 5000
379 380 6 5000
380 381 6 5000
381 382 6 5000
382 383 6 5000
383 384 6 5000
384 385 6 5000
385 386 6 5000
386 387 6 5000
387 388 6 5000
388 389 6 5000
389 390 6 5000
390 391 6 5000
391 392 6 5000
392 393 6 5000
393 394 6 5000
394 395 6 5000
395 396 6 5000
396 397 6 5000
397 398 6 5000
398 399 6 5000
399 400 6 5000
400 401 6 5000
401 402 6 5000
402 403 6 5000
403 404 6 5000
404 405 6 5000
405 406 6 5000
406 407 6 5000
407 408 6 5000
408 409 6 5000
409 410 6 5000
410 411 6 5000
411 412 6 5000
412 413 6 5000
413 414 6 5000
414 415 6 5000
415 416 6 5000
416 417 6 5000
417 418 6 5000
418 419 6 5000
419 420 6 5000
420 421 6 5000
421 422 6 5000
422 423 6 5000
423 424 6 5000
424 425 6 5000
425 426 6 5000
426 427 6 5000
427 428 6 5000
428 429 6 5000
429 430 6 5000
430 431 6 5000
431 432 6 5000
432 433 6 5000
433 434 6 5000
434 435 6 5000
435 436 6 5000
436 437 6 5000
437 438 6 5000
438 439 6 5000
439 440 6 5000
440 441 6 5000
441 442 6 5000
442 443 6 5000
443 444 6 5000
444 445 6 5000
445 446 6 5000
446 447 6 5000
447 448 6 5000
448 449 6 5000
449 450 6 5000
450 451 6 5000
451 452 6 5000
452 453 6 5000
453 454 6 5000
454 455 6 5000
455 456 6 5000
456 457 6 5000
457 458 6 5000
458 459 6 5000
459 460 6 5000
460 461 6 5000
461 462 6 5000
462 463 6 5000
463 464 6 5000
464 465 6 5000
465 466 6 5000
466 467 6 5000
467 468 6 5000
468 469 6 5000
469 470 6 5000
470 471 6 5000
471 472 6 5000
472 473 6 5000
473 474 6 5000
474 475 6 5000
475 476 6 5000
476 477 6 5000
477 478 6 5000
478 479 6 5000
479 480 6 5000
480 481 6 5000
481 482 6 5000
482 483 6 5000
483 484 6 5000
484 485 6 5000
485 486 6 5000
486 487 6 5000
487 488 6 5000
488 489 6 5000
489 490 6 5000
490 491 6 5000
491 492 6 5000
492 493 6 5000
493 494 6 5000
494 495 6 5000
495 496 6 5000
496 497 6 5000
497 498 6 5000
498 499 6 5000
499 500 6 5000
500 501 6 5000
501 502 6 5000
502 503 6 5000
503 504 6 5000
504 505 6 5000
505 506 6 5000
506 507 6 5000
507 508 6 5000
508 509 6 5000
509 510 6 5000
510 511 6 5000
511 512 6 5000
512 513 6 5000
513 514 6 5000
514 515 6 5000
515 516 6 5000
516 517 6 5000
517 518 6 5000
518 519 6 5000
519 520 6 5000
520 521 6 5000
521 522 6 5000
522 523 6 5000
523 524 6 5000
524 525 6 5000
525 526 6 5000
526 527 6 5000
527 528 6 5000
528 529 6 5000
529 530 6 5000
530 531 6 5000
531 532 6 5000
532 533 6 5000
533 534 6 5000
534 535 6 5000
535 536 6 5000
536 537 6 5000
537 538 6 5000
538 539 6 5000
539 540 6 5000
540 541 6 5000
541 542 6 5000
542 543 6 5000
543 544 6 5000
544 545 6 5000
545 546 6 5000
546 547 6 5000
547 548 6 5000
548 549 6 5000
549 550 6 5000
550 551 6 5000
551 552 6 5000
552 553 6 5000
553 554 6 5000
554 555 6 5000
555 556 6 5000
556 557 6 5000
557 558 6 5000
558 559 6 5000
559 560 6 5000
560 561 6 5000
561 562 6 5000
562 563 6 5000
563 564 6 5000
564 565 6 5000
565 566 6 5000
566 567 6 5000
567 568 6 5000
568 569 6 5000
569 570 6 5000
570 571 6 5000
571 572 6 5000
572 573 6 5000
573 574 6 5000
574 575 6 5000
575 576 6 5000
576 577 6 5000
577 578 6 5000
578 579 6 5000
579 580 6 5000
580 581 6 5000
581 582 6 5000
582 583 6 5000
583 584 6 5000
584 585 6 5000
585 586 6 5000
586 587 6 5000
587 588 6 5000
588 589 6 5000
589 590 6 5000
590 591 6 5000
591 592 6 5000
592 593 6 5000
593 594 6 5000
594 595 6 5000
595 596 6 5000
596 597 6 5000
597 598 6 5000
598 599 6 5000
599 600 6 5000
600 601 6 5000
601 602 6 5000
602 603 6 5000
603 604 6 5000
604 605 6 5000
605 606 6 5000
606 607 6 5000
607 608 6 5000
608 609 6 5000
609 610 6 5000
610 611 6 5000
611 612 6 5000
612 613 6 5000
613 614 6 5000
614 615 6 5000
615 616 6 5000
616 617 6 5000
617 618 6 5000
618 619 6 5000
619 620 6 5000
620 621 6 5000
621 622 6 5000
622 623 6 5000
623 624 6 5000
624 625 6 5000
625 626 6 5000
626 627 6 5000
627 628 6 5000
628 629 6 5000
629 630 6 5000
630 631 6 5000
631 632 6 5000
632 633 6 5000
633 634 6 5000
634 635 6 5000
635 636 6 5000
636 637 6 5000
637 638 6 5000
638 639 6 5000
639 640 6 5000
640 641 6 5000
641 642 6 5000
642 643 6 5000
643 644 6 5000
644 645 6 5000
645 646 6 5000
646 647 6 5000
647 648 6 5000
648 649 6 5000
649 650 6 5000
650 651 6 5000
651 652 6 5000
652 653 6 5000
653 654 6 5000
654 655 6 5000
655 656 6 5000
656 657 6 5000
657 658 6 5000
658 659 6 5000
659 660 6 5000
660 661 6 5000
661 662 6 5000
662 663 6 5000
663 664 6 5000
664 665 6 5000
665 666 6 5000
666 667 6 5000
667 668 6 5000
668 669 6 5000
669 670 6 5000
670 671 6 5000
671 672 6 5000
672 673 6 5000
673 674 6 5000
674 675 6 5000
675 676 6 5000
676 677 6 5000
677 678 6 5000
678 679 6 5000
679 680 6 5000
680 681 6 5000
681 682 6 5000
682 683 6 5000
683 684 6 5000
684 685 6 5000
685 686 6 5000
686 687 6 5000
687 688 6 5000
688 689 6 5000
689 690 6 5000
690 691 6 5000
691 692 6 5000
692 693 6 5000
693 694 6 5000
694 695 6 5000
695 696 6 5000
696 697 6 5000
697 698 6 5000
698 699 6 5000
699 700 6 5000
700 701 6 5000
701 702 6 5000
702 703 6 5000
703 704 6 5000
704 705 6 5000
705 706 6 5000
706 707 6 5000
707 708 6 5000
708 709 6 5000
709 710 6 5000
710 711 6 5000
711 712 6 5000
712 713 6 5000
713 714 6 5000
714 715 6 5000
715 716 6 5000
716 717 6 5000
717 718 6 5000
718 719 6 5000
719 720 6 5000
720 721 6 5000
721 722 6 5000
722 723 6 5000
723 724 6 5000
724 725 6 5000
725 726 6 5000
726 727 6 5000
727 728 6 5000
728 729 6 5000
729 730 6 5000
730 731 6 5000
731 732 6 5000
732 733 6 5000
733 734 6 5000
734 735 6 5000
735 736 6 5000
736 737 6 5000
737 738 6 5000
738 739 6 5000
739 740 6 5000
740 741 6 5000
741 742 6 5000
742 743 6 5000
743 744 6 5000
744 745 6 5000
745 746 6 5000
746 747 6 5000
747 748 6 5000
748 749 6 5000
749 750 6 5000
750 751 6 5000
751 752 6 5000
752 753 6 5000
753 754 6 5000
754 755 6 5000
755 756 6 5000
756 757 6 5000
757 758 6 5000
758 759 6 5000
759 760 6 5000
760 761 6 5000
761 762 6 5000
762 763 6 5000
763 764 6 5000
764 765 6 5000
765 766 6 5000
766 767 6 5000
767 768 6 5000
768 769 6 5000
769 770 6 5000
770 771 6 5000
771 772 6 5000
772 773 6 5000
773 774 6 5000
774 775 6 5000
775 776 6 5000
776 777 6 5000
777 778 6 5000
778 779 6 5000
779 780 6 5000
780 781 6 5000
781 782 6 5000
782 783 6 5000
783 784 6 5000
784 785 6 5000
785 786 6 5000
786 787 6 5000
787 788 6 5000
788 789 6 5000
789 790 6 5000
790 791 6 5000
791 792 6 5000
792 793 6 5000
793 794 6 5000
794 795 6 5000
795 796 6 5000
796 797 6 5000
797 798 6 5000
798 799 6 5000
799 800 6 5000
800 801 6 5000
801 802 6 5000
802 803 6 5000
803 804 6 5000
804 805 6 5000
805 806 6 5000
806 807 6 5000
807 808 6 5000
808 809 6 5000
809 810 6 5000
810 811 6 5000
811 812 6 5000
812 813 6 5000
813 814 6 5000
814 815 6 5000
815 816 6 5000
816 817 6 5000
817 818 6 5000
818 819 6 5000
819 820 6 5000
820 821 6 5000
821 822 6 5000
822 823 6 5000
823 824 6 5000
824 825 6 5000
825 826 6 5000
826 827 6 5000
827 828 6 5000
828 829 6 5000
829 830 6 5000
830 831 6 5000
831 832 6 5000
832 833 6 5000
833 834 6 5000
834 835 6 5000
835 836 6 5000
836 837 6 5000
837 838 6 5000
838 839 6 5000
839 840 6 5000
840 841 6 5000
841 842 6 5000
842 843 6 5000
843 844 6 5000
844 845 6 5000
845 846 6 5000
846 847 6 5000
847 848 6 5000
848 849 6 5000
849 850 6 5000
850 851 6 5000
851 852 6 5000
852 853 6 5000
853 854 6 5000
854 855 6 5000
855 856 6 5000
856 857 6 5000
857 858 6 5000
858 859 6 5000
859 860 6 5000
860 861 6 5000
861 862 6 5000
862 863 6 5000
863 864 6 5000
864 865 6 5000
865 866 6 5000
866 867 6 5000
867 868 6 5000
868 869 6 5000
869 870 6 5000
870 871 6 5000
871 872 6 5000
872 873 6 5000
873 874 6 5000
874 875 6 5000
875 876 6 5000
876 877 6 5000
877 878 6 5000
878 879 6 5000
879 880 6 5000
880 881 6 5000
881 882 6 5000
882 883 6 5000
883 884 6 5000
884 885 6 5000
885 886 6 5000
886 887 6 5000
887 888 6 5000
888 889 6 5000
889 890 6 5000
890 891 6 5000
891 892 6 5000
892 893 6 5000
893 894 6 5000
894 895 6 5000
895 896 6 5000
896 897 6 5000
897 898 6 5000
898 899 6 5000
899 900 6 5000
900 901 6 5000
901 902 6 5000
902 903 6 5000
903 904 6 5000
904 905 6 5000
905 906 6 5000
906 907 6 5000
907 908 6 5000
908 909 6 5000
909 910 6 5000
910 911 6 5000
911 912 6 5000
912 913 6 5000
913 914 6 5000
914 915 6 5000
915 916 6 5000
916 917 6 5000
917 918 6 5000
918 919 6 5000
919 920 6 5000
920 921 6 5000
921 922 6 5000
922 923 6 5000
923 924 6 5000
924 925 6 5000
925 926 6 5000
926 927 6 5000
927 928 6 5000
928 929 6 5000
929 930 6 5000
930 931 6 5000
931 932 6 5000
932 933 6 5000
933 934 6 5000
934 935 6 5000
935 936 6 5000
936 937 6 5000
937 938 6 5000
938 939 6 5000
939 940 6 5000
940 941 6 5000
941 942 6 5000
942 943 6 5000
943 944 6 5000
944 945 6 5000
945 946 6 5000
946 947 6 5000
947 948 6 5000
948 949 6 5000
949 950 6 5000
950 951 6 5000
951 952 6 5000
952 953 6 5000
953 954 6 5000
954 955 6 5000
955 956 6 5000
956 957 6 5000
957 958 6 5000
958 959 6 5000
959 960 6 5000
960 961 6 5000
961 962 6 5000
962 963 6 5000
963 964 6 5000
964 965 6 5000
965 966 6 5000
966 967 6 5000
967 968 6 5000
968 969 6 5000
969 970 6 5000
970 971 6 5000
971 972 6 5000
972 973 6 5000
973 974 6 5000
974 975 6 5000
975 976 6 5000
976 977 6 5000
977 978 6 5000
978 979 6 5000
979 980 6 5000
980 981 6 5000
981 982 6 5000
982 983 6 5000
983 984 6 5000
984 985 6 5000
985 986 6 5000
986 987 6 5000
987 988 6 5000
988 989 6 5000
989 990 6 5000
990 991 6 5000
991 992 6 5000
992 993 6 5000
993 994 6 5000
994 995 6 5000
995 996 6 5000
996 997 6 5000
997 998 6 5000
998 999 6 5000
3 1000 3 5000
