1000 999 200
1 1000
1 2 1 200
2 3 1 200
3 4 1 200
4 5 1 200
5 6 1 200
6 7 1 200
7 8 1 200
8 9 1 200
9 10 1 200
10 11 1 200
11 12 1 200
12 13 1 200
13 14 1 200
14 15 1 200
15 16 1 200
16 17 1 200
17 18 1 200
18 19 1 200
19 20 1 200
20 21 1 200
21 22 1 200
22 23 1 200
23 24 1 200
24 25 1 200
25 26 1 200
26 27 1 200
27 28 1 200
28 29 1 200
29 30 1 200
30 31 1 200
31 32 1 200
32 33 1 200
33 34 1 200
34 35 1 200
35 36 1 200
36 37 1 200
37 38 1 200
38 39 1 200
39 40 1 200
40 41 1 200
41 42 1 200
42 43 1 200
43 44 1 200
44 45 1 200
45 46 1 200
46 47 1 200
47 48 1 200
48 49 1 200
49 50 1 200
50 51 1 200
51 52 1 200
52 53 1 200
53 54 1 200
54 55 1 200
55 56 1 200
56 57 1 200
57 58 1 200
58 59 1 200
59 60 1 200
60 61 1 200
61 62 1 200
62 63 1 200
63 64 1 200
64 65 1 200
65 66 1 200
66 67 1 200
67 68 1 200
68 69 1 200
69 70 1 200
70 71 1 200
71 72 1 200
72 73 1 200
73 74 1 200
74 75 1 200
75 76 1 200
76 77 1 200
77 78 1 200
78 79 1 200
79 80 1 200
80 81 1 200
81 82 1 200
82 83 1 200
83 84 1 200
84 85 1 200
85 86 1 200
86 87 1 200
87 88 1 200
88 89 1 200
89 90 1 200
90 91 1 200
91 92 1 200
92 93 1 200
93 94 1 200
94 95 1 200
95 96 1 200
96 97 1 200
97 98 1 200
98 99 1 200
99 100 1 200
100 101 1 200
101 102 1 200
102 103 1 200
103 104 1 200
104 105 1 200
105 106 1 200
106 107 1 200
107 108 1 200
108 109 1 200
109 110 1 200
110 111 1 200
111 112 1 200
112 113 1 200
113 114 1 200
114 115 1 200
115 116 1 200
116 117 1 200
117 118 1 200
118 119 1 200
119 120 1 200
120 121 1 200
121 122 1 200
122 123 1 200
123 124 1 200
124 125 1 200
125 126 1 200
126 127 1 200
127 128 1 200
128 129 1 200
129 130 1 200
130 131 1 200
131 132 1 200
132 133 1 200
133 134 1 200
134 135 1 200
135 136 1 200
136 137 1 200
137 138 1 200
138 139 1 200
139 140 1 200
140 141 1 200
141 142 1 200
142 143 1 200
143 144 1 200
144 145 1 200
145 146 1 200
146 147 1 200
147 148 1 200
148 149 1 200
149 150 1 200
150 151 1 200
151 152 1 200
152 153 1 200
153 154 1 200
154 155 1 200
155 156 1 200
156 157 1 200
157 158 1 200
158 159 1 200
159 160 1 200
160 161 1 200
161 162 1 200
162 163 1 200
163 164 1 200
164 165 1 200
165 166 1 200
166 167 1 200
167 168 1 200
168 169 1 200
169 170 1 200
170 171 1 200
171 172 1 200
172 173 1 200
173 174 1 200
174 175 1 200
175 176 1 200
176 177 1 200
177 178 1 200
178 179 1 200
179 180 1 200
180 181 1 200
181 182 1 200
182 183 1 200
183 184 1 200
184 185 1 200
185 186 1 200
186 187 1 200
187 188 1 200
188 189 1 200
189 190 1 200
190 191 1 200
191 192 1 200
192 193 1 200
193 194 1 200
194 195 1 200
195 196 1 200
196 197 1 200
197 198 1 200
198 199 1 200
199 200 1 200
200 201 1 200
201 202 1 200
202 203 1 200
203 204 1 200
204 205 1 200
205 206 1 200
206 207 1 200
207 208 1 200
208 209 1 200
209 210 1 200
210 211 1 200
211 212 1 200
212 213 1 200
213 214 1 200
214 215 1 200
215 216 1 200
216 217 1 200
217 218 1 200
218 219 1 200
219 220 1 200
220 221 1 200
221 222 1 200
222 223 1 200
223 224 1 200
224 225 1 200
225 226 1 200
226 227 1 200
227 228 1 200
228 229 1 200
229 230 1 200
230 231 1 200
231 232 1 200
232 233 1 200
233 234 1 200
234 235 1 200
235 236 1 200
236 237 1 200
237 238 1 200
238 239 1 200
239 240 1 200
240 241 1 200
241 242 1 200
242 243 1 200
243 244 1 200
244 245 1 200
245 246 1 200
246 247 1 200
247 248 1 200
248 249 1 200
249 250 1 200
250 251 1 200
251 252 1 200
252 253 1 200
253 254 1 200
254 255 1 200
255 256 1 200
256 257 1 200
257 258 1 200
258 259 1 200
259 260 1 200
260 261 1 200
261 262 1 200
262 263 1 200
263 264 1 200
264 265 1 200
265 266 1 200
266 267 1 200
267 268 1 200
268 269 1 200
269 270 1 200
270 271 1 200
271 272 1 200
272 273 1 200
273 274 1 200
274 275 1 200
275 276 1 200
276 277 1 200
277 278 1 200
278 279 1 200
279 280 1 200
280 281 1 200
281 282 1 200
282 283 1 200
283 284 1 200
284 285 1 200
285 286 1 200
286 287 1 200
287 288 1 200
288 289 1 200
289 290 1 200
290 291 1 200
291 292 1 200
292 293 1 200
293 294 1 200
294 295 1 200
295 296 1 200
296 297 1 200
297 298 1 200
298 299 1 200
299 300 1 200
300 301 1 200
301 302 1 200
302 303 1 200
303 304 1 200
304 305 1 200
305 306 1 200
306 307 1 200
307 308 1 200
308 309 1 200
309 310 1 200
310 311 1 200
311 312 1 200
312 313 1 200
313 314 1 200
314 315 1 200
315 316 1 200
316 317 1 200
317 318 1 200
318 319 1 200
319 320 1 200
320 321 1 200
321 322 1 200
322 323 1 200
323 324 1 200
324 325 1 200
325 326 1 200
326 327 1 200
327 328 1 200
328 329 1 200
329 330 1 200
330 331 1 200
331 332 1 200
332 333 1 200
333 334 1 200
334 335 1 200
335 336 1 200
336 337 1 200
337 338 1 200
338 339 1 200
339 340 1 200
340 341 1 200
341 342 1 200
342 343 1 200
343 344 1 200
344 345 1 200
345 346 1 200
346 347 1 200
347 348 1 200
348 349 1 200
349 350 1 200
350 351 1 200
351 352 1 200
352 353 1 200
353 354 1 200
354 355 1 200
355 356 1 200
356 357 1 200
357 358 1 200
358 359 1 200
359 360 1 200
360 361 1 200
361 362 1 200
362 363 1 200
363 364 1 200
364 365 1 200
365 366 1 200
366 367 1 200
367 368 1 200
368 369 1 200
369 370 1 200
370 371 1 200
371 372 1 200
372 373 1 200
373 374 1 200
374 375 1 200
375 376 1 200
376 377 1 200
377 378 1 200
378 379 1 200
379 380 1 200
380 381 1 200
381 382 1 200
382 383 1 200
383 384 1 200
384 385 1 200
385 386 1 200
386 387 1 200
387 388 1 200
388 389 1 200
389 390 1 200
390 391 1 200
391 392 1 200
392 393 1 200
393 394 1 200
394 395 1 200
395 396 1 200
396 397 1 200
397 398 1 200
398 399 1 200
399 400 1 200
400 401 1 200
401 402 1 200
402 403 1 200
403 404 1 200
404 405 1 200
405 406 1 200
406 407 1 200
407 408 1 200
408 409 1 200
409 410 1 200
410 411 1 200
411 412 1 200
412 413 1 200
413 414 1 200
414 415 1 200
415 416 1 200
416 417 1 200
417 418 1 200
418 419 1 200
419 420 1 200
420 421 1 200
421 422 1 200
422 423 1 200
423 424 1 200
424 425 1 200
425 426 1 200
426 427 1 200
427 428 1 200
428 429 1 200
429 430 1 200
430 431 1 200
431 432 1 200
432 433 1 200
433 434 1 200
434 435 1 200
435 436 1 200
436 437 1 200
437 438 1 200
438 439 1 200
439 440 1 200
440 441 1 200
441 442 1 200
442 443 1 200
443 444 1 200
444 445 1 200
445 446 1 200
446 447 1 200
447 448 1 200
448 449 1 200
449 450 1 200
450 451 1 200
451 452 1 200
452 453 1 200
453 454 1 200
454 455 1 200
455 456 1 200
456 457 1 200
457 458 1 200
458 459 1 200
459 460 1 200
460 461 1 200
461 462 1 200
462 463 1 200
463 464 1 200
464 465 1 200
465 466 1 200
466 467 1 200
467 468 1 200
468 469 1 200
469 470 1 200
470 471 1 200
471 472 1 200
472 473 1 200
473 474 1 200
474 475 1 200
475 476 1 200
476 477 1 200
477 478 1 200
478 479 1 200
479 480 1 200
480 481 1 200
481 482 1 200
482 483 1 200
483 484 1 200
484 485 1 200
485 486 1 200
486 487 1 200
487 488 1 200
488 489 1 200
489 490 1 200
490 491 1 200
491 492 1 200
492 493 1 200
493 494 1 200
494 495 1 200
495 496 1 200
496 497 1 200
497 498 1 200
498 499 1 200
499 500 1 200
500 501 1 200
501 502 1 200
502 503 1 200
503 504 1 200
504 505 1 200
505 506 1 200
506 507 1 200
507 508 1 200
508 509 1 200
509 510 1 200
510 511 1 200
511 512 1 200
512 513 1 200
513 514 1 200
514 515 1 200
515 516 1 200
516 517 1 200
517 518 1 200
518 519 1 200
519 520 1 200
520 521 1 200
521 522 1 200
522 523 1 200
523 524 1 200
524 525 1 200
525 526 1 200
526 527 1 200
527 528 1 200
528 529 1 200
529 530 1 200
530 531 1 200
531 532 1 200
532 533 1 200
533 534 1 200
534 535 1 200
535 536 1 200
536 537 1 200
537 538 1 200
538 539 1 200
539 540 1 200
540 541 1 200
541 542 1 200
542 543 1 200
543 544 1 200
544 545 1 200
545 546 1 200
546 547 1 200
547 548 1 200
548 549 1 200
549 550 1 200
550 551 1 200
551 552 1 200
552 553 1 200
553 554 1 200
554 555 1 200
555 556 1 200
556 557 1 200
557 558 1 200
558 559 1 200
559 560 1 200
560 561 1 200
561 562 1 200
562 563 1 200
563 564 1 200
564 565 1 200
565 566 1 200
566 567 1 200
567 568 1 200
568 569 1 200
569 570 1 200
570 571 1 200
571 572 1 200
572 573 1 200
573 574 1 200
574 575 1 200
575 576 1 200
576 577 1 200
577 578 1 200
578 579 1 200
579 580 1 200
580 581 1 200
581 582 1 200
582 583 1 200
583 584 1 200
584 585 1 200
585 586 1 200
586 587 1 200
587 588 1 200
588 589 1 200
589 590 1 200
590 591 1 200
591 592 1 200
592 593 1 200
593 594 1 200
594 595 1 200
595 596 1 200
596 597 1 200
597 598 1 200
598 599 1 200
599 600 1 200
600 601 1 200
601 602 1 200
602 603 1 200
603 604 1 200
604 605 1 200
605 606 1 200
606 607 1 200
607 608 1 200
608 609 1 200
609 610 1 200
610 611 1 200
611 612 1 200
612 613 1 200
613 614 1 200
614 615 1 200
615 616 1 200
616 617 1 200
617 618 1 200
618 619 1 200
619 620 1 200
620 621 1 200
621 622 1 200
622 623 1 200
623 624 1 200
624 625 1 200
625 626 1 200
626 627 1 200
627 628 1 200
628 629 1 200
629 630 1 200
630 631 1 200
631 632 1 200
632 633 1 200
633 634 1 200
634 635 1 200
635 636 1 200
636 637 1 200
637 638 1 200
638 639 1 200
639 640 1 200
640 641 1 200
641 642 1 200
642 643 1 200
643 644 1 200
644 645 1 200
645 646 1 200
646 647 1 200
647 648 1 200
648 649 1 200
649 650 1 200
650 651 1 200
651 652 1 200
652 653 1 200
653 654 1 200
654 655 1 200
655 656 1 200
656 657 1 200
657 658 1 200
658 659 1 200
659 660 1 200
660 661 1 200
661 662 1 200
662 663 1 200
663 664 1 200
664 665 1 200
665 666 1 200
666 667 1 200
667 668 1 200
668 669 1 200
669 670 1 200
670 671 1 200
671 672 1 200
672 673 1 200
673 674 1 200
674 675 1 200
675 676 1 200
676 677 1 200
677 678 1 200
678 679 1 200
679 680 1 200
680 681 1 200
681 682 1 200
682 683 1 200
683 684 1 200
684 685 1 200
685 686 1 200
686 687 1 200
687 688 1 200
688 689 1 200
689 690 1 200
690 691 1 200
691 692 1 200
692 693 1 200
693 694 1 200
694 695 1 200
695 696 1 200
696 697 1 200
697 698 1 200
698 699 1 200
699 700 1 200
700 701 1 200
701 702 1 200
702 703 1 200
703 704 1 200
704 705 1 200
705 706 1 200
706 707 1 200
707 708 1 200
708 709 1 200
709 710 1 200
710 711 1 200
711 712 1 200
712 713 1 200
713 714 1 200
714 715 1 200
715 716 1 200
716 717 1 200
717 718 1 200
718 719 1 200
719 720 1 200
720 721 1 200
721 722 1 200
722 723 1 200
723 724 1 200
724 725 1 200
725 726 1 200
726 727 1 200
727 728 1 200
728 729 1 200
729 730 1 200
730 731 1 200
731 732 1 200
732 733 1 200
733 734 1 200
734 735 1 200
735 736 1 200
736 737 1 200
737 738 1 200
738 739 1 200
739 740 1 200
740 741 1 200
741 742 1 200
742 743 1 200
743 744 1 200
744 745 1 200
745 746 1 200
746 747 1 200
747 748 1 200
748 749 1 200
749 750 1 200
750 751 1 200
751 752 1 200
752 753 1 200
753 754 1 200
754 755 1 200
755 756 1 200
756 757 1 200
757 758 1 200
758 759 1 200
759 760 1 200
760 761 1 200
761 762 1 200
762 763 1 200
763 764 1 200
764 765 1 200
765 766 1 200
766 767 1 200
767 768 1 200
768 769 1 200
769 770 1 200
770 771 1 200
771 772 1 200
772 773 1 200
773 774 1 200
774 775 1 200
775 776 1 200
776 777 1 200
777 778 1 200
778 779 1 200
779 780 1 200
780 781 1 200
781 782 1 200
782 783 1 200
783 784 1 200
784 785 1 200
785 786 1 200
786 787 1 200
787 788 1 200
788 789 1 200
789 790 1 200
790 791 1 200
791 792 1 200
792 793 1 200
793 794 1 200
794 795 1 200
795 796 1 200
796 797 1 200
797 798 1 200
798 799 1 200
799 800 1 200
800 801 1 200
801 802 1 200
802 803 1 200
803 804 1 200
804 805 1 200
805 806 1 200
806 807 1 200
807 808 1 200
808 809 1 200
809 810 1 200
810 811 1 200
811 812 1 200
812 813 1 200
813 814 1 200
814 815 1 200
815 816 1 200
816 817 1 200
817 818 1 200
818 819 1 200
819 820 1 200
820 821 1 200
821 822 1 200
822 823 1 200
823 824 1 200
824 825 1 200
825 826 1 200
826 827 1 200
827 828 1 200
828 829 1 200
829 830 1 200
830 831 1 200
831 832 1 200
832 833 1 200
833 834 1 200
834 835 1 200
835 836 1 200
836 837 1 200
837 838 1 200
838 839 1 200
839 840 1 200
840 841 1 200
841 842 1 200
842 843 1 200
843 844 1 200
844 845 1 200
845 846 1 200
846 847 1 200
847 848 1 200
848 849 1 200
849 850 1 200
850 851 1 200
851 852 1 200
852 853 1 200
853 854 1 200
854 855 1 200
855 856 1 200
856 857 1 200
857 858 1 200
858 859 1 200
859 860 1 200
860 861 1 200
861 862 1 200
862 863 1 200
863 864 1 200
864 865 1 200
865 866 1 200
866 867 1 200
867 868 1 200
868 869 1 200
869 870 1 200
870 871 1 200
871 872 1 200
872 873 1 200
873 874 1 200
874 875 1 200
875 876 1 200
876 877 1 200
877 878 1 200
878 879 1 200
879 880 1 200
880 881 1 200
881 882 1 200
882 883 1 200
883 884 1 200
884 885 1 200
885 886 1 200
886 887 1 200
887 888 1 200
888 889 1 200
889 890 1 200
890 891 1 200
891 892 1 200
892 893 1 200
893 894 1 200
894 895 1 200
895 896 1 200
896 897 1 200
897 898 1 200
898 899 1 200
899 900 1 200
900 901 1 200
901 902 1 200
902 903 1 200
903 904 1 200
904 905 1 200
905 906 1 200
906 907 1 200
907 908 1 200
908 909 1 200
909 910 1 200
910 911 1 200
911 912 1 200
912 913 1 200
913 914 1 200
914 915 1 200
915 916 1 200
916 917 1 200
917 918 1 200
918 919 1 200
919 920 1 200
920 921 1 200
921 922 1 200
922 923 1 200
923 924 1 200
924 925 1 200
925 926 1 200
926 927 1 200
927 928 1 200
928 929 1 200
929 930 1 200
930 931 1 200
931 932 1 200
932 933 1 200
933 934 1 200
934 935 1 200
935 936 1 200
936 937 1 200
937 938 1 200
938 939 1 200
939 940 1 200
940 941 1 200
941 942 1 200
942 943 1 200
943 944 1 200
944 945 1 200
945 946 1 200
946 947 1 200
947 948 1 200
948 949 1 200
949 950 1 200
950 951 1 200
951 952 1 200
952 953 1 200
953 954 1 200
954 955 1 200
955 956 1 200
956 957 1 200
957 958 1 200
958 959 1 200
959 960 1 200
960 961 1 200
961 962 1 200
962 963 1 200
963 964 1 200
964 965 1 200
965 966 1 200
966 967 1 200
967 968 1 200
968 969 1 200
969 970 1 200
970 971 1 200
971 972 1 200
972 973 1 200
973 974 1 200
974 975 1 200
975 976 1 200
976 977 1 200
977 978 1 200
978 979 1 200
979 980 1 200
980 981 1 200
981 982 1 200
982 983 1 200
983 984 1 200
984 985 1 200
985 986 1 200
986 987 1 200
987 988 1 200
988 989 1 200
989 990 1 200
990 991 1 200
991 992 1 200
992 993 1 200
993 994 1 200
994 995 1 200
995 996 1 200
996 997 1 200
997 998 1 200
998 999 1 200
999 1000 1 200
