1000 1997 1000
1 1000
1 2 2 2
1 3 3 3
1 4 4 4
1 5 5 5
1 6 6 6
1 7 7 7
1 8 8 8
1 9 9 9
1 10 10 10
1 11 11 11
1 12 12 12
1 13 13 13
1 14 14 14
1 15 15 15
1 16 16 16
1 17 17 17
1 18 18 18
1 19 19 19
1 20 20 20
1 21 21 21
1 22 22 22
1 23 23 23
1 24 24 24
1 25 25 25
1 26 26 26
1 27 27 27
1 28 28 28
1 29 29 29
1 30 30 30
1 31 31 31
1 32 32 32
1 33 33 33
1 34 34 34
1 35 35 35
1 36 36 36
1 37 37 37
1 38 38 38
1 39 39 39
1 40 40 40
1 41 41 41
1 42 42 42
1 43 43 43
1 44 44 44
1 45 45 45
1 46 46 46
1 47 47 47
1 48 48 48
1 49 49 49
1 50 50 50
1 51 51 51
1 52 52 52
1 53 53 53
1 54 54 54
1 55 55 55
1 56 56 56
1 57 57 57
1 58 58 58
1 59 59 59
1 60 60 60
1 61 61 61
1 62 62 62
1 63 63 63
1 64 64 64
1 65 65 65
1 66 66 66
1 67 67 67
1 68 68 68
1 69 69 69
1 70 70 70
1 71 71 71
1 72 72 72
1 73 73 73
1 74 74 74
1 75 75 75
1 76 76 76
1 77 77 77
1 78 78 78
1 79 79 79
1 80 80 80
1 81 81 81
1 82 82 82
1 83 83 83
1 84 84 84
1 85 85 85
1 86 86 86
1 87 87 87
1 88 88 88
1 89 89 89
1 90 90 90
1 91 91 91
1 92 92 92
1 93 93 93
1 94 94 94
1 95 95 95
1 96 96 96
1 97 97 97
1 98 98 98
1 99 99 99
1 100 100 100
1 101 101 101
1 102 102 102
1 103 103 103
1 104 104 104
1 105 105 105
1 106 106 106
1 107 107 107
1 108 108 108
1 109 109 109
1 110 110 110
1 111 111 111
1 112 112 112
1 113 113 113
1 114 114 114
1 115 115 115
1 116 116 116
1 117 117 117
1 118 118 118
1 119 119 119
1 120 120 120
1 121 121 121
1 122 122 122
1 123 123 123
1 124 124 124
1 125 125 125
1 126 126 126
1 127 127 127
1 128 128 128
1 129 129 129
1 130 130 130
1 131 131 131
1 132 132 132
1 133 133 133
1 134 134 134
1 135 135 135
1 136 136 136
1 137 137 137
1 138 138 138
1 139 139 139
1 140 140 140
1 141 141 141
1 142 142 142
1 143 143 143
1 144 144 144
1 145 145 145
1 146 146 146
1 147 147 147
1 148 148 148
1 149 149 149
1 150 150 150
1 151 151 151
1 152 152 152
1 153 153 153
1 154 154 154
1 155 155 155
1 156 156 156
1 157 157 157
1 158 158 158
1 159 159 159
1 160 160 160
1 161 161 161
1 162 162 162
1 163 163 163
1 164 164 164
1 165 165 165
1 166 166 166
1 167 167 167
1 168 168 168
1 169 169 169
1 170 170 170
1 171 171 171
1 172 172 172
1 173 173 173
1 174 174 174
1 175 175 175
1 176 176 176
1 177 177 177
1 178 178 178
1 179 179 179
1 180 180 180
1 181 181 181
1 182 182 182
1 183 183 183
1 184 184 184
1 185 185 185
1 186 186 186
1 187 187 187
1 188 188 188
1 189 189 189
1 190 190 190
1 191 191 191
1 192 192 192
1 193 193 193
1 194 194 194
1 195 195 195
1 196 196 196
1 197 197 197
1 198 198 198
1 199 199 199
1 200 200 200
1 201 201 201
1 202 202 202
1 203 203 203
1 204 204 204
1 205 205 205
1 206 206 206
1 207 207 207
1 208 208 208
1 209 209 209
1 210 210 210
1 211 211 211
1 212 212 212
1 213 213 213
1 214 214 214
1 215 215 215
1 216 216 216
1 217 217 217
1 218 218 218
1 219 219 219
1 220 220 220
1 221 221 221
1 222 222 222
1 223 223 223
1 224 224 224
1 225 225 225
1 226 226 226
1 227 227 227
1 228 228 228
1 229 229 229
1 230 230 230
1 231 231 231
1 232 232 232
1 233 233 233
1 234 234 234
1 235 235 235
1 236 236 236
1 237 237 237
1 238 238 238
1 239 239 239
1 240 240 240
1 241 241 241
1 242 242 242
1 243 243 243
1 244 244 244
1 245 245 245
1 246 246 246
1 247 247 247
1 248 248 248
1 249 249 249
1 250 250 250
1 251 251 251
1 252 252 252
1 253 253 253
1 254 254 254
1 255 255 255
1 256 256 256
1 257 257 257
1 258 258 258
1 259 259 259
1 260 260 260
1 261 261 261
1 262 262 262
1 263 263 263
1 264 264 264
1 265 265 265
1 266 266 266
1 267 267 267
1 268 268 268
1 269 269 269
1 270 270 270
1 271 271 271
1 272 272 272
1 273 273 273
1 274 274 274
1 275 275 275
1 276 276 276
1 277 277 277
1 278 278 278
1 279 279 279
1 280 280 280
1 281 281 281
1 282 282 282
1 283 283 283
1 284 284 284
1 285 285 285
1 286 286 286
1 287 287 287
1 288 288 288
1 289 289 289
1 290 290 290
1 291 291 291
1 292 292 292
1 293 293 293
1 294 294 294
1 295 295 295
1 296 296 296
1 297 297 297
1 298 298 298
1 299 299 299
1 300 300 300
1 301 301 301
1 302 302 302
1 303 303 303
1 304 304 304
1 305 305 305
1 306 306 306
1 307 307 307
1 308 308 308
1 309 309 309
1 310 310 310
1 311 311 311
1 312 312 312
1 313 313 313
1 314 314 314
1 315 315 315
1 316 316 316
1 317 317 317
1 318 318 318
1 319 319 319
1 320 320 320
1 321 321 321
1 322 322 322
1 323 323 323
1 324 324 324
1 325 325 325
1 326 326 326
1 327 327 327
1 328 328 328
1 329 329 329
1 330 330 330
1 331 331 331
1 332 332 332
1 333 333 333
1 334 334 334
1 335 335 335
1 336 336 336
1 337 337 337
1 338 338 338
1 339 339 339
1 340 340 340
1 341 341 341
1 342 342 342
1 343 343 343
1 344 344 344
1 345 345 345
1 346 346 346
1 347 347 347
1 348 348 348
1 349 349 349
1 350 350 350
1 351 351 351
1 352 352 352
1 353 353 353
1 354 354 354
1 355 355 355
1 356 356 356
1 357 357 357
1 358 358 358
1 359 359 359
1 360 360 360
1 361 361 361
1 362 362 362
1 363 363 363
1 364 364 364
1 365 365 365
1 366 366 366
1 367 367 367
1 368 368 368
1 369 369 369
1 370 370 370
1 371 371 371
1 372 372 372
1 373 373 373
1 374 374 374
1 375 375 375
1 376 376 376
1 377 377 377
1 378 378 378
1 379 379 379
1 380 380 380
1 381 381 381
1 382 382 382
1 383 383 383
1 384 384 384
1 385 385 385
1 386 386 386
1 387 387 387
1 388 388 388
1 389 389 389
1 390 390 390
1 391 391 391
1 392 392 392
1 393 393 393
1 394 394 394
1 395 395 395
1 396 396 396
1 397 397 397
1 398 398 398
1 399 399 399
1 400 400 400
1 401 401 401
1 402 402 402
1 403 403 403
1 404 404 404
1 405 405 405
1 406 406 406
1 407 407 407
1 408 408 408
1 409 409 409
1 410 410 410
1 411 411 411
1 412 412 412
1 413 413 413
1 414 414 414
1 415 415 415
1 416 416 416
1 417 417 417
1 418 418 418
1 419 419 419
1 420 420 420
1 421 421 421
1 422 422 422
1 423 423 423
1 424 424 424
1 425 425 425
1 426 426 426
1 427 427 427
1 428 428 428
1 429 429 429
1 430 430 430
1 431 431 431
1 432 432 432
1 433 433 433
1 434 434 434
1 435 435 435
1 436 436 436
1 437 437 437
1 438 438 438
1 439 439 439
1 440 440 440
1 441 441 441
1 442 442 442
1 443 443 443
1 444 444 444
1 445 445 445
1 446 446 446
1 447 447 447
1 448 448 448
1 449 449 449
1 450 450 450
1 451 451 451
1 452 452 452
1 453 453 453
1 454 454 454
1 455 455 455
1 456 456 456
1 457 457 457
1 458 458 458
1 459 459 459
1 460 460 460
1 461 461 461
1 462 462 462
1 463 463 463
1 464 464 464
1 465 465 465
1 466 466 466
1 467 467 467
1 468 468 468
1 469 469 469
1 470 470 470
1 471 471 471
1 472 472 472
1 473 473 473
1 474 474 474
1 475 475 475
1 476 476 476
1 477 477 477
1 478 478 478
1 479 479 479
1 480 480 480
1 481 481 481
1 482 482 482
1 483 483 483
1 484 484 484
1 485 485 485
1 486 486 486
1 487 487 487
1 488 488 488
1 489 489 489
1 490 490 490
1 491 491 491
1 492 492 492
1 493 493 493
1 494 494 494
1 495 495 495
1 496 496 496
1 497 497 497
1 498 498 498
1 499 499 499
1 500 500 500
1 501 501 501
1 502 502 502
1 503 503 503
1 504 504 504
1 505 505 505
1 506 506 506
1 507 507 507
1 508 508 508
1 509 509 509
1 510 510 510
1 511 511 511
1 512 512 512
1 513 513 513
1 514 514 514
1 515 515 515
1 516 516 516
1 517 517 517
1 518 518 518
1 519 519 519
1 520 520 520
1 521 521 521
1 522 522 522
1 523 523 523
1 524 524 524
1 525 525 525
1 526 526 526
1 527 527 527
1 528 528 528
1 529 529 529
1 530 530 530
1 531 531 531
1 532 532 532
1 533 533 533
1 534 534 534
1 535 535 535
1 536 536 536
1 537 537 537
1 538 538 538
1 539 539 539
1 540 540 540
1 541 541 541
1 542 542 542
1 543 543 543
1 544 544 544
1 545 545 545
1 546 546 546
1 547 547 547
1 548 548 548
1 549 549 549
1 550 550 550
1 551 551 551
1 552 552 552
1 553 553 553
1 554 554 554
1 555 555 555
1 556 556 556
1 557 557 557
1 558 558 558
1 559 559 559
1 560 560 560
1 561 561 561
1 562 562 562
1 563 563 563
1 564 564 564
1 565 565 565
1 566 566 566
1 567 567 567
1 568 568 568
1 569 569 569
1 570 570 570
1 571 571 571
1 572 572 572
1 573 573 573
1 574 574 574
1 575 575 575
1 576 576 576
1 577 577 577
1 578 578 578
1 579 579 579
1 580 580 580
1 581 581 581
1 582 582 582
1 583 583 583
1 584 584 584
1 585 585 585
1 586 586 586
1 587 587 587
1 588 588 588
1 589 589 589
1 590 590 590
1 591 591 591
1 592 592 592
1 593 593 593
1 594 594 594
1 595 595 595
1 596 596 596
1 597 597 597
1 598 598 598
1 599 599 599
1 600 600 600
1 601 601 601
1 602 602 602
1 603 603 603
1 604 604 604
1 605 605 605
1 606 606 606
1 607 607 607
1 608 608 608
1 609 609 609
1 610 610 610
1 611 611 611
1 612 612 612
1 613 613 613
1 614 614 614
1 615 615 615
1 616 616 616
1 617 617 617
1 618 618 618
1 619 619 619
1 620 620 620
1 621 621 621
1 622 622 622
1 623 623 623
1 624 624 624
1 625 625 625
1 626 626 626
1 627 627 627
1 628 628 628
1 629 629 629
1 630 630 630
1 631 631 631
1 632 632 632
1 633 633 633
1 634 634 634
1 635 635 635
1 636 636 636
1 637 637 637
1 638 638 638
1 639 639 639
1 640 640 640
1 641 641 641
1 642 642 642
1 643 643 643
1 644 644 644
1 645 645 645
1 646 646 646
1 647 647 647
1 648 648 648
1 649 649 649
1 650 650 650
1 651 651 651
1 652 652 652
1 653 653 653
1 654 654 654
1 655 655 655
1 656 656 656
1 657 657 657
1 658 658 658
1 659 659 659
1 660 660 660
1 661 661 661
1 662 662 662
1 663 663 663
1 664 664 664
1 665 665 665
1 666 666 666
1 667 667 667
1 668 668 668
1 669 669 669
1 670 670 670
1 671 671 671
1 672 672 672
1 673 673 673
1 674 674 674
1 675 675 675
1 676 676 676
1 677 677 677
1 678 678 678
1 679 679 679
1 680 680 680
1 681 681 681
1 682 682 682
1 683 683 683
1 684 684 684
1 685 685 685
1 686 686 686
1 687 687 687
1 688 688 688
1 689 689 689
1 690 690 690
1 691 691 691
1 692 692 692
1 693 693 693
1 694 694 694
1 695 695 695
1 696 696 696
1 697 697 697
1 698 698 698
1 699 699 699
1 700 700 700
1 701 701 701
1 702 702 702
1 703 703 703
1 704 704 704
1 705 705 705
1 706 706 706
1 707 707 707
1 708 708 708
1 709 709 709
1 710 710 710
1 711 711 711
1 712 712 712
1 713 713 713
1 714 714 714
1 715 715 715
1 716 716 716
1 717 717 717
1 718 718 718
1 719 719 719
1 720 720 720
1 721 721 721
1 722 722 722
1 723 723 723
1 724 724 724
1 725 725 725
1 726 726 726
1 727 727 727
1 728 728 728
1 729 729 729
1 730 730 730
1 731 731 731
1 732 732 732
1 733 733 733
1 734 734 734
1 735 735 735
1 736 736 736
1 737 737 737
1 738 738 738
1 739 739 739
1 740 740 740
1 741 741 741
1 742 742 742
1 743 743 743
1 744 744 744
1 745 745 745
1 746 746 746
1 747 747 747
1 748 748 748
1 749 749 749
1 750 750 750
1 751 751 751
1 752 752 752
1 753 753 753
1 754 754 754
1 755 755 755
1 756 756 756
1 757 757 757
1 758 758 758
1 759 759 759
1 760 760 760
1 761 761 761
1 762 762 762
1 763 763 763
1 764 764 764
1 765 765 765
1 766 766 766
1 767 767 767
1 768 768 768
1 769 769 769
1 770 770 770
1 771 771 771
1 772 772 772
1 773 773 773
1 774 774 774
1 775 775 775
1 776 776 776
1 777 777 777
1 778 778 778
1 779 779 779
1 780 780 780
1 781 781 781
1 782 782 782
1 783 783 783
1 784 784 784
1 785 785 785
1 786 786 786
1 787 787 787
1 788 788 788
1 789 789 789
1 790 790 790
1 791 791 791
1 792 792 792
1 793 793 793
1 794 794 794
1 795 795 795
1 796 796 796
1 797 797 797
1 798 798 798
1 799 799 799
1 800 800 800
1 801 801 801
1 802 802 802
1 803 803 803
1 804 804 804
1 805 805 805
1 806 806 806
1 807 807 807
1 808 808 808
1 809 809 809
1 810 810 810
1 811 811 811
1 812 812 812
1 813 813 813
1 814 814 814
1 815 815 815
1 816 816 816
1 817 817 817
1 818 818 818
1 819 819 819
1 820 820 820
1 821 821 821
1 822 822 822
1 823 823 823
1 824 824 824
1 825 825 825
1 826 826 826
1 827 827 827
1 828 828 828
1 829 829 829
1 830 830 830
1 831 831 831
1 832 832 832
1 833 833 833
1 834 834 834
1 835 835 835
1 836 836 836
1 837 837 837
1 838 838 838
1 839 839 839
1 840 840 840
1 841 841 841
1 842 842 842
1 843 843 843
1 844 844 844
1 845 845 845
1 846 846 846
1 847 847 847
1 848 848 848
1 849 849 849
1 850 850 850
1 851 851 851
1 852 852 852
1 853 853 853
1 854 854 854
1 855 855 855
1 856 856 856
1 857 857 857
1 858 858 858
1 859 859 859
1 860 860 860
1 861 861 861
1 862 862 862
1 863 863 863
1 864 864 864
1 865 865 865
1 866 866 866
1 867 867 867
1 868 868 868
1 869 869 869
1 870 870 870
1 871 871 871
1 872 872 872
1 873 873 873
1 874 874 874
1 875 875 875
1 876 876 876
1 877 877 877
1 878 878 878
1 879 879 879
1 880 880 880
1 881 881 881
1 882 882 882
1 883 883 883
1 884 884 884
1 885 885 885
1 886 886 886
1 887 887 887
1 888 888 888
1 889 889 889
1 890 890 890
1 891 891 891
1 892 892 892
1 893 893 893
1 894 894 894
1 895 895 895
1 896 896 896
1 897 897 897
1 898 898 898
1 899 899 899
1 900 900 900
1 901 901 901
1 902 902 902
1 903 903 903
1 904 904 904
1 905 905 905
1 906 906 906
1 907 907 907
1 908 908 908
1 909 909 909
1 910 910 910
1 911 911 911
1 912 912 912
1 913 913 913
1 914 914 914
1 915 915 915
1 916 916 916
1 917 917 917
1 918 918 918
1 919 919 919
1 920 920 920
1 921 921 921
1 922 922 922
1 923 923 923
1 924 924 924
1 925 925 925
1 926 926 926
1 927 927 927
1 928 928 928
1 929 929 929
1 930 930 930
1 931 931 931
1 932 932 932
1 933 933 933
1 934 934 934
1 935 935 935
1 936 936 936
1 937 937 937
1 938 938 938
1 939 939 939
1 940 940 940
1 941 941 941
1 942 942 942
1 943 943 943
1 944 944 944
1 945 945 945
1 946 946 946
1 947 947 947
1 948 948 948
1 949 949 949
1 950 950 950
1 951 951 951
1 952 952 952
1 953 953 953
1 954 954 954
1 955 955 955
1 956 956 956
1 957 957 957
1 958 958 958
1 959 959 959
1 960 960 960
1 961 961 961
1 962 962 962
1 963 963 963
1 964 964 964
1 965 965 965
1 966 966 966
1 967 967 967
1 968 968 968
1 969 969 969
1 970 970 970
1 971 971 971
1 972 972 972
1 973 973 973
1 974 974 974
1 975 975 975
1 976 976 976
1 977 977 977
1 978 978 978
1 979 979 979
1 980 980 980
1 981 981 981
1 982 982 982
1 983 983 983
1 984 984 984
1 985 985 985
1 986 986 986
1 987 987 987
1 988 988 988
1 989 989 989
1 990 990 990
1 991 991 991
1 992 992 992
1 993 993 993
1 994 994 994
1 995 995 995
1 996 996 996
1 997 997 997
1 998 998 998
1 999 999 999
999 2 1 1000
2 3 1 1000
3 4 1 1000
4 5 1 1000
5 6 1 1000
6 7 1 1000
7 8 1 1000
8 9 1 1000
9 10 1 1000
10 11 1 1000
11 12 1 1000
12 13 1 1000
13 14 1 1000
14 15 1 1000
15 16 1 1000
16 17 1 1000
17 18 1 1000
18 19 1 1000
19 20 1 1000
20 21 1 1000
21 22 1 1000
22 23 1 1000
23 24 1 1000
24 25 1 1000
25 26 1 1000
26 27 1 1000
27 28 1 1000
28 29 1 1000
29 30 1 1000
30 31 1 1000
31 32 1 1000
32 33 1 1000
33 34 1 1000
34 35 1 1000
35 36 1 1000
36 37 1 1000
37 38 1 1000
38 39 1 1000
39 40 1 1000
40 41 1 1000
41 42 1 1000
42 43 1 1000
43 44 1 1000
44 45 1 1000
45 46 1 1000
46 47 1 1000
47 48 1 1000
48 49 1 1000
49 50 1 1000
50 51 1 1000
51 52 1 1000
52 53 1 1000
53 54 1 1000
54 55 1 1000
55 56 1 1000
56 57 1 1000
57 58 1 1000
58 59 1 1000
59 60 1 1000
60 61 1 1000
61 62 1 1000
62 63 1 1000
63 64 1 1000
64 65 1 1000
65 66 1 1000
66 67 1 1000
67 68 1 1000
68 69 1 1000
69 70 1 1000
70 71 1 1000
71 72 1 1000
72 73 1 1000
73 74 1 1000
74 75 1 1000
75 76 1 1000
76 77 1 1000
77 78 1 1000
78 79 1 1000
79 80 1 1000
80 81 1 1000
81 82 1 1000
82 83 1 1000
83 84 1 1000
84 85 1 1000
85 86 1 1000
86 87 1 1000
87 88 1 1000
88 89 1 1000
89 90 1 1000
90 91 1 1000
91 92 1 1000
92 93 1 1000
93 94 1 1000
94 95 1 1000
95 96 1 1000
96 97 1 1000
97 98 1 1000
98 99 1 1000
99 100 1 1000
100 101 1 1000
101 102 1 1000
102 103 1 1000
103 104 1 1000
104 105 1 1000
105 106 1 1000
106 107 1 1000
107 108 1 1000
108 109 1 1000
109 110 1 1000
110 111 1 1000
111 112 1 1000
112 113 1 1000
113 114 1 1000
114 115 1 1000
115 116 1 1000
116 117 1 1000
117 118 1 1000
118 119 1 1000
119 120 1 1000
120 121 1 1000
121 122 1 1000
122 123 1 1000
123 124 1 1000
124 125 1 1000
125 126 1 1000
126 127 1 1000
127 128 1 1000
128 129 1 1000
129 130 1 1000
130 131 1 1000
131 132 1 1000
132 133 1 1000
133 134 1 1000
134 135 1 1000
135 136 1 1000
136 137 1 1000
137 138 1 1000
138 139 1 1000
139 140 1 1000
140 141 1 1000
141 142 1 1000
142 143 1 1000
143 144 1 1000
144 145 1 1000
145 146 1 1000
146 147 1 1000
147 148 1 1000
148 149 1 1000
149 150 1 1000
150 151 1 1000
151 152 1 1000
152 153 1 1000
153 154 1 1000
154 155 1 1000
155 156 1 1000
156 157 1 1000
157 158 1 1000
158 159 1 1000
159 160 1 1000
160 161 1 1000
161 162 1 1000
162 163 1 1000
163 164 1 1000
164 165 1 1000
165 166 1 1000
166 167 1 1000
167 168 1 1000
168 169 1 1000
169 170 1 1000
170 171 1 1000
171 172 1 1000
172 173 1 1000
173 174 1 1000
174 175 1 1000
175 176 1 1000
176 177 1 1000
177 178 1 1000
178 179 1 1000
179 180 1 1000
180 181 1 1000
181 182 1 1000
182 183 1 1000
183 184 1 1000
184 185 1 1000
185 186 1 1000
186 187 1 1000
187 188 1 1000
188 189 1 1000
189 190 1 1000
190 191 1 1000
191 192 1 1000
192 193 1 1000
193 194 1 1000
194 195 1 1000
195 196 1 1000
196 197 1 1000
197 198 1 1000
198 199 1 1000
199 200 1 1000
200 201 1 1000
201 202 1 1000
202 203 1 1000
203 204 1 1000
204 205 1 1000
205 206 1 1000
206 207 1 1000
207 208 1 1000
208 209 1 1000
209 210 1 1000
210 211 1 1000
211 212 1 1000
212 213 1 1000
213 214 1 1000
214 215 1 1000
215 216 1 1000
216 217 1 1000
217 218 1 1000
218 219 1 1000
219 220 1 1000
220 221 1 1000
221 222 1 1000
222 223 1 1000
223 224 1 1000
224 225 1 1000
225 226 1 1000
226 227 1 1000
227 228 1 1000
228 229 1 1000
229 230 1 1000
230 231 1 1000
231 232 1 1000
232 233 1 1000
233 234 1 1000
234 235 1 1000
235 236 1 1000
236 237 1 1000
237 238 1 1000
238 239 1 1000
239 240 1 1000
240 241 1 1000
241 242 1 1000
242 243 1 1000
243 244 1 1000
244 245 1 1000
245 246 1 1000
246 247 1 1000
247 248 1 1000
248 249 1 1000
249 250 1 1000
250 251 1 1000
251 252 1 1000
252 253 1 1000
253 254 1 1000
254 255 1 1000
255 256 1 1000
256 257 1 1000
257 258 1 1000
258 259 1 1000
259 260 1 1000
260 261 1 1000
261 262 1 1000
262 263 1 1000
263 264 1 1000
264 265 1 1000
265 266 1 1000
266 267 1 1000
267 268 1 1000
268 269 1 1000
269 270 1 1000
270 271 1 1000
271 272 1 1000
272 273 1 1000
273 274 1 1000
274 275 1 1000
275 276 1 1000
276 277 1 1000
277 278 1 1000
278 279 1 1000
279 280 1 1000
280 281 1 1000
281 282 1 1000
282 283 1 1000
283 284 1 1000
284 285 1 1000
285 286 1 1000
286 287 1 1000
287 288 1 1000
288 289 1 1000
289 290 1 1000
290 291 1 1000
291 292 1 1000
292 293 1 1000
293 294 1 1000
294 295 1 1000
295 296 1 1000
296 297 1 1000
297 298 1 1000
298 299 1 1000
299 300 1 1000
300 301 1 1000
301 302 1 1000
302 303 1 1000
303 304 1 1000
304 305 1 1000
305 306 1 1000
306 307 1 1000
307 308 1 1000
308 309 1 1000
309 310 1 1000
310 311 1 1000
311 312 1 1000
312 313 1 1000
313 314 1 1000
314 315 1 1000
315 316 1 1000
316 317 1 1000
317 318 1 1000
318 319 1 1000
319 320 1 1000
320 321 1 1000
321 322 1 1000
322 323 1 1000
323 324 1 1000
324 325 1 1000
325 326 1 1000
326 327 1 1000
327 328 1 1000
328 329 1 1000
329 330 1 1000
330 331 1 1000
331 332 1 1000
332 333 1 1000
333 334 1 1000
334 335 1 1000
335 336 1 1000
336 337 1 1000
337 338 1 1000
338 339 1 1000
339 340 1 1000
340 341 1 1000
341 342 1 1000
342 343 1 1000
343 344 1 1000
344 345 1 1000
345 346 1 1000
346 347 1 1000
347 348 1 1000
348 349 1 1000
349 350 1 1000
350 351 1 1000
351 352 1 1000
352 353 1 1000
353 354 1 1000
354 355 1 1000
355 356 1 1000
356 357 1 1000
357 358 1 1000
358 359 1 1000
359 360 1 1000
360 361 1 1000
361 362 1 1000
362 363 1 1000
363 364 1 1000
364 365 1 1000
365 366 1 1000
366 367 1 1000
367 368 1 1000
368 369 1 1000
369 370 1 1000
370 371 1 1000
371 372 1 1000
372 373 1 1000
373 374 1 1000
374 375 1 1000
375 376 1 1000
376 377 1 1000
377 378 1 1000
378 379 1 1000
379 380 1 1000
380 381 1 1000
381 382 1 1000
382 383 1 1000
383 384 1 1000
384 385 1 1000
385 386 1 1000
386 387 1 1000
387 388 1 1000
388 389 1 1000
389 390 1 1000
390 391 1 1000
391 392 1 1000
392 393 1 1000
393 394 1 1000
394 395 1 1000
395 396 1 1000
396 397 1 1000
397 398 1 1000
398 399 1 1000
399 400 1 1000
400 401 1 1000
401 402 1 1000
402 403 1 1000
403 404 1 1000
404 405 1 1000
405 406 1 1000
406 407 1 1000
407 408 1 1000
408 409 1 1000
409 410 1 1000
410 411 1 1000
411 412 1 1000
412 413 1 1000
413 414 1 1000
414 415 1 1000
415 416 1 1000
416 417 1 1000
417 418 1 1000
418 419 1 1000
419 420 1 1000
420 421 1 1000
421 422 1 1000
422 423 1 1000
423 424 1 1000
424 425 1 1000
425 426 1 1000
426 427 1 1000
427 428 1 1000
428 429 1 1000
429 430 1 1000
430 431 1 1000
431 432 1 1000
432 433 1 1000
433 434 1 1000
434 435 1 1000
435 436 1 1000
436 437 1 1000
437 438 1 1000
438 439 1 1000
439 440 1 1000
440 441 1 1000
441 442 1 1000
442 443 1 1000
443 444 1 1000
444 445 1 1000
445 446 1 1000
446 447 1 1000
447 448 1 1000
448 449 1 1000
449 450 1 1000
450 451 1 1000
451 452 1 1000
452 453 1 1000
453 454 1 1000
454 455 1 1000
455 456 1 1000
456 457 1 1000
457 458 1 1000
458 459 1 1000
459 460 1 1000
460 461 1 1000
461 462 1 1000
462 463 1 1000
463 464 1 1000
464 465 1 1000
465 466 1 1000
466 467 1 1000
467 468 1 1000
468 469 1 1000
469 470 1 1000
470 471 1 1000
471 472 1 1000
472 473 1 1000
473 474 1 1000
474 475 1 1000
475 476 1 1000
476 477 1 1000
477 478 1 1000
478 479 1 1000
479 480 1 1000
480 481 1 1000
481 482 1 1000
482 483 1 1000
483 484 1 1000
484 485 1 1000
485 486 1 1000
486 487 1 1000
487 488 1 1000
488 489 1 1000
489 490 1 1000
490 491 1 1000
491 492 1 1000
492 493 1 1000
493 494 1 1000
494 495 1 1000
495 496 1 1000
496 497 1 1000
497 498 1 1000
498 499 1 1000
499 500 1 1000
500 501 1 1000
501 502 1 1000
502 503 1 1000
503 504 1 1000
504 505 1 1000
505 506 1 1000
506 507 1 1000
507 508 1 1000
508 509 1 1000
509 510 1 1000
510 511 1 1000
511 512 1 1000
512 513 1 1000
513 514 1 1000
514 515 1 1000
515 516 1 1000
516 517 1 1000
517 518 1 1000
518 519 1 1000
519 520 1 1000
520 521 1 1000
521 522 1 1000
522 523 1 1000
523 524 1 1000
524 525 1 1000
525 526 1 1000
526 527 1 1000
527 528 1 1000
528 529 1 1000
529 530 1 1000
530 531 1 1000
531 532 1 1000
532 533 1 1000
533 534 1 1000
534 535 1 1000
535 536 1 1000
536 537 1 1000
537 538 1 1000
538 539 1 1000
539 540 1 1000
540 541 1 1000
541 542 1 1000
542 543 1 1000
543 544 1 1000
544 545 1 1000
545 546 1 1000
546 547 1 1000
547 548 1 1000
548 549 1 1000
549 550 1 1000
550 551 1 1000
551 552 1 1000
552 553 1 1000
553 554 1 1000
554 555 1 1000
555 556 1 1000
556 557 1 1000
557 558 1 1000
558 559 1 1000
559 560 1 1000
560 561 1 1000
561 562 1 1000
562 563 1 1000
563 564 1 1000
564 565 1 1000
565 566 1 1000
566 567 1 1000
567 568 1 1000
568 569 1 1000
569 570 1 1000
570 571 1 1000
571 572 1 1000
572 573 1 1000
573 574 1 1000
574 575 1 1000
575 576 1 1000
576 577 1 1000
577 578 1 1000
578 579 1 1000
579 580 1 1000
580 581 1 1000
581 582 1 1000
582 583 1 1000
583 584 1 1000
584 585 1 1000
585 586 1 1000
586 587 1 1000
587 588 1 1000
588 589 1 1000
589 590 1 1000
590 591 1 1000
591 592 1 1000
592 593 1 1000
593 594 1 1000
594 595 1 1000
595 596 1 1000
596 597 1 1000
597 598 1 1000
598 599 1 1000
599 600 1 1000
600 601 1 1000
601 602 1 1000
602 603 1 1000
603 604 1 1000
604 605 1 1000
605 606 1 1000
606 607 1 1000
607 608 1 1000
608 609 1 1000
609 610 1 1000
610 611 1 1000
611 612 1 1000
612 613 1 1000
613 614 1 1000
614 615 1 1000
615 616 1 1000
616 617 1 1000
617 618 1 1000
618 619 1 1000
619 620 1 1000
620 621 1 1000
621 622 1 1000
622 623 1 1000
623 624 1 1000
624 625 1 1000
625 626 1 1000
626 627 1 1000
627 628 1 1000
628 629 1 1000
629 630 1 1000
630 631 1 1000
631 632 1 1000
632 633 1 1000
633 634 1 1000
634 635 1 1000
635 636 1 1000
636 637 1 1000
637 638 1 1000
638 639 1 1000
639 640 1 1000
640 641 1 1000
641 642 1 1000
642 643 1 1000
643 644 1 1000
644 645 1 1000
645 646 1 1000
646 647 1 1000
647 648 1 1000
648 649 1 1000
649 650 1 1000
650 651 1 1000
651 652 1 1000
652 653 1 1000
653 654 1 1000
654 655 1 1000
655 656 1 1000
656 657 1 1000
657 658 1 1000
658 659 1 1000
659 660 1 1000
660 661 1 1000
661 662 1 1000
662 663 1 1000
663 664 1 1000
664 665 1 1000
665 666 1 1000
666 667 1 1000
667 668 1 1000
668 669 1 1000
669 670 1 1000
670 671 1 1000
671 672 1 1000
672 673 1 1000
673 674 1 1000
674 675 1 1000
675 676 1 1000
676 677 1 1000
677 678 1 1000
678 679 1 1000
679 680 1 1000
680 681 1 1000
681 682 1 1000
682 683 1 1000
683 684 1 1000
684 685 1 1000
685 686 1 1000
686 687 1 1000
687 688 1 1000
688 689 1 1000
689 690 1 1000
690 691 1 1000
691 692 1 1000
692 693 1 1000
693 694 1 1000
694 695 1 1000
695 696 1 1000
696 697 1 1000
697 698 1 1000
698 699 1 1000
699 700 1 1000
700 701 1 1000
701 702 1 1000
702 703 1 1000
703 704 1 1000
704 705 1 1000
705 706 1 1000
706 707 1 1000
707 708 1 1000
708 709 1 1000
709 710 1 1000
710 711 1 1000
711 712 1 1000
712 713 1 1000
713 714 1 1000
714 715 1 1000
715 716 1 1000
716 717 1 1000
717 718 1 1000
718 719 1 1000
719 720 1 1000
720 721 1 1000
721 722 1 1000
722 723 1 1000
723 724 1 1000
724 725 1 1000
725 726 1 1000
726 727 1 1000
727 728 1 1000
728 729 1 1000
729 730 1 1000
730 731 1 1000
731 732 1 1000
732 733 1 1000
733 734 1 1000
734 735 1 1000
735 736 1 1000
736 737 1 1000
737 738 1 1000
738 739 1 1000
739 740 1 1000
740 741 1 1000
741 742 1 1000
742 743 1 1000
743 744 1 1000
744 745 1 1000
745 746 1 1000
746 747 1 1000
747 748 1 1000
748 749 1 1000
749 750 1 1000
750 751 1 1000
751 752 1 1000
752 753 1 1000
753 754 1 1000
754 755 1 1000
755 756 1 1000
756 757 1 1000
757 758 1 1000
758 759 1 1000
759 760 1 1000
760 761 1 1000
761 762 1 1000
762 763 1 1000
763 764 1 1000
764 765 1 1000
765 766 1 1000
766 767 1 1000
767 768 1 1000
768 769 1 1000
769 770 1 1000
770 771 1 1000
771 772 1 1000
772 773 1 1000
773 774 1 1000
774 775 1 1000
775 776 1 1000
776 777 1 1000
777 778 1 1000
778 779 1 1000
779 780 1 1000
780 781 1 1000
781 782 1 1000
782 783 1 1000
783 784 1 1000
784 785 1 1000
785 786 1 1000
786 787 1 1000
787 788 1 1000
788 789 1 1000
789 790 1 1000
790 791 1 1000
791 792 1 1000
792 793 1 1000
793 794 1 1000
794 795 1 1000
795 796 1 1000
796 797 1 1000
797 798 1 1000
798 799 1 1000
799 800 1 1000
800 801 1 1000
801 802 1 1000
802 803 1 1000
803 804 1 1000
804 805 1 1000
805 806 1 1000
806 807 1 1000
807 808 1 1000
808 809 1 1000
809 810 1 1000
810 811 1 1000
811 812 1 1000
812 813 1 1000
813 814 1 1000
814 815 1 1000
815 816 1 1000
816 817 1 1000
817 818 1 1000
818 819 1 1000
819 820 1 1000
820 821 1 1000
821 822 1 1000
822 823 1 1000
823 824 1 1000
824 825 1 1000
825 826 1 1000
826 827 1 1000
827 828 1 1000
828 829 1 1000
829 830 1 1000
830 831 1 1000
831 832 1 1000
832 833 1 1000
833 834 1 1000
834 835 1 1000
835 836 1 1000
836 837 1 1000
837 838 1 1000
838 839 1 1000
839 840 1 1000
840 841 1 1000
841 842 1 1000
842 843 1 1000
843 844 1 1000
844 845 1 1000
845 846 1 1000
846 847 1 1000
847 848 1 1000
848 849 1 1000
849 850 1 1000
850 851 1 1000
851 852 1 1000
852 853 1 1000
853 854 1 1000
854 855 1 1000
855 856 1 1000
856 857 1 1000
857 858 1 1000
858 859 1 1000
859 860 1 1000
860 861 1 1000
861 862 1 1000
862 863 1 1000
863 864 1 1000
864 865 1 1000
865 866 1 1000
866 867 1 1000
867 868 1 1000
868 869 1 1000
869 870 1 1000
870 871 1 1000
871 872 1 1000
872 873 1 1000
873 874 1 1000
874 875 1 1000
875 876 1 1000
876 877 1 1000
877 878 1 1000
878 879 1 1000
879 880 1 1000
880 881 1 1000
881 882 1 1000
882 883 1 1000
883 884 1 1000
884 885 1 1000
885 886 1 1000
886 887 1 1000
887 888 1 1000
888 889 1 1000
889 890 1 1000
890 891 1 1000
891 892 1 1000
892 893 1 1000
893 894 1 1000
894 895 1 1000
895 896 1 1000
896 897 1 1000
897 898 1 1000
898 899 1 1000
899 900 1 1000
900 901 1 1000
901 902 1 1000
902 903 1 1000
903 904 1 1000
904 905 1 1000
905 906 1 1000
906 907 1 1000
907 908 1 1000
908 909 1 1000
909 910 1 1000
910 911 1 1000
911 912 1 1000
912 913 1 1000
913 914 1 1000
914 915 1 1000
915 916 1 1000
916 917 1 1000
917 918 1 1000
918 919 1 1000
919 920 1 1000
920 921 1 1000
921 922 1 1000
922 923 1 1000
923 924 1 1000
924 925 1 1000
925 926 1 1000
926 927 1 1000
927 928 1 1000
928 929 1 1000
929 930 1 1000
930 931 1 1000
931 932 1 1000
932 933 1 1000
933 934 1 1000
934 935 1 1000
935 936 1 1000
936 937 1 1000
937 938 1 1000
938 939 1 1000
939 940 1 1000
940 941 1 1000
941 942 1 1000
942 943 1 1000
943 944 1 1000
944 945 1 1000
945 946 1 1000
946 947 1 1000
947 948 1 1000
948 949 1 1000
949 950 1 1000
950 951 1 1000
951 952 1 1000
952 953 1 1000
953 954 1 1000
954 955 1 1000
955 956 1 1000
956 957 1 1000
957 958 1 1000
958 959 1 1000
959 960 1 1000
960 961 1 1000
961 962 1 1000
962 963 1 1000
963 964 1 1000
964 965 1 1000
965 966 1 1000
966 967 1 1000
967 968 1 1000
968 969 1 1000
969 970 1 1000
970 971 1 1000
971 972 1 1000
972 973 1 1000
973 974 1 1000
974 975 1 1000
975 976 1 1000
976 977 1 1000
977 978 1 1000
978 979 1 1000
979 980 1 1000
980 981 1 1000
981 982 1 1000
982 983 1 1000
983 984 1 1000
984 985 1 1000
985 986 1 1000
986 987 1 1000
987 988 1 1000
988 989 1 1000
989 990 1 1000
990 991 1 1000
991 992 1 1000
992 993 1 1000
993 994 1 1000
994 995 1 1000
995 996 1 1000
996 997 1 1000
997 998 1 1000
998 999 1 1000
3 1000 3 1000
