100 197 100
1 100
1 2 2 2
1 3 3 3
1 4 4 4
1 5 5 5
1 6 6 6
1 7 7 7
1 8 8 8
1 9 9 9
1 10 10 10
1 11 11 11
1 12 12 12
1 13 13 13
1 14 14 14
1 15 15 15
1 16 16 16
1 17 17 17
1 18 18 18
1 19 19 19
1 20 20 20
1 21 21 21
1 22 22 22
1 23 23 23
1 24 24 24
1 25 25 25
1 26 26 26
1 27 27 27
1 28 28 28
1 29 29 29
1 30 30 30
1 31 31 31
1 32 32 32
1 33 33 33
1 34 34 34
1 35 35 35
1 36 36 36
1 37 37 37
1 38 38 38
1 39 39 39
1 40 40 40
1 41 41 41
1 42 42 42
1 43 43 43
1 44 44 44
1 45 45 45
1 46 46 46
1 47 47 47
1 48 48 48
1 49 49 49
1 50 50 50
1 51 51 51
1 52 52 52
1 53 53 53
1 54 54 54
1 55 55 55
1 56 56 56
1 57 57 57
1 58 58 58
1 59 59 59
1 60 60 60
1 61 61 61
1 62 62 62
1 63 63 63
1 64 64 64
1 65 65 65
1 66 66 66
1 67 67 67
1 68 68 68
1 69 69 69
1 70 70 70
1 71 71 71
1 72 72 72
1 73 73 73
1 74 74 74
1 75 75 75
1 76 76 76
1 77 77 77
1 78 78 78
1 79 79 79
1 80 80 80
1 81 81 81
1 82 82 82
1 83 83 83
1 84 84 84
1 85 85 85
1 86 86 86
1 87 87 87
1 88 88 88
1 89 89 89
1 90 90 90
1 91 91 91
1 92 92 92
1 93 93 93
1 94 94 94
1 95 95 95
1 96 96 96
1 97 97 97
1 98 98 98
1 99 99 99
99 2 1 100
2 3 1 100
3 4 1 100
4 5 1 100
5 6 1 100
6 7 1 100
7 8 1 100
8 9 1 100
9 10 1 100
10 11 1 100
11 12 1 100
12 13 1 100
13 14 1 100
14 15 1 100
15 16 1 100
16 17 1 100
17 18 1 100
18 19 1 100
19 20 1 100
20 21 1 100
21 22 1 100
22 23 1 100
23 24 1 100
24 25 1 100
25 26 1 100
26 27 1 100
27 28 1 100
28 29 1 100
29 30 1 100
30 31 1 100
31 32 1 100
32 33 1 100
33 34 1 100
34 35 1 100
35 36 1 100
36 37 1 100
37 38 1 100
38 39 1 100
39 40 1 100
40 41 1 100
41 42 1 100
42 43 1 100
43 44 1 100
44 45 1 100
45 46 1 100
46 47 1 100
47 48 1 100
48 49 1 100
49 50 1 100
50 51 1 100
51 52 1 100
52 53 1 100
53 54 1 100
54 55 1 100
55 56 1 100
56 57 1 100
57 58 1 100
58 59 1 100
59 60 1 100
60 61 1 100
61 62 1 100
62 63 1 100
63 64 1 100
64 65 1 100
65 66 1 100
66 67 1 100
67 68 1 100
68 69 1 100
69 70 1 100
70 71 1 100
71 72 1 100
72 73 1 100
73 74 1 100
74 75 1 100
75 76 1 100
76 77 1 100
77 78 1 100
78 79 1 100
79 80 1 100
80 81 1 100
81 82 1 100
82 83 1 100
83 84 1 100
84 85 1 100
85 86 1 100
86 87 1 100
87 88 1 100
88 89 1 100
89 90 1 100
90 91 1 100
91 92 1 100
92 93 1 100
93 94 1 100
94 95 1 100
95 96 1 100
96 97 1 100
97 98 1 100
98 99 1 100
3 100 3 100
