1000 5000 1000
103 993
125 225 92 364
380 707 716 868
933 422 397 919
939 744 278 405
85 517 296 714
885 595 76 526
323 666 627 975
657 327 236 341
717 595 404 528
271 785 37 545
514 599 18 240
516 43 348 918
690 705 21 819
244 582 29 108
1 943 222 241
253 252 150 676
949 389 40 134
52 908 113 553
419 875 96 534
855 511 303 670
681 42 35 80
299 380 273 970
99 704 197 525
705 250 360 587
156 364 415 882
203 755 135 713
326 41 254 271
647 963 73 526
937 506 141 869
75 638 467 530
407 438 579 774
386 961 124 349
127 980 261 865
44 572 671 711
853 656 150 958
853 894 608 656
640 657 668 768
286 889 662 925
281 28 328 874
426 587 690 759
686 411 8 622
281 954 736 740
854 589 81 190
170 918 516 935
935 230 32 580
874 683 407 939
342 932 455 696
475 752 466 696
67 853 173 204
153 459 505 899
143 967 416 660
731 182 580 592
655 267 473 681
408 824 35 654
842 31 665 900
964 588 73 443
601 606 121 897
707 584 457 547
134 40 154 796
537 252 498 807
580 287 740 960
843 198 342 597
211 629 395 615
347 550 404 652
188 448 264 525
677 581 32 562
916 452 183 488
137 967 485 577
764 986 177 870
149 705 70 992
281 120 460 781
832 438 752 891
85 794 301 741
477 622 453 821
249 421 329 790
39 773 767 842
397 975 361 454
302 787 593 699
682 810 230 241
101 163 179 595
484 135 95 697
814 815 673 951
985 329 338 463
362 28 274 574
731 50 270 370
128 47 305 355
915 405 281 623
521 713 47 511
399 270 506 792
405 559 20 790
423 230 529 621
231 772 110 214
548 503 213 665
527 478 66 356
602 649 209 342
338 861 591 735
344 813 728 926
311 759 124 959
76 757 197 404
397 481 522 780
679 966 219 629
548 778 450 926
410 637 412 898
365 84 262 644
325 495 538 881
389 380 710 967
376 946 124 309
613 286 455 523
83 282 27 558
832 269 326 765
154 273 152 174
654 206 577 959
619 746 284 973
350 849 283 820
800 469 93 302
232 166 240 610
963 928 416 710
915 914 207 818
570 398 188 433
658 270 175 250
862 64 116 486
936 807 126 721
919 776 323 767
554 616 440 782
447 452 360 950
899 926 693 850
271 75 8 999
381 127 88 882
937 668 577 783
704 710 9 453
879 647 320 833
408 286 160 719
307 468 523 589
986 482 253 586
371 535 522 728
15 246 157 461
161 933 308 311
931 776 519 544
802 656 255 926
470 93 138 745
237 666 578 915
366 30 856 890
295 282 743 794
572 254 654 717
273 120 166 218
126 776 337 874
616 43 217 235
821 305 722 817
180 368 864 914
984 694 205 252
250 856 192 995
990 691 425 518
725 879 426 921
657 179 218 991
813 500 25 388
248 98 524 983
202 120 678 869
654 278 390 740
890 764 252 413
244 494 260 313
768 48 197 471
994 142 367 414
623 361 324 610
772 85 340 705
425 812 14 55
52 367 493 916
638 60 101 737
934 697 31 444
846 228 862 925
64 846 77 90
129 708 169 181
927 323 622 804
501 840 503 739
56 26 263 566
202 98 10 525
866 861 83 860
789 648 354 898
213 681 298 303
792 881 491 772
268 280 563 916
144 798 160 899
964 596 380 739
749 933 64 291
117 720 106 993
301 818 129 454
294 780 248 945
913 907 159 964
622 291 10 290
208 210 263 348
65 90 121 299
270 886 63 705
96 556 593 705
256 460 148 995
354 400 546 669
517 332 618 970
576 974 230 864
821 792 71 520
80 682 75 306
613 779 92 382
86 788 66 109
292 227 13 35
446 646 127 647
161 962 83 557
701 124 460 716
65 755 632 712
960 796 269 897
690 313 506 540
776 295 374 966
202 711 243 846
50 52 264 630
172 23 164 334
21 578 312 805
708 638 671 752
556 298 416 942
365 117 363 481
284 950 766 961
637 233 18 664
603 501 93 899
804 220 600 685
212 555 267 770
489 176 729 953
639 273 759 996
519 960 476 722
165 888 266 315
594 914 897 950
647 997 269 484
830 215 223 260
43 966 484 567
451 711 104 776
801 915 293 779
781 613 928 939
910 984 155 955
219 540 416 780
94 784 447 952
53 12 304 840
559 199 159 698
826 627 272 546
701 2 249 288
445 876 150 630
430 68 123 644
400 707 97 863
94 312 435 932
243 749 357 537
495 873 729 748
972 329 7 988
187 477 436 951
61 269 380 649
35 350 371 826
670 749 482 547
24 550 132 240
1 407 794 903
433 68 565 584
856 252 793 995
778 618 579 687
193 879 209 953
389 573 836 979
904 954 97 926
89 149 264 620
56 921 479 921
196 529 563 796
596 408 233 925
4 318 657 854
868 866 42 687
969 392 378 672
319 570 527 849
36 952 89 896
470 211 323 719
981 337 363 664
546 965 887 985
120 952 46 300
185 131 396 717
496 470 253 975
277 85 637 821
479 348 747 895
290 610 285 663
731 558 229 615
435 368 3 258
670 343 260 714
614 647 118 507
870 797 485 617
384 302 103 602
338 982 1 367
108 217 98 492
241 361 865 885
58 484 152 336
428 333 117 445
456 943 200 682
80 737 386 650
393 693 803 981
898 299 125 159
61 650 533 688
507 112 582 985
15 293 86 263
189 442 238 889
995 259 167 287
612 294 337 496
409 543 282 494
969 452 189 391
742 709 428 858
811 940 807 971
3 610 248 342
934 134 552 773
811 845 91 692
839 95 500 715
893 376 609 779
671 46 182 191
554 459 722 878
48 272 523 929
157 337 245 513
856 170 563 566
778 940 566 812
900 610 137 810
965 167 266 907
322 233 79 888
973 210 31 277
784 842 98 227
944 762 745 818
740 570 471 943
237 894 368 913
573 80 639 977
510 837 49 749
952 655 627 879
248 916 29 586
556 679 261 757
106 380 167 605
221 665 128 308
837 959 296 514
630 676 202 849
585 539 93 219
915 735 351 681
23 483 621 664
916 560 602 811
154 759 15 607
394 748 244 966
565 240 682 890
180 378 84 312
627 223 582 873
126 817 341 592
387 483 932 986
703 435 255 921
912 936 810 950
292 825 153 638
439 302 27 725
507 78 193 639
960 989 436 538
408 649 12 786
841 784 363 636
61 335 426 995
617 850 58 646
727 961 163 283
382 941 827 845
888 403 307 636
103 724 265 716
448 717 110 555
707 585 210 515
690 239 137 399
59 311 53 774
994 726 12 711
778 612 251 376
907 763 843 893
381 527 459 859
877 926 149 523
444 364 45 553
841 423 324 817
286 1000 164 705
936 238 511 925
190 23 349 645
750 123 71 233
334 414 296 659
946 134 389 710
407 234 887 905
545 780 300 910
345 10 213 750
878 300 671 851
766 379 716 898
994 993 178 967
430 816 593 814
334 18 401 416
518 214 394 907
578 608 528 801
587 419 392 803
916 143 343 479
816 796 200 243
381 144 449 666
574 350 319 859
557 810 425 702
374 903 6 852
675 378 330 781
12 394 220 462
78 255 786 955
65 373 719 764
82 548 520 531
925 390 496 733
496 359 434 572
270 72 224 391
467 969 58 700
174 344 203 971
843 820 161 655
79 418 157 829
947 35 1 23
502 912 577 879
532 57 324 424
657 658 743 874
670 878 68 694
127 587 500 676
522 246 423 759
374 341 28 897
249 181 602 642
108 127 492 725
806 103 319 679
521 674 239 794
4 901 380 393
933 74 262 345
8 294 329 604
694 705 310 437
405 909 778 846
38 402 861 996
77 617 545 647
188 528 554 615
353 790 672 921
210 632 9 950
384 304 449 938
967 937 401 991
202 321 222 756
94 964 530 742
706 106 485 911
58 249 321 930
664 377 483 857
239 251 18 986
898 17 459 780
439 199 658 929
992 251 893 984
409 886 222 270
247 771 712 820
760 132 322 660
82 678 203 540
115 902 286 723
798 500 154 473
478 917 59 365
393 31 64 89
556 868 318 968
153 167 175 842
234 277 104 770
827 464 38 562
456 392 98 381
532 664 1 83
561 477 306 883
964 998 3 41
472 290 382 406
95 705 251 541
245 558 505 847
302 807 10 360
158 753 508 914
812 878 116 279
933 572 674 815
380 206 490 507
673 60 20 136
393 508 861 893
812 485 654 974
952 96 186 740
700 670 56 89
41 186 442 908
441 717 176 463
586 870 341 771
276 744 439 809
64 112 231 345
74 487 574 784
346 31 537 911
502 435 27 529
600 619 40 354
45 421 568 749
444 31 481 757
319 480 613 704
980 513 43 899
69 101 489 573
9 83 48 419
835 947 320 691
503 104 407 775
505 514 593 919
369 944 760 959
882 177 294 444
637 62 284 884
955 569 573 752
487 934 121 946
780 244 809 861
914 470 104 921
743 147 354 372
450 686 315 470
508 506 845 908
47 710 434 791
139 353 62 703
151 383 75 136
735 60 88 292
25 56 28 211
382 937 84 376
563 489 764 826
428 162 282 963
228 101 460 700
850 49 17 765
242 225 486 758
980 935 250 834
800 411 71 314
959 786 74 892
966 296 128 776
83 929 616 910
826 9 370 549
618 221 189 882
646 613 81 446
784 346 307 440
78 598 551 872
317 848 529 758
893 39 723 729
449 11 314 843
331 624 252 309
198 642 399 521
919 377 610 612
572 378 328 488
547 585 834 913
668 167 235 312
624 138 35 862
662 167 105 687
421 187 205 673
406 439 315 953
45 824 282 945
635 431 344 845
75 250 140 989
834 464 88 453
551 728 172 303
444 118 302 729
912 474 50 361
388 660 771 780
426 517 448 819
892 460 246 481
903 465 190 369
169 597 658 917
733 97 454 825
829 741 135 189
823 623 230 630
811 742 97 210
620 510 3 111
209 256 555 712
209 794 73 908
644 168 109 487
433 865 392 798
692 555 259 607
57 810 361 539
483 391 247 321
313 572 160 819
764 250 426 751
528 279 187 742
624 802 707 878
148 365 195 260
576 986 198 341
187 280 547 844
894 373 310 702
31 876 129 907
958 367 639 783
537 824 146 921
808 577 507 726
627 765 373 547
320 918 906 963
868 213 225 758
192 718 401 502
84 658 520 575
389 401 497 667
705 683 742 875
847 117 345 533
378 399 160 740
994 31 485 524
349 949 2 128
72 829 838 950
258 358 65 372
363 439 123 748
306 539 1 691
147 851 326 400
158 828 847 862
622 421 201 536
607 50 211 280
99 2 406 580
740 723 44 738
468 807 384 585
294 684 182 343
333 920 568 779
957 123 386 448
219 9 31 461
594 724 305 433
959 863 288 544
778 389 166 247
691 63 174 825
543 796 293 311
904 259 555 874
970 867 24 726
622 236 618 801
91 80 231 522
129 203 116 591
587 435 563 886
587 515 73 237
946 813 133 557
550 325 858 964
53 385 498 904
622 535 482 966
683 744 451 786
475 737 839 999
988 410 357 905
2 779 83 183
885 404 357 389
655 994 410 442
172 689 617 694
897 97 119 273
340 317 782 921
278 259 188 682
286 328 144 903
843 876 428 555
556 544 335 432
472 116 111 787
335 657 645 706
250 419 195 870
118 179 22 857
184 721 356 855
886 143 735 803
401 354 175 416
662 675 42 448
471 231 621 634
521 921 484 677
641 136 83 348
470 143 149 354
581 710 381 773
151 191 428 444
725 957 192 816
971 975 43 983
368 941 526 740
86 992 285 923
523 640 237 536
666 459 245 269
901 845 32 738
994 106 707 896
544 319 427 829
231 220 529 846
327 447 250 474
166 93 1 500
981 983 428 455
839 661 813 839
343 575 638 935
708 711 308 557
244 198 22 258
954 743 112 730
836 744 163 391
567 228 201 754
170 566 50 226
127 765 222 225
535 899 431 532
538 378 124 556
393 747 313 992
558 996 672 682
763 979 207 552
637 964 693 699
550 109 154 279
444 312 782 826
606 480 114 323
489 364 131 289
149 561 201 382
341 338 87 460
340 315 441 633
791 419 418 429
466 596 355 763
812 1 193 685
786 788 616 872
933 474 220 288
834 597 52 606
73 459 800 841
710 649 79 102
176 505 298 420
402 979 565 734
434 461 27 873
695 108 90 555
310 369 382 461
380 496 715 838
63 526 488 949
571 994 597 649
390 517 480 998
890 543 529 589
78 355 518 522
155 775 158 324
283 603 449 866
19 362 645 846
161 240 93 787
664 934 715 748
102 325 103 564
297 116 662 871
732 996 89 430
644 801 14 469
199 146 305 632
111 57 696 955
986 210 186 341
540 177 341 767
638 827 149 653
766 259 84 675
354 834 313 975
259 351 289 365
337 905 131 237
211 637 132 503
175 413 351 623
353 368 727 746
285 548 389 720
637 230 331 518
635 480 383 853
671 633 433 499
534 443 326 482
466 966 312 588
283 903 699 922
605 203 685 812
864 612 496 838
443 383 280 435
652 225 348 900
287 370 69 733
328 340 70 405
841 29 403 745
819 271 772 991
350 369 14 108
70 602 89 552
998 513 2 636
917 571 189 903
119 330 358 771
123 669 233 448
686 434 1 676
933 368 257 769
349 796 353 997
85 790 727 876
54 645 84 135
322 263 499 649
858 428 565 636
872 112 547 929
120 605 705 993
245 771 53 85
691 727 455 565
957 256 68 198
57 755 887 909
480 325 136 832
657 885 335 642
780 196 432 465
765 170 113 489
315 514 214 812
366 102 61 221
251 372 99 212
465 942 517 809
955 597 75 599
122 968 145 411
526 164 322 464
297 31 458 742
266 562 360 908
292 765 819 980
471 179 412 887
168 538 325 399
890 283 65 123
7 781 297 542
506 971 382 821
338 640 300 613
43 547 174 683
310 979 190 457
744 135 395 598
474 655 222 443
533 995 420 889
120 633 686 747
596 914 512 914
176 951 388 548
822 256 393 929
620 761 144 786
286 744 205 579
188 683 131 711
151 809 80 535
930 469 207 522
930 385 586 948
818 575 44 303
61 368 181 994
189 538 523 586
124 561 41 141
266 220 132 561
839 814 431 768
390 867 471 747
201 256 704 866
877 621 240 954
697 956 63 632
607 608 234 803
597 84 186 223
552 949 160 425
733 677 369 887
456 100 54 951
986 393 367 937
787 730 731 795
984 226 370 674
906 933 748 962
125 12 326 742
105 953 569 886
104 704 155 333
822 768 251 293
578 798 254 316
851 798 642 756
483 29 108 624
827 731 761 962
742 398 157 752
595 975 386 533
854 907 614 744
361 496 91 476
854 881 466 726
628 893 242 589
686 611 534 865
55 400 40 401
906 163 277 388
293 118 50 788
911 577 510 663
766 192 247 998
644 359 617 884
139 865 220 514
796 129 28 924
905 250 61 820
72 506 28 961
133 481 381 961
5 854 138 869
907 383 187 359
140 286 142 286
418 143 95 694
143 410 159 866
965 550 471 833
542 680 624 844
364 249 102 222
353 813 217 238
388 104 834 966
804 709 591 605
887 224 5 282
746 475 791 985
196 398 25 493
76 656 158 570
282 709 59 328
728 541 3 226
817 865 583 913
314 459 596 987
64 359 233 713
523 304 39 991
993 904 299 589
778 156 97 521
538 722 34 218
431 727 271 316
276 180 65 201
13 562 52 732
107 924 694 972
644 370 195 551
697 185 99 970
751 577 55 436
538 125 303 332
648 250 199 394
507 156 152 942
393 789 396 456
688 982 622 638
527 414 851 973
69 687 640 793
19 285 115 447
418 578 616 954
712 276 36 187
295 661 292 441
84 824 345 380
694 545 150 990
979 981 372 881
218 312 519 700
224 789 84 266
101 359 404 810
748 355 74 228
570 549 514 815
874 570 161 682
269 18 985 985
981 207 671 917
488 868 564 831
584 297 269 949
941 589 40 49
227 25 509 762
699 455 532 730
245 79 57 291
681 337 363 904
623 360 361 403
801 336 221 1000
628 153 31 955
447 408 858 950
898 415 216 585
506 655 386 806
923 615 160 707
527 301 149 832
674 639 8 243
957 447 708 818
198 640 108 528
582 585 64 180
628 357 551 684
480 491 488 838
956 339 899 991
762 594 401 621
305 719 660 880
390 86 235 473
218 681 502 602
158 76 385 781
632 503 131 740
703 869 333 545
805 130 162 560
66 1000 768 981
451 559 197 768
885 999 59 368
740 905 338 819
799 20 157 186
593 936 407 669
979 317 72 687
959 32 427 603
44 300 161 270
322 956 208 658
748 329 79 943
747 593 536 815
995 676 294 805
182 799 260 975
671 109 19 450
569 828 252 725
753 379 731 925
554 357 154 926
932 461 194 435
241 11 522 560
734 800 495 837
474 416 196 353
743 958 251 945
596 248 379 551
66 3 747 957
508 427 806 969
627 683 406 618
87 615 817 901
221 971 96 900
749 424 719 930
518 781 426 711
987 299 361 406
365 805 283 609
212 862 190 427
799 172 43 113
133 636 832 992
168 347 271 771
203 407 497 566
629 16 205 813
364 230 823 944
63 952 399 463
447 971 382 890
188 783 438 977
101 544 557 904
181 374 298 524
36 530 26 483
688 20 258 575
734 626 132 943
470 7 416 425
481 494 462 782
271 167 659 933
742 894 724 858
716 926 148 802
448 684 446 581
160 22 283 509
723 122 828 945
473 482 232 634
941 187 311 743
668 695 565 991
765 47 245 264
124 394 667 963
23 630 447 499
938 155 18 460
823 258 161 356
568 584 407 548
337 659 272 476
516 711 250 401
37 271 519 975
277 213 716 718
11 650 41 653
134 39 254 963
162 955 252 523
704 648 611 643
724 955 283 462
299 584 313 472
542 720 523 851
277 330 13 547
1000 195 158 271
570 445 809 850
293 123 225 412
478 766 204 933
15 404 130 885
626 94 48 200
628 799 547 755
740 117 263 265
486 48 90 432
480 515 570 999
502 895 71 156
145 106 384 883
430 212 739 870
478 623 524 709
1 393 253 317
173 219 507 846
840 481 336 527
916 54 60 766
139 997 1 684
975 420 773 851
599 313 503 997
407 669 514 551
11 493 544 972
926 852 242 934
161 923 364 649
363 386 147 494
460 736 266 483
430 248 656 827
805 976 375 409
187 167 341 805
690 685 624 893
226 32 91 259
532 624 404 783
63 277 357 620
500 127 408 502
680 310 159 207
868 659 243 959
432 142 214 401
68 28 263 809
796 257 28 965
168 833 417 652
541 427 321 866
455 642 452 711
949 589 368 577
180 622 491 510
660 161 200 503
259 808 365 595
555 120 85 916
955 970 672 803
841 20 194 665
906 438 193 608
278 631 380 797
115 23 113 326
67 752 671 811
3 495 370 896
127 390 311 891
253 586 855 971
272 597 138 671
400 637 396 611
1000 794 177 404
513 297 301 804
609 723 629 832
636 240 58 912
283 588 668 911
209 330 51 527
983 673 893 927
707 386 486 647
140 631 816 824
293 32 315 864
472 597 380 460
622 954 60 247
735 232 580 618
825 243 184 668
850 844 359 364
304 406 573 859
654 746 230 684
236 70 473 856
436 93 628 968
548 341 740 858
590 555 398 503
722 301 354 945
909 278 78 486
989 130 538 937
519 811 467 571
338 903 20 402
991 806 292 638
299 202 32 357
919 574 441 509
652 297 324 808
135 829 422 537
45 794 797 931
775 214 65 688
1 351 830 876
610 569 158 835
946 235 288 627
413 218 144 984
720 284 602 963
645 950 67 201
459 73 222 419
417 781 241 596
902 911 498 746
500 43 330 936
921 624 281 296
150 792 417 830
527 943 85 935
634 78 178 748
689 744 370 901
661 118 318 628
45 258 157 479
348 23 730 850
999 907 555 893
978 298 380 680
743 352 393 708
551 992 274 635
483 891 445 974
71 33 487 845
477 408 470 538
553 973 318 475
577 641 271 532
6 100 599 960
603 666 28 321
11 644 462 904
247 142 505 792
44 567 139 341
187 46 116 161
444 275 50 67
762 337 328 340
719 438 810 872
830 212 181 593
946 962 136 251
465 440 184 533
165 114 811 823
682 509 204 489
994 713 10 65
746 188 129 265
193 287 506 906
318 823 125 502
920 997 674 854
894 904 151 921
796 423 733 927
506 135 512 666
619 514 89 998
273 985 67 933
198 77 246 576
263 795 160 812
354 478 479 917
871 339 49 281
764 404 34 801
631 104 537 828
665 293 427 742
799 287 701 818
408 837 469 593
967 844 605 925
565 588 7 131
721 200 496 639
428 715 126 638
58 112 470 892
216 127 165 246
891 1000 513 665
277 754 452 795
444 547 282 833
870 539 146 261
791 697 12 615
886 771 565 694
66 290 325 833
968 792 405 717
131 419 486 904
93 688 465 738
603 277 780 994
592 558 484 521
175 682 58 229
977 115 201 922
109 712 82 287
697 885 92 132
648 845 357 863
144 26 333 725
806 822 473 539
779 836 767 817
706 992 251 929
273 343 194 533
163 232 301 396
929 10 43 838
708 707 66 169
466 428 119 992
613 570 514 707
438 94 62 890
778 469 170 987
208 795 323 602
518 138 124 965
370 861 268 945
395 626 49 766
985 571 669 861
254 756 74 250
798 287 239 701
502 192 261 759
860 481 612 677
530 123 196 414
613 669 460 626
866 919 39 882
559 404 120 776
291 287 64 564
85 934 216 662
689 383 306 342
872 780 216 487
836 80 248 781
613 533 446 560
691 44 556 767
409 400 711 860
999 617 55 835
319 576 648 995
173 512 205 879
21 377 313 951
517 197 116 995
432 137 227 857
779 485 375 921
442 313 212 699
946 208 743 849
628 864 492 801
960 91 764 810
928 966 769 783
726 888 777 853
750 332 147 944
376 587 246 526
978 943 417 898
285 37 627 797
589 774 38 262
711 665 1 588
413 201 493 716
266 23 293 782
651 113 716 884
659 816 223 725
366 403 383 718
255 686 234 756
79 455 131 223
55 484 330 451
1 401 358 504
630 985 499 588
172 456 604 613
397 980 537 834
989 388 591 639
377 487 748 957
151 203 818 938
240 378 180 739
62 507 655 740
999 42 180 415
128 554 191 700
208 874 633 827
176 946 861 993
875 244 958 967
428 62 656 750
608 314 227 555
104 802 224 309
690 531 679 985
705 918 23 294
886 880 692 822
496 263 38 675
787 8 386 884
520 559 52 314
408 149 189 816
708 874 792 993
568 361 108 951
317 860 699 716
317 997 43 119
958 940 454 899
295 433 251 919
954 63 204 811
438 75 196 697
604 338 319 387
914 337 7 507
239 859 42 871
480 822 72 213
594 280 353 840
757 185 248 364
127 277 63 728
22 252 519 681
396 812 143 362
245 790 742 974
510 299 313 677
18 967 172 221
947 79 517 903
944 930 15 94
781 354 644 865
813 138 348 507
432 647 180 807
598 34 443 555
596 96 218 814
903 417 711 755
944 416 90 635
991 377 895 975
495 148 537 745
936 2 258 408
314 907 821 1000
766 133 801 942
337 692 558 896
679 333 61 192
675 957 62 807
547 894 437 746
694 90 156 855
958 137 3 968
555 112 374 792
994 485 582 920
651 936 125 492
785 794 480 558
552 251 195 899
638 191 262 758
681 192 592 878
189 258 279 977
884 224 178 429
628 727 283 532
514 341 344 486
462 982 244 614
379 539 549 807
732 565 117 714
189 684 334 645
822 597 747 988
689 391 664 787
227 450 765 990
707 223 480 956
741 302 588 604
799 558 29 385
519 215 746 827
953 773 64 588
395 185 365 524
107 952 436 897
628 235 430 742
836 213 219 769
15 958 369 732
652 864 44 686
887 121 387 546
794 42 520 723
92 826 224 739
264 184 519 667
468 502 781 872
116 652 197 305
693 453 96 737
715 137 541 687
614 991 85 681
733 966 680 894
375 263 636 797
149 309 622 902
664 681 402 789
428 366 10 797
429 539 409 490
346 12 164 713
263 776 110 644
618 63 558 983
448 40 183 240
642 260 129 947
349 192 571 997
149 318 252 723
448 116 646 941
514 901 518 588
788 245 292 965
774 177 90 633
50 544 312 776
182 688 274 472
770 747 39 407
242 635 880 956
436 552 309 651
730 318 246 828
337 135 33 359
168 379 672 885
85 753 279 686
581 734 42 873
634 464 552 620
123 525 277 305
524 969 22 280
367 217 351 395
776 362 379 936
599 11 376 737
577 162 55 213
480 54 417 659
419 305 122 165
268 189 854 948
529 500 826 883
578 259 411 799
284 430 347 405
458 996 410 469
37 121 589 953
877 930 137 320
132 624 768 841
826 700 192 221
375 686 430 489
510 60 118 415
27 489 185 391
815 758 91 737
573 401 600 755
901 176 59 215
96 805 193 559
82 462 298 621
624 27 9 360
40 237 209 473
398 406 52 296
60 862 266 353
846 567 449 708
188 704 734 891
978 68 403 850
131 766 412 949
33 650 127 997
271 562 121 652
450 489 895 923
384 145 155 570
695 989 640 747
539 734 357 912
6 876 334 377
144 490 119 481
877 545 85 726
342 593 303 761
994 910 16 161
751 948 40 528
343 274 89 607
81 492 568 818
466 58 47 476
277 311 805 903
142 589 675 985
681 526 626 697
327 524 518 665
148 151 267 285
822 908 69 763
170 954 19 930
994 308 445 752
880 697 612 776
818 928 438 511
179 968 145 829
700 158 505 913
380 246 730 892
772 494 101 298
469 765 148 238
846 395 65 253
515 186 28 393
817 199 861 992
793 107 57 955
29 879 258 441
925 947 30 306
92 87 231 297
698 801 527 982
666 608 346 811
262 446 462 661
995 99 19 663
76 808 733 961
333 725 683 959
332 835 98 373
966 125 220 223
567 906 836 877
233 909 17 914
837 630 904 940
795 809 74 447
131 108 336 661
855 515 531 673
837 314 465 745
306 624 277 377
241 210 322 706
776 934 2 502
447 21 758 996
574 697 487 621
307 559 322 563
351 16 542 918
682 808 6 190
377 315 19 802
232 753 35 845
39 933 785 864
439 523 82 241
581 502 361 414
303 911 755 921
171 318 113 883
325 445 417 586
867 749 346 354
413 993 732 738
986 826 753 993
385 540 377 718
627 569 144 470
561 151 262 385
857 252 104 740
768 365 214 464
142 788 973 994
752 179 493 644
163 630 527 937
584 593 845 921
57 115 353 537
180 164 591 783
460 972 372 614
432 374 426 689
485 779 169 417
787 684 443 817
892 555 3 183
337 26 425 886
270 255 656 731
578 160 462 573
13 919 940 966
93 744 118 655
221 383 664 823
292 184 120 318
444 980 166 821
238 341 239 563
359 397 99 785
312 957 407 666
39 926 322 416
158 207 5 355
489 660 111 459
895 152 452 922
493 802 87 615
55 979 830 864
636 141 92 357
122 819 174 882
563 942 315 690
768 643 553 918
155 909 158 903
154 173 692 784
326 666 314 753
684 33 156 417
560 187 270 315
669 363 333 432
156 892 388 536
231 956 323 867
374 757 246 942
596 569 309 862
335 579 422 542
686 414 495 873
555 734 403 802
492 31 681 798
491 162 373 950
292 644 207 450
292 11 75 130
206 846 11 913
268 389 831 905
915 951 71 940
225 898 569 874
658 637 192 292
922 213 345 771
737 557 226 357
393 753 784 955
876 452 330 640
757 660 132 467
717 933 722 846
458 623 127 172
632 466 859 922
582 827 39 352
816 348 261 480
998 199 82 409
310 359 779 979
613 416 266 863
215 594 907 926
937 601 355 774
848 452 393 615
499 478 499 567
16 120 113 297
396 801 513 740
888 953 148 959
389 262 908 939
179 42 614 763
528 694 331 628
485 915 137 447
232 336 308 827
652 756 29 753
129 118 520 756
985 745 242 830
715 393 429 454
974 122 488 568
80 360 117 524
955 369 475 571
530 396 548 956
796 446 330 999
920 921 332 634
248 398 692 824
898 974 109 618
94 729 50 941
104 586 220 628
597 892 299 309
506 236 147 261
39 905 43 86
741 75 403 517
329 571 457 943
303 399 357 707
773 53 360 636
862 820 269 627
74 568 452 481
829 908 201 215
580 780 270 889
532 651 532 764
577 77 253 531
986 938 168 531
181 278 220 256
335 411 566 847
981 489 30 76
446 457 123 901
153 752 98 445
58 813 230 287
185 861 539 992
113 249 65 501
703 209 40 739
599 47 254 580
158 827 189 638
311 561 29 804
283 823 2 762
419 944 339 978
296 287 817 912
636 281 348 475
798 348 384 634
84 709 789 949
214 474 845 966
637 813 584 722
374 304 904 930
691 534 467 650
563 254 192 634
751 50 376 655
942 911 509 833
238 611 362 656
751 746 590 807
178 120 205 917
125 987 671 759
229 320 187 548
670 616 553 911
611 795 627 798
150 287 37 645
78 662 939 949
801 649 653 723
10 741 399 710
792 8 138 849
98 177 186 261
307 426 311 730
822 11 375 886
582 430 135 810
138 922 109 620
969 226 370 650
354 443 771 996
763 909 232 518
161 266 481 879
102 491 145 824
199 867 28 230
733 707 800 873
315 559 252 510
780 449 348 978
902 296 531 839
978 380 369 427
304 938 512 633
14 749 105 541
297 494 539 584
701 676 499 670
100 822 596 974
733 199 610 864
171 592 710 953
679 205 160 844
307 883 104 980
677 960 174 979
210 660 266 895
40 308 359 720
717 504 157 286
572 794 9 480
372 393 174 963
988 889 171 824
865 45 36 439
205 210 637 1000
138 320 17 954
691 152 685 744
642 419 77 491
248 601 59 68
301 207 97 800
822 482 307 727
243 784 538 812
955 737 132 298
226 545 307 921
504 942 244 895
30 378 121 926
98 195 321 630
752 300 297 811
634 94 310 577
884 670 573 742
770 89 170 329
365 185 143 830
158 819 172 527
547 216 603 734
951 688 122 941
66 972 492 597
474 164 249 866
203 932 17 493
457 324 94 779
253 208 705 940
684 311 55 981
378 692 102 127
42 449 382 462
918 753 25 989
333 143 482 785
909 176 497 797
636 187 180 200
946 469 111 168
623 784 232 545
608 713 88 412
1 147 232 250
341 584 161 479
164 272 492 620
113 302 391 756
207 122 438 678
149 791 682 819
717 227 680 858
744 497 511 887
89 439 70 95
522 915 155 817
717 381 501 514
451 114 270 698
74 952 395 410
639 197 316 674
564 97 26 541
192 931 376 730
29 936 28 613
428 524 305 451
991 266 189 951
312 837 423 879
7 391 598 850
312 169 313 419
994 208 272 276
761 111 813 917
60 504 228 597
428 852 276 596
109 441 81 483
241 787 869 963
493 273 739 897
19 195 337 981
61 475 93 686
594 279 206 847
218 550 659 889
975 881 589 681
44 985 374 909
29 716 421 733
85 5 742 762
707 93 341 901
149 1000 843 923
23 682 179 899
360 768 80 393
832 39 610 795
727 996 249 880
959 298 838 990
722 743 626 701
361 632 482 759
686 6 18 176
854 833 366 959
428 868 288 850
354 649 479 729
5 136 651 922
747 295 340 350
554 794 240 544
249 925 742 902
977 119 571 751
576 686 411 512
442 775 383 776
316 404 613 973
962 773 713 720
646 866 489 957
748 734 74 773
958 116 84 678
648 503 207 553
990 217 139 313
746 796 259 322
793 386 179 248
114 225 579 900
233 546 246 295
777 754 601 735
747 853 390 890
201 333 130 514
773 923 735 848
979 264 123 252
597 112 502 648
956 599 323 617
368 386 571 723
710 727 424 686
685 37 780 910
187 123 594 626
462 723 99 368
290 156 284 799
753 120 813 949
377 727 278 623
829 746 379 938
977 496 115 808
100 367 747 994
491 400 345 473
367 774 409 511
294 179 628 986
536 592 197 250
440 700 267 339
126 251 378 814
133 890 933 970
822 162 242 666
224 221 462 761
903 693 16 348
257 831 234 953
557 506 202 473
20 506 129 529
984 412 549 891
104 954 15 695
733 973 250 643
739 48 91 366
861 697 109 446
34 938 205 216
392 827 61 776
813 250 508 606
14 403 361 386
422 910 417 896
114 478 426 716
250 461 371 569
88 141 126 940
228 156 768 811
275 234 81 321
200 493 99 381
43 496 625 854
950 336 124 314
294 165 598 794
575 220 452 617
109 980 621 949
100 952 242 707
327 880 731 862
480 167 279 331
635 659 199 251
596 69 700 953
98 293 465 772
478 181 253 924
160 630 192 678
716 556 661 726
849 686 251 345
962 605 80 415
280 816 392 592
512 331 220 882
596 646 177 537
141 550 119 794
161 744 739 983
822 386 386 618
158 677 37 249
428 160 91 861
760 265 442 800
283 576 941 951
660 571 347 576
235 996 178 817
102 399 178 240
973 443 434 557
475 843 120 357
448 920 11 209
189 752 144 675
605 562 551 577
807 796 18 647
111 102 49 328
365 190 450 701
386 181 148 460
367 43 795 899
67 30 155 289
236 715 778 838
954 143 779 808
860 537 271 825
606 666 92 724
463 737 531 618
39 352 552 762
234 441 658 819
353 100 425 632
15 178 477 517
731 288 490 564
895 392 2 413
957 356 361 469
714 102 597 989
508 318 135 908
352 980 550 641
307 217 449 628
154 812 368 820
415 816 628 670
997 514 228 348
333 201 367 686
330 611 471 789
41 339 654 980
967 382 465 920
636 59 315 961
544 654 336 669
187 362 257 446
317 577 56 955
476 443 497 501
443 597 387 670
368 335 185 223
934 200 142 504
892 596 351 921
254 983 102 686
549 55 641 890
925 20 668 723
960 223 395 815
550 541 484 684
752 616 296 591
412 387 447 551
473 895 70 436
136 862 305 356
433 431 116 747
966 82 603 799
558 629 202 619
882 129 189 915
778 92 267 405
110 912 407 408
986 525 463 655
589 839 254 786
297 60 281 873
621 116 39 503
226 578 595 911
208 724 551 912
383 448 27 435
578 906 274 987
473 53 12 717
14 300 69 354
707 395 173 293
360 695 263 694
203 53 268 560
551 737 682 802
616 793 17 207
58 846 280 967
4 145 446 665
434 995 534 917
908 353 376 955
5 996 310 965
714 192 97 893
346 416 374 996
644 290 626 885
378 273 333 586
128 756 816 953
798 213 606 632
886 106 40 226
86 977 687 804
797 710 261 727
508 546 387 996
497 245 305 624
396 542 748 921
693 927 143 257
452 127 243 745
417 606 62 885
4 833 857 997
742 186 517 635
939 551 13 699
41 182 170 580
506 115 249 413
524 671 111 169
293 787 357 511
602 324 384 629
490 239 340 445
631 686 240 851
952 519 402 719
704 381 37 640
681 879 107 788
468 467 176 343
97 288 395 773
394 720 230 308
870 877 57 772
512 235 210 830
121 621 676 684
427 391 842 916
572 10 88 682
301 839 79 160
523 584 850 878
608 924 63 71
623 754 785 821
668 645 124 477
67 457 491 873
363 22 220 221
166 859 352 856
996 541 207 426
285 472 1 639
928 154 257 459
749 795 136 678
507 177 155 725
653 800 547 656
807 299 856 931
477 390 283 978
859 840 58 876
18 233 538 682
390 345 205 703
431 232 549 681
567 565 371 658
123 254 334 497
870 897 273 550
807 637 319 951
24 393 374 903
297 429 423 843
867 505 126 973
498 268 242 512
131 875 392 789
650 322 297 298
388 547 150 905
44 705 550 985
815 222 38 420
351 368 728 840
31 297 250 898
196 537 491 972
954 720 370 421
824 390 753 755
568 909 536 578
517 805 600 910
468 291 182 414
943 723 296 416
308 336 762 976
751 838 102 593
609 324 505 858
555 107 88 235
879 428 270 291
900 823 573 952
715 172 115 577
925 814 430 716
326 717 653 723
234 660 43 116
940 921 654 930
909 690 61 288
673 650 297 542
668 924 332 692
740 321 218 866
974 50 177 346
337 256 445 599
236 996 63 997
131 17 1 859
363 632 203 860
47 524 540 835
603 692 654 685
986 438 828 975
4 30 542 777
147 968 709 790
831 934 31 221
891 992 591 648
995 320 663 826
450 166 386 432
850 305 8 964
336 436 303 523
744 803 72 644
16 249 268 949
347 536 534 883
248 551 251 492
91 65 58 283
515 603 147 302
24 245 594 817
149 502 314 916
5 793 836 937
57 297 338 652
438 506 624 639
454 518 450 644
681 41 40 916
643 981 129 582
871 44 104 365
667 755 555 684
116 880 411 446
623 250 333 840
954 141 170 581
515 488 288 546
505 635 179 806
815 757 18 898
976 561 392 749
277 4 183 992
33 140 592 761
174 540 774 792
114 60 92 242
821 818 366 489
896 707 223 651
149 354 242 834
19 300 419 571
142 106 608 700
631 750 39 609
142 981 39 931
477 233 53 184
393 468 151 167
95 259 271 824
691 795 91 808
93 264 510 540
697 414 786 809
664 552 52 337
282 71 449 913
218 780 249 493
252 190 418 551
493 18 391 785
946 803 143 778
560 833 117 144
501 830 487 843
910 770 356 655
5 23 118 623
200 66 660 851
386 565 138 725
293 421 550 940
648 884 199 603
963 190 43 374
957 954 210 477
983 399 227 313
204 12 632 979
351 576 341 582
847 388 725 753
103 521 232 583
267 869 776 977
495 779 808 845
397 826 407 749
325 743 84 588
73 150 233 883
839 72 618 822
443 900 603 628
952 294 135 543
756 442 194 930
505 289 142 292
26 773 167 719
873 623 560 560
405 682 220 602
548 549 237 756
564 366 421 971
232 861 49 416
33 131 160 975
567 688 436 652
233 847 36 889
901 735 267 976
884 904 523 629
359 454 146 250
600 503 490 905
68 119 22 286
703 277 310 447
597 781 143 704
758 368 59 291
544 677 17 920
865 304 647 811
723 714 831 942
491 255 136 416
609 280 168 571
522 474 15 723
515 805 435 989
238 53 118 191
720 90 139 428
17 743 31 43
493 531 419 877
480 675 752 827
818 311 92 981
2 785 566 963
157 947 258 596
270 679 327 718
156 468 191 961
396 718 356 969
22 281 368 606
273 721 371 784
251 639 301 607
428 464 576 600
482 880 803 808
44 208 147 973
197 816 440 543
646 992 332 808
854 664 71 424
86 167 457 923
768 686 571 997
73 727 296 881
743 261 530 905
462 300 39 707
993 480 795 976
923 268 314 441
409 459 353 869
410 408 76 979
552 476 402 828
59 579 243 553
100 733 84 706
751 460 481 856
612 18 77 279
614 74 772 945
611 776 873 915
140 844 446 600
976 140 378 763
451 233 207 639
541 298 310 892
467 590 606 764
635 139 423 465
390 687 320 676
992 532 46 132
956 594 183 939
115 707 39 746
378 909 184 271
707 196 784 920
759 137 376 906
210 458 281 446
23 932 72 107
870 864 84 193
101 220 127 523
970 954 60 195
174 758 19 424
62 981 337 896
278 514 779 923
67 573 201 849
471 358 850 905
121 988 105 760
51 956 505 608
888 826 18 825
37 426 338 927
879 283 291 696
240 265 437 574
981 954 480 689
742 303 549 932
25 992 170 922
580 939 1 468
703 923 180 661
711 730 223 323
575 764 175 573
117 483 321 928
202 148 562 999
13 328 29 810
696 77 39 356
720 942 580 769
74 550 623 928
682 982 498 712
863 763 180 982
488 987 142 206
333 801 106 504
532 531 594 980
594 737 926 965
929 158 533 837
593 908 399 422
428 756 139 247
911 71 526 751
259 448 3 173
707 347 246 781
857 464 379 619
429 796 236 279
365 212 422 741
795 91 11 300
48 644 340 792
813 458 82 631
629 476 10 434
483 668 415 614
815 499 288 886
308 564 217 933
560 432 204 451
749 450 69 125
582 553 394 525
957 608 65 711
282 656 845 877
397 155 462 540
482 710 492 623
502 413 463 987
346 962 660 676
96 1000 83 218
419 141 437 795
148 855 599 742
981 829 259 342
359 524 300 518
823 51 337 381
178 93 453 618
85 600 231 567
126 325 233 260
36 669 627 782
714 693 128 566
553 891 767 989
820 222 849 903
539 997 568 763
121 262 159 945
777 897 267 494
55 586 180 880
486 161 603 990
850 482 338 594
391 543 233 253
350 856 726 851
249 411 68 516
704 671 730 825
594 672 50 839
534 488 426 849
919 98 196 998
835 240 331 940
643 698 642 900
705 838 616 704
990 191 296 952
965 694 257 976
335 438 373 992
901 736 114 981
667 147 57 833
605 37 276 979
568 44 454 754
886 760 48 612
508 208 384 727
306 715 136 890
311 234 55 195
668 451 37 976
372 428 241 895
189 489 54 811
568 272 226 451
682 986 458 519
850 21 50 834
296 847 151 428
156 369 756 849
745 61 289 761
670 810 527 680
513 846 43 470
402 465 39 647
204 972 376 675
759 885 555 571
95 515 434 945
61 576 64 332
908 174 144 763
924 749 338 423
62 181 397 558
69 142 138 288
905 800 466 938
372 543 270 924
983 375 19 208
935 78 19 150
1000 908 9 246
505 158 31 898
913 170 429 654
872 465 62 673
587 447 485 812
716 296 104 113
514 90 178 933
993 64 234 259
372 209 494 687
128 809 954 960
620 980 221 407
154 110 260 291
906 264 517 851
500 867 123 972
770 442 550 932
271 68 422 765
62 630 241 537
735 780 10 130
474 744 149 606
211 290 771 879
849 189 331 598
720 545 650 860
238 304 241 683
560 771 9 306
214 91 377 511
434 422 53 843
616 145 189 376
882 443 155 495
717 171 385 514
552 117 316 667
798 949 571 652
273 700 90 857
234 104 378 606
982 379 88 435
522 582 594 884
314 84 312 977
80 329 181 213
55 85 956 975
317 219 368 474
736 348 127 579
183 978 468 745
324 126 207 909
346 454 133 405
400 308 314 670
231 323 404 564
169 661 289 471
372 24 303 474
401 197 288 800
908 492 100 479
681 554 11 739
626 20 620 973
399 458 784 872
629 455 508 977
516 61 432 549
570 711 320 512
492 155 133 406
417 542 545 731
689 86 32 202
859 376 78 315
226 459 309 515
818 988 307 361
503 571 547 800
990 757 332 946
568 898 49 278
985 263 255 916
86 830 117 266
430 16 725 849
921 299 64 925
349 191 4 260
224 906 328 683
234 330 336 580
520 632 470 701
501 116 196 237
458 260 181 632
415 496 144 401
790 182 294 977
184 604 213 674
661 351 323 391
601 183 616 920
489 754 74 581
555 458 433 882
525 944 81 187
737 697 74 200
730 835 113 226
84 26 84 406
694 186 456 535
858 406 288 494
208 929 496 909
763 77 311 769
484 796 651 808
193 184 173 797
217 478 769 828
494 730 127 363
399 902 163 235
137 519 461 942
279 80 250 803
825 205 354 721
904 373 198 238
840 159 710 954
484 949 20 637
408 393 152 397
158 692 129 648
446 416 412 496
861 780 435 518
831 497 374 582
666 697 84 389
247 521 43 646
363 500 385 693
729 255 456 536
62 742 178 345
278 652 79 552
301 561 19 677
295 490 91 974
462 120 643 850
108 511 323 741
310 740 95 283
613 998 439 444
122 788 260 633
857 587 316 854
175 629 184 200
433 27 946 999
334 723 468 526
717 470 295 468
103 248 14 314
302 847 322 419
776 477 499 825
473 867 276 974
267 494 233 437
181 165 94 919
776 744 645 877
814 177 44 852
715 341 686 818
950 398 312 600
194 2 109 681
448 762 451 509
963 5 22 572
446 42 498 881
876 552 213 432
284 301 86 694
865 503 501 631
927 661 243 346
893 522 361 806
209 842 499 918
582 298 253 917
99 226 391 417
17 644 702 773
226 440 313 603
744 978 68 120
120 833 540 930
143 875 725 905
970 509 899 901
125 152 178 583
203 33 122 719
621 186 753 931
881 262 103 749
418 15 41 742
724 290 459 620
682 68 202 870
536 875 362 436
949 259 303 914
984 319 358 694
452 587 34 39
931 244 974 984
399 285 51 766
9 302 733 991
223 54 45 501
713 480 678 780
875 900 832 967
38 246 558 909
965 607 317 327
649 503 540 554
907 944 170 740
592 973 262 852
271 301 828 904
834 372 100 322
212 534 75 789
273 514 553 563
203 497 22 181
424 236 171 1000
291 870 702 899
681 896 719 891
734 634 692 731
901 21 707 859
213 795 30 299
95 577 873 876
754 685 619 867
145 246 194 430
140 547 113 708
819 45 489 650
839 876 310 727
834 587 284 763
456 400 330 578
328 319 713 977
249 482 95 715
941 72 782 982
557 124 279 369
614 372 162 589
846 758 439 720
340 36 198 532
648 470 299 825
375 713 854 987
914 336 500 742
801 213 173 877
122 117 101 225
948 643 365 455
62 633 297 797
889 600 247 784
359 757 241 851
115 945 72 766
680 116 25 272
538 957 353 887
19 287 582 976
191 986 437 459
660 457 90 360
311 91 416 733
175 279 363 714
39 519 636 718
328 928 348 810
632 295 3 455
846 169 164 916
888 662 445 771
798 569 758 991
495 556 714 980
786 876 268 555
127 824 107 441
205 975 136 284
426 446 322 820
596 763 742 758
442 569 89 752
531 748 400 649
716 783 124 603
493 164 190 469
960 686 276 389
969 940 553 798
193 473 296 610
321 885 191 223
283 955 520 943
37 56 766 842
60 152 221 960
641 404 136 239
568 378 260 527
905 417 10 676
557 495 553 737
964 680 101 696
27 861 337 516
631 974 701 845
475 341 297 397
483 786 262 612
524 619 187 534
276 867 267 676
788 999 698 715
868 794 705 961
123 789 97 853
90 311 775 784
926 369 289 543
964 613 637 961
770 31 521 533
238 615 327 923
451 753 110 413
468 706 143 870
482 86 642 967
770 407 199 434
169 494 835 880
932 902 186 536
683 579 496 840
790 379 49 667
927 809 544 903
648 718 45 975
607 552 201 793
31 117 863 931
638 458 416 624
279 898 557 573
880 478 182 248
294 837 102 206
286 113 454 483
284 110 669 867
701 779 40 574
460 84 16 864
939 576 648 859
502 987 443 714
257 76 480 516
28 726 531 726
35 203 168 748
452 953 307 530
264 701 62 958
391 792 156 175
466 177 3 625
194 533 207 898
778 204 553 581
301 981 15 980
223 511 766 861
827 79 69 588
683 873 491 643
234 908 75 932
627 890 967 991
959 113 669 873
484 508 178 988
614 399 764 837
410 763 8 656
737 716 738 752
308 971 345 895
97 407 333 698
177 278 166 535
251 670 45 316
259 245 100 474
376 355 247 537
998 971 271 655
415 280 55 109
515 19 267 351
215 987 72 579
175 318 802 934
644 74 160 458
821 56 500 584
663 34 153 228
430 530 690 760
911 827 123 574
260 829 187 640
670 259 210 916
49 235 108 912
21 590 260 888
458 209 334 565
537 712 549 832
747 905 278 870
182 670 142 273
616 174 131 503
929 235 68 572
270 176 423 986
196 761 294 655
1000 821 414 660
407 568 202 270
11 424 193 256
868 649 666 689
807 175 194 402
663 589 467 767
149 237 261 603
455 201 33 308
528 542 258 795
949 529 536 582
93 660 163 663
232 566 97 833
222 421 531 758
379 213 202 563
239 334 212 848
527 791 115 780
326 222 113 227
73 653 46 97
318 918 353 884
780 278 64 813
920 298 498 682
353 551 40 847
851 422 106 290
482 795 446 699
565 43 31 297
438 543 324 532
480 315 40 411
58 953 223 248
127 55 437 724
355 224 99 955
193 566 575 823
46 378 379 681
230 631 303 970
20 304 790 902
718 961 636 646
125 981 74 945
216 81 326 385
687 433 691 858
604 357 159 369
857 43 527 777
784 632 423 994
237 528 499 877
753 732 252 462
199 50 669 957
676 911 149 578
7 657 604 932
424 170 162 217
131 466 109 148
70 269 362 893
112 814 149 459
992 149 184 749
979 882 435 789
573 452 66 925
471 126 308 828
956 780 523 762
263 251 354 462
950 365 54 909
998 332 394 884
992 849 576 671
150 124 190 705
996 938 46 243
659 586 212 308
53 819 427 889
853 96 256 710
185 346 400 557
350 908 245 956
791 152 377 537
550 905 499 948
994 93 487 690
815 844 461 578
820 583 41 633
654 858 476 656
51 704 162 455
45 157 425 951
597 232 152 710
527 550 70 206
494 35 70 330
878 607 599 762
921 681 588 910
951 41 488 803
194 452 233 914
755 147 320 444
346 381 541 768
963 957 229 266
721 388 432 521
823 94 108 539
3 44 98 949
859 186 208 666
224 29 618 971
874 93 207 391
618 872 438 851
476 129 539 802
590 126 83 713
792 942 844 893
736 770 343 961
55 676 176 246
548 200 82 906
491 593 295 913
422 917 131 928
299 372 205 648
601 633 573 639
537 895 170 198
964 319 284 678
427 445 472 566
937 409 251 447
916 897 550 828
340 229 667 756
333 649 283 544
710 491 77 745
655 776 686 729
470 562 77 740
158 106 120 471
336 118 390 455
254 709 256 958
532 678 138 805
879 596 283 749
698 487 408 826
129 248 59 89
849 171 741 815
727 980 123 585
410 613 159 769
535 28 15 539
115 538 142 914
538 698 822 897
522 343 94 265
666 856 691 834
3 856 389 553
343 542 47 485
329 787 49 534
893 520 907 971
390 847 290 789
800 126 36 352
158 674 501 856
342 857 91 405
747 958 410 994
298 773 531 729
294 385 212 267
288 928 13 753
447 348 505 620
794 730 309 524
429 659 98 152
38 335 405 929
20 881 376 641
752 926 655 788
291 238 552 823
295 18 217 641
620 541 85 820
724 699 23 440
325 944 175 987
186 97 224 775
222 871 177 712
443 197 261 813
598 953 138 183
426 556 399 953
321 325 614 828
478 376 442 455
306 259 22 210
312 863 719 794
154 656 297 637
815 809 180 260
521 589 339 663
516 823 434 585
716 737 780 894
910 731 296 526
101 268 316 834
877 233 107 249
78 415 80 983
83 11 827 917
868 797 31 214
651 167 323 419
790 298 116 833
303 6 2 139
488 133 656 707
925 940 83 826
385 606 243 506
719 476 77 439
664 938 215 441
155 85 606 976
249 443 47 396
503 4 175 206
565 301 247 667
28 893 331 555
380 144 496 519
856 619 334 448
608 670 205 214
119 346 636 723
806 559 162 282
230 550 49 329
12 22 299 646
30 502 320 500
680 415 858 942
134 320 315 694
756 507 484 756
989 645 817 951
322 119 587 977
68 605 363 878
835 79 103 722
98 785 560 994
725 651 251 486
457 561 43 789
961 859 519 917
698 293 384 626
304 409 252 576
627 550 139 445
106 248 222 734
563 770 330 435
897 142 433 887
186 470 7 540
530 31 376 800
853 442 132 815
283 355 245 429
380 116 47 983
258 944 76 668
322 177 762 802
63 420 249 275
733 645 636 706
154 716 349 471
622 166 535 954
788 58 486 681
98 894 792 926
454 525 345 555
66 686 578 921
981 575 669 683
63 457 398 963
415 289 169 767
66 216 682 789
614 570 50 454
28 699 396 915
893 102 432 569
406 640 216 966
854 789 88 101
304 649 83 372
762 567 490 785
145 317 157 646
402 921 60 328
988 676 547 620
432 194 551 707
683 372 66 858
610 771 394 582
87 943 83 545
149 538 178 315
460 417 282 474
688 584 542 838
983 19 398 803
987 973 259 300
46 186 7 652
540 565 474 492
632 211 853 921
731 273 781 827
587 795 134 518
40 869 358 824
81 503 202 269
63 405 31 203
864 617 322 720
795 614 239 722
188 165 20 597
718 193 281 644
452 971 341 485
690 679 143 284
646 401 103 257
566 772 930 965
702 127 250 768
776 338 550 861
679 625 251 612
755 974 603 946
552 316 701 845
299 18 228 583
23 217 670 772
379 79 592 777
395 749 236 621
914 701 536 789
53 848 258 303
320 572 522 965
495 849 112 791
388 763 718 835
178 736 541 544
203 830 345 372
691 169 803 827
353 295 199 833
848 419 285 392
641 885 385 946
377 732 172 470
891 172 278 915
808 893 228 522
178 691 34 298
989 748 83 84
19 422 232 544
453 221 417 456
635 537 102 423
497 947 286 697
367 666 265 470
391 953 214 792
761 528 425 706
642 988 615 850
594 679 234 907
588 958 60 446
367 293 291 941
891 672 409 965
357 347 20 94
704 512 96 156
387 324 12 816
363 937 238 323
871 552 16 299
480 749 229 602
520 609 92 671
210 845 542 681
371 785 44 959
295 810 441 713
390 476 474 824
192 43 218 642
14 505 312 885
253 295 86 332
398 798 2 614
426 420 117 467
38 545 328 633
412 867 47 749
694 972 6 11
562 933 97 833
211 84 633 696
25 101 871 906
936 339 93 991
865 816 167 641
889 983 156 752
891 930 584 946
778 944 686 914
937 655 239 521
217 517 779 887
206 276 540 663
240 805 639 824
82 53 394 757
288 781 188 756
495 736 708 844
410 100 629 788
535 842 49 419
296 318 373 821
512 388 325 487
136 925 329 497
59 85 522 822
4 743 587 913
216 96 439 736
644 542 98 201
634 327 567 917
54 402 119 244
177 893 29 786
250 272 66 345
241 821 527 599
938 352 228 593
37 292 238 586
598 449 132 193
960 703 265 918
671 196 562 814
880 631 161 818
98 81 565 997
897 338 346 387
478 562 281 518
637 790 322 411
489 152 126 576
652 312 153 828
24 255 84 218
871 883 141 175
700 698 570 720
326 785 41 317
15 367 59 64
570 771 11 355
445 86 750 975
317 188 448 450
202 890 195 834
811 497 211 759
212 153 592 798
376 479 76 480
93 603 35 743
392 980 204 324
587 109 224 599
665 435 81 498
926 286 365 685
818 583 432 891
80 368 398 766
817 696 631 997
706 520 189 688
241 386 228 980
878 718 61 636
219 546 805 959
350 639 419 673
215 270 432 877
210 489 284 435
24 642 44 907
244 595 250 576
387 163 445 678
240 629 208 331
614 168 432 812
767 784 571 1000
489 33 387 556
663 848 107 753
512 133 541 740
575 111 899 932
227 489 61 910
444 243 649 688
979 800 584 672
703 836 30 863
958 83 436 615
358 57 237 322
787 447 435 567
780 980 10 722
241 654 686 711
268 491 325 937
896 946 87 255
911 329 736 845
643 326 411 813
311 725 290 725
39 885 655 697
28 325 298 883
408 992 26 653
425 555 52 108
443 193 21 664
754 364 435 812
847 391 203 769
881 312 382 921
166 509 729 876
93 315 230 923
574 126 535 570
760 969 102 994
820 744 390 495
485 256 25 368
941 215 248 848
539 602 255 348
623 583 422 781
27 753 251 542
284 29 250 837
216 602 170 850
59 884 70 136
925 186 378 676
859 705 382 883
657 316 138 882
610 198 249 616
459 920 274 322
560 401 336 619
71 13 622 873
308 893 597 693
28 361 322 948
798 961 395 417
818 342 449 532
91 590 751 897
60 170 195 734
147 868 133 361
944 691 661 858
207 895 497 822
850 175 663 738
624 564 847 885
144 105 2 235
145 649 180 787
631 779 216 667
712 488 397 772
68 674 94 339
841 154 61 582
402 871 598 676
491 436 913 983
141 558 202 220
143 125 79 507
354 554 200 270
496 82 343 722
338 42 145 770
772 307 110 765
905 210 32 130
155 762 487 990
569 306 87 141
268 16 620 938
675 687 217 920
930 875 569 984
624 793 202 859
662 40 440 1000
937 647 680 932
514 479 120 461
828 359 447 701
858 655 499 637
341 367 283 359
706 959 170 473
856 597 88 455
968 706 55 530
978 505 217 876
831 832 282 818
363 9 841 964
84 986 691 942
69 650 259 985
798 68 360 710
374 927 152 718
227 385 157 698
840 655 645 847
187 497 364 395
590 344 181 696
462 528 307 954
375 74 267 973
952 171 286 789
54 72 16 703
416 880 303 723
505 202 709 730
626 768 570 822
841 882 780 818
692 536 933 977
34 536 169 669
122 382 147 756
701 528 465 891
902 166 535 959
846 671 130 338
511 314 89 328
832 841 919 933
335 851 331 572
696 920 123 233
372 686 146 876
208 266 19 136
467 765 296 845
747 202 50 974
592 1 630 895
141 537 171 675
821 940 23 687
133 975 230 543
692 336 379 991
915 264 576 917
267 376 120 245
309 981 274 278
226 358 219 405
551 827 282 630
784 830 647 954
624 973 489 933
206 82 188 613
816 55 640 777
315 938 258 314
322 539 594 634
466 280 155 407
874 811 30 724
965 382 108 503
449 642 163 501
680 597 129 269
863 959 344 563
629 405 416 914
488 765 408 614
431 344 484 556
447 423 35 150
804 880 142 303
349 464 222 879
767 862 578 991
74 538 136 575
786 779 307 950
138 105 283 912
868 706 224 347
908 23 310 704
547 451 968 969
302 205 689 910
748 159 241 928
634 128 305 643
786 309 473 664
959 92 20 595
107 828 484 778
595 776 25 611
941 834 375 697
520 804 92 400
750 324 48 776
972 777 127 536
170 999 61 556
914 436 336 953
208 281 278 301
960 416 532 684
583 508 177 339
17 360 437 671
453 223 204 697
145 980 174 224
232 474 640 672
94 28 125 529
857 21 515 757
546 61 12 390
637 413 244 795
364 277 775 817
790 956 149 978
23 681 285 505
861 687 469 838
991 351 727 932
492 635 30 409
7 555 28 528
413 770 45 794
109 64 403 582
131 272 356 499
770 80 335 864
485 973 109 940
696 803 603 1000
169 68 867 877
677 841 239 281
308 498 314 451
382 308 277 305
454 723 330 649
136 713 670 675
633 956 657 993
531 430 279 485
666 309 225 560
200 879 6 884
613 728 489 952
169 292 705 860
14 24 61 442
35 318 312 669
609 797 672 903
596 565 293 491
333 565 636 963
697 592 163 665
679 922 504 777
764 781 34 872
982 148 767 981
938 991 610 975
781 298 175 569
748 886 211 628
165 397 447 889
995 352 3 383
951 73 64 343
898 472 136 415
594 638 389 827
559 125 532 545
981 344 287 727
504 376 751 829
627 329 274 782
401 495 2 358
363 524 677 788
44 595 229 634
272 641 28 72
341 630 667 883
520 200 244 835
372 696 407 439
713 438 127 572
530 376 172 493
596 866 490 854
395 179 456 898
239 168 647 791
249 947 254 791
316 152 179 573
104 468 494 656
738 408 441 744
679 459 386 851
699 444 121 662
18 482 46 635
125 76 374 550
356 337 397 931
632 999 812 842
379 971 12 929
378 560 719 955
257 942 119 334
576 961 20 865
689 70 209 713
54 268 120 241
737 964 780 918
934 886 401 901
407 741 705 929
439 355 479 483
764 412 330 746
833 671 44 485
898 70 159 954
728 623 338 423
162 256 865 963
356 995 645 945
963 588 657 766
872 868 281 766
821 43 133 594
487 680 130 544
531 72 247 829
995 143 540 564
81 57 117 496
282 573 223 450
346 515 375 483
520 737 320 497
745 826 92 782
48 840 677 890
731 197 67 441
401 825 89 642
426 61 126 929
539 812 49 199
761 60 264 940
105 85 315 590
189 329 631 723
449 737 334 520
428 823 418 927
238 756 437 958
698 30 49 114
705 84 526 706
628 530 719 838
959 910 721 969
315 502 585 824
352 283 263 308
53 472 488 917
577 928 397 563
866 303 238 641
29 7 245 595
321 666 152 609
982 450 476 959
32 10 467 782
314 404 17 45
924 357 360 938
789 280 243 501
562 81 363 668
464 876 383 683
827 199 98 969
353 27 228 359
778 604 69 71
309 322 21 742
805 90 284 329
51 460 208 306
73 5 520 784
319 930 87 462
834 829 253 343
461 852 589 630
354 23 184 830
126 941 303 612
144 47 540 839
348 805 268 855
645 517 107 129
11 973 61 794
741 107 128 417
593 312 732 891
308 938 722 877
120 822 361 792
491 897 356 439
459 58 25 788
575 505 285 957
446 837 520 622
101 733 95 102
848 226 229 818
371 428 484 598
829 266 332 673
577 789 543 698
428 289 497 645
611 730 655 999
504 199 472 760
983 761 30 644
792 572 249 337
445 487 363 923
959 985 355 929
591 701 25 528
28 553 698 877
153 550 304 484
135 245 216 866
761 211 562 933
354 192 415 800
640 74 629 745
223 878 466 919
110 444 614 966
712 764 204 521
753 411 43 993
581 671 674 975
832 597 235 639
459 965 457 524
860 191 473 601
554 399 20 448
223 836 317 694
555 292 269 963
414 643 282 701
194 548 317 835
760 861 84 740
896 951 339 989
444 501 662 772
172 30 222 336
316 524 23 447
676 788 575 722
193 24 91 444
382 525 33 709
336 221 230 778
930 16 193 396
354 980 151 944
21 339 103 423
49 977 416 481
656 722 227 636
604 639 216 876
159 877 739 821
79 427 408 972
147 420 681 923
415 101 273 811
64 151 276 699
992 132 224 969
444 153 698 750
320 522 272 451
814 910 502 696
652 921 670 923
41 886 173 341
111 58 204 938
947 307 408 622
445 202 345 790
246 216 175 445
676 584 588 789
190 205 639 921
706 423 324 855
837 631 116 559
419 521 759 806
519 521 425 591
939 148 671 906
909 835 176 947
480 321 536 578
77 217 16 102
653 410 722 787
55 885 810 932
209 432 16 552
722 839 407 636
903 305 29 888
285 155 240 417
609 815 552 809
219 713 752 816
860 13 650 867
309 366 256 634
684 325 279 906
344 192 630 856
8 673 57 775
94 200 496 798
924 515 55 131
432 568 226 658
773 828 535 673
843 241 586 601
869 808 125 547
879 482 363 696
127 171 254 765
274 282 304 973
686 918 341 397
800 973 130 463
953 977 52 315
962 157 178 896
243 227 160 744
825 779 375 710
656 220 459 770
546 589 350 998
528 374 222 549
928 596 103 998
643 781 117 305
45 206 65 972
955 666 152 419
841 406 543 793
989 283 145 948
871 386 249 748
450 529 464 931
55 202 857 865
831 818 73 903
371 684 242 599
942 858 779 791
907 585 87 110
395 779 314 370
606 100 583 942
8 723 141 197
322 253 746 921
1 376 50 875
512 356 288 653
642 159 102 366
16 663 12 172
663 698 201 858
890 593 391 924
409 24 200 774
184 423 52 819
155 409 310 567
885 131 182 471
446 123 73 492
4 162 753 841
646 433 194 829
895 232 244 792
73 96 236 757
493 959 409 530
274 215 324 595
71 996 10 11
983 777 20 913
512 574 48 439
272 426 16 619
846 824 155 771
265 2 14 533
984 44 225 700
500 179 96 483
162 89 439 838
734 85 633 769
608 419 23 994
511 136 505 896
316 940 270 908
317 447 282 560
643 666 257 691
506 82 182 840
622 393 898 993
480 100 737 783
538 49 2 83
790 818 435 750
283 112 652 743
929 974 574 620
479 488 660 986
593 480 80 344
174 562 79 114
84 311 720 741
137 712 345 994
376 618 235 604
458 412 565 578
52 583 590 969
185 224 8 453
976 643 675 919
196 380 261 331
98 680 122 782
370 366 712 792
210 487 674 854
392 908 676 902
850 311 622 880
197 22 797 973
793 567 109 665
147 338 58 321
713 873 49 820
529 746 417 629
698 413 308 478
838 499 257 919
254 237 155 491
644 342 283 551
306 547 746 930
508 853 263 851
527 178 122 389
566 190 409 770
964 465 31 232
892 633 263 265
584 438 160 413
697 849 756 850
823 821 246 466
742 606 637 964
661 616 234 647
78 718 95 109
53 157 374 820
400 396 343 898
768 387 249 939
808 801 152 205
816 778 717 721
773 512 64 381
692 747 278 366
432 854 190 990
594 625 101 481
141 489 23 887
626 282 216 322
348 445 449 693
752 231 577 648
488 822 391 806
931 659 345 414
532 722 43 897
426 125 109 970
264 576 286 897
755 831 354 753
134 918 248 863
130 261 213 902
758 851 418 677
520 662 546 573
740 877 458 976
668 342 133 462
516 513 226 685
480 966 6 546
358 145 659 977
225 119 16 893
472 833 429 939
876 158 12 143
428 399 158 256
759 21 69 527
720 964 103 281
396 7 377 541
400 254 332 975
37 709 636 820
101 408 241 907
951 212 641 755
689 741 518 933
949 409 220 922
34 880 721 933
988 760 95 208
50 978 210 511
948 118 354 799
269 238 135 823
837 312 37 956
683 829 138 155
743 19 606 997
477 375 157 779
836 64 62 925
609 579 177 971
590 730 109 556
861 251 19 769
198 823 584 620
127 916 731 818
815 204 475 641
221 462 467 642
900 271 93 930
395 758 116 886
414 397 278 562
128 11 272 480
32 625 34 809
439 690 108 618
862 52 206 524
158 189 396 896
389 180 79 207
141 83 270 899
470 179 389 461
335 726 411 929
266 452 181 499
12 136 218 360
929 100 360 919
234 631 187 320
707 895 469 517
786 415 352 805
889 146 191 342
407 369 477 774
689 413 6 805
150 651 216 604
686 354 116 834
51 284 583 851
988 140 71 575
159 837 233 858
585 758 165 789
113 448 186 622
707 214 329 663
130 917 360 786
157 137 168 411
240 318 425 822
708 509 225 298
66 590 595 942
642 296 243 928
257 887 25 943
438 562 372 544
925 22 673 941
417 246 245 399
103 219 206 331
882 153 579 938
260 507 412 758
933 871 550 661
391 546 254 656
638 268 674 802
59 340 160 180
735 930 165 809
27 313 435 882
342 419 96 421
812 463 413 853
425 497 125 141
603 609 538 950
296 673 117 658
544 7 181 682
477 694 166 660
97 26 592 922
753 470 314 378
993 51 705 726
976 109 153 527
847 770 2 953
624 642 68 388
388 566 691 841
862 880 829 887
786 409 559 758
827 592 848 856
771 64 207 352
687 906 95 962
702 674 646 820
664 289 101 166
875 583 31 577
50 888 62 497
129 607 104 969
236 480 245 939
252 837 643 686
887 822 152 853
753 436 82 167
719 700 181 625
372 843 387 512
751 557 299 729
21 252 643 931
550 196 67 525
993 220 153 888
712 671 13 35
923 797 538 706
770 141 687 988
403 611 626 960
778 186 504 602
153 936 204 324
58 773 265 518
357 902 645 875
981 854 170 734
94 618 4 262
213 340 689 920
797 203 64 911
519 37 438 458
349 408 298 308
123 970 382 826
681 753 286 857
601 416 283 478
772 894 721 972
461 859 691 814
509 222 549 997
894 59 358 743
194 544 747 776
660 387 223 293
375 73 25 620
705 569 816 878
316 819 39 639
909 66 18 325
621 950 494 760
305 344 545 593
469 619 176 959
214 421 77 477
446 259 825 859
31 191 604 627
202 375 64 821
766 207 226 788
17 407 171 953
67 793 164 741
890 347 555 1000
163 574 134 631
953 373 586 601
41 797 180 893
850 959 288 459
241 71 168 871
232 561 118 981
837 513 60 140
636 218 377 930
527 606 303 681
877 126 201 277
273 485 214 744
497 550 331 914
605 756 395 800
239 941 437 521
610 172 191 614
524 965 38 892
922 712 771 927
93 71 350 436
101 573 618 905
773 446 34 606
948 77 861 998
740 88 174 664
715 371 218 976
641 325 497 946
860 456 406 767
755 48 743 875
702 517 292 402
562 632 749 807
80 188 147 724
705 933 17 393
563 17 193 293
766 820 138 419
519 288 167 185
685 663 791 977
594 521 258 780
913 816 170 947
731 433 241 275
608 688 336 688
915 866 55 663
253 167 588 931
226 220 585 945
109 245 805 913
640 223 500 936
803 495 25 563
239 435 121 930
182 625 352 982
140 765 835 972
283 738 31 188
519 403 673 733
905 67 448 817
546 8 381 750
789 897 526 591
915 679 266 523
877 106 67 310
940 242 222 698
453 261 161 756
835 632 203 757
223 480 271 820
905 714 444 843
573 338 552 774
861 701 135 372
279 948 463 911
344 460 344 607
948 956 592 843
80 353 232 928
326 612 682 853
769 969 441 683
410 265 323 530
931 40 431 775
983 589 15 217
468 61 27 52
795 610 374 433
607 677 650 863
123 136 128 453
230 663 807 834
834 492 299 563
339 437 591 606
425 574 297 469
555 382 486 919
703 101 679 720
78 895 494 950
923 603 403 653
527 35 153 775
227 129 727 787
410 795 680 845
171 864 54 564
771 552 777 907
973 856 668 807
726 1000 103 409
884 842 219 816
172 904 355 704
714 703 138 253
972 382 286 445
162 453 300 607
282 974 183 952
10 757 336 903
510 710 606 861
678 924 630 837
593 522 137 438
893 965 129 765
902 802 323 629
418 804 78 492
93 671 77 265
894 982 329 998
665 497 390 753
860 200 287 710
797 550 146 409
896 895 635 954
303 208 122 224
693 605 21 406
160 28 469 771
553 290 21 746
147 118 548 626
440 892 472 542
558 678 376 884
278 395 611 911
839 275 199 673
599 338 346 604
270 402 34 152
5 253 25 371
470 150 605 958
169 766 368 534
614 357 436 949
250 175 37 460
707 423 584 799
672 162 850 900
192 113 263 853
187 917 37 704
440 35 446 634
27 357 677 820
394 175 285 589
729 327 562 735
754 802 31 41
908 620 177 588
599 317 102 688
866 417 108 247
283 116 52 441
421 273 843 926
757 348 511 824
730 96 17 882
238 519 517 736
248 655 532 637
253 255 219 900
135 26 54 565
668 190 214 423
586 55 188 514
258 853 487 555
585 336 233 379
741 628 565 898
524 444 278 707
967 380 177 407
979 148 202 807
123 59 592 730
699 112 657 736
423 677 99 408
501 163 222 985
715 370 35 888
361 554 527 885
832 868 226 504
443 752 876 937
346 583 169 903
196 213 148 208
557 709 69 592
940 297 413 576
179 171 365 943
534 907 172 689
216 3 820 940
860 744 424 891
914 743 297 409
795 57 261 780
556 748 163 439
336 593 9 829
64 886 930 953
287 62 725 983
31 938 31 178
678 792 462 983
878 199 296 447
729 399 750 813
255 148 234 704
651 270 583 628
691 804 243 702
100 323 853 893
769 348 236 456
363 73 231 646
763 864 62 602
685 247 213 430
780 586 140 574
248 323 442 656
908 906 251 374
427 150 161 199
811 447 313 450
880 481 200 405
457 968 297 686
951 625 203 550
432 467 349 575
610 633 356 594
361 872 43 968
876 394 134 275
501 891 13 825
262 766 440 519
490 140 585 597
267 405 539 948
584 450 99 514
380 268 16 542
412 352 72 543
356 850 177 634
491 61 244 967
758 114 423 683
221 980 88 366
884 700 319 801
96 607 710 847
245 468 363 536
204 974 368 800
679 619 90 767
861 219 220 941
66 671 199 789
403 647 69 241
336 327 105 305
757 707 161 373
141 833 171 769
368 628 6 759
115 794 576 635
495 53 430 708
144 512 183 556
657 942 25 972
409 834 98 472
240 137 482 706
294 192 151 254
877 481 7 320
409 960 11 639
244 90 352 686
104 541 137 419
329 404 211 554
823 598 499 995
75 944 20 442
595 669 216 282
540 267 142 272
754 6 184 303
346 493 770 794
692 847 269 761
251 898 355 620
122 486 337 823
152 507 252 379
808 440 59 536
647 314 572 799
217 760 190 535
616 738 726 944
844 986 937 999
891 215 171 855
267 579 263 997
230 342 383 537
101 681 123 769
253 834 76 725
127 937 339 572
915 668 395 706
829 716 15 479
396 180 481 651
442 471 123 919
976 533 703 991
421 204 76 935
607 966 445 939
920 905 280 428
379 428 363 636
471 666 435 643
36 750 337 598
557 628 118 239
19 291 374 884
194 290 163 413
232 71 222 811
936 763 196 974
920 773 199 420
953 454 141 254
539 630 170 768
969 313 357 558
522 145 99 115
859 211 312 427
141 781 487 885
678 242 193 542
500 264 266 848
709 738 312 808
817 885 293 506
903 581 142 617
777 258 191 245
731 941 47 630
700 301 87 481
25 917 84 846
669 834 635 772
886 714 115 881
592 56 132 304
85 842 403 549
321 376 298 302
703 561 290 751
640 471 659 827
906 239 301 472
880 240 217 949
901 554 503 887
415 288 17 969
77 480 626 833
64 905 15 303
272 857 569 807
708 74 310 876
924 883 26 882
63 891 896 939
571 283 646 672
579 947 623 971
819 52 525 735
942 612 227 634
402 607 86 400
468 899 779 974
445 908 635 797
978 553 11 772
331 605 33 887
423 258 320 710
886 545 704 955
593 461 165 286
720 56 316 469
737 67 197 266
641 238 2 440
834 433 688 826
27 157 425 975
541 432 319 839
943 202 257 555
544 76 418 737
538 92 779 799
178 97 111 181
984 961 365 925
679 149 153 825
799 719 182 256
372 808 235 989
910 411 641 823
424 334 507 848
212 603 1 333
529 236 240 507
709 937 95 459
52 69 37 925
543 857 514 531
693 493 352 643
337 167 70 825
691 580 322 492
333 532 392 498
978 541 177 870
723 231 201 508
420 537 229 335
449 507 36 854
507 7 797 927
481 596 199 881
389 984 110 205
250 121 796 851
185 211 143 489
478 856 211 312
867 469 290 472
133 5 289 796
822 430 353 597
593 43 342 711
409 513 946 948
419 848 196 498
445 679 318 689
297 336 230 920
563 841 243 818
840 57 181 251
821 561 214 933
913 235 151 348
784 40 155 506
95 552 353 573
502 951 167 765
660 583 420 528
503 539 419 810
234 145 252 880
942 568 376 813
868 998 215 317
496 83 11 188
844 252 439 653
495 704 424 508
944 592 385 612
10 106 222 894
274 884 387 560
329 655 82 589
984 54 256 448
301 667 90 469
400 161 329 501
565 637 278 879
123 455 462 864
513 852 604 962
659 812 348 487
199 222 338 713
996 374 332 886
82 816 20 807
340 381 205 441
593 575 158 415
922 182 226 644
86 855 52 356
372 125 144 895
594 37 43 593
671 600 649 700
210 183 38 258
102 801 908 950
589 826 58 429
931 852 146 964
269 330 717 816
791 853 800 837
25 907 601 798
839 40 285 799
438 294 82 122
830 679 213 295
224 296 686 721
178 567 144 304
649 891 486 579
896 981 692 860
515 356 134 505
126 717 962 1000
798 933 456 616
555 416 253 973
7 851 274 972
646 733 50 231
713 174 61 542
42 2 77 953
536 804 6 462
898 996 551 585
36 150 667 954
199 29 189 866
605 439 173 679
270 151 885 901
472 357 624 947
828 422 632 935
343 750 516 624
911 273 818 818
50 400 39 241
923 802 10 240
812 466 362 516
865 428 76 344
353 45 20 608
543 698 118 191
192 465 101 115
167 225 913 939
860 311 608 664
297 643 468 549
655 917 65 927
533 201 556 574
860 40 202 984
691 125 95 812
969 680 37 522
479 139 83 136
586 578 417 880
812 618 332 898
150 747 690 728
14 679 116 156
509 493 167 831
104 157 315 516
696 782 332 840
241 794 142 983
961 491 362 428
210 190 173 931
205 10 253 558
499 5 285 956
524 926 126 722
129 675 495 656
447 18 359 511
905 418 163 850
844 587 876 897
162 640 282 543
159 247 599 875
398 928 203 612
811 642 398 909
407 693 204 567
147 195 220 566
669 207 791 920
271 934 508 778
767 184 167 979
471 637 425 482
567 295 474 734
700 7 253 342
727 9 301 832
774 387 841 871
866 916 402 561
515 543 29 384
384 276 140 798
57 386 97 595
489 858 318 512
949 116 113 399
461 291 577 797
448 153 125 155
565 9 20 149
663 409 375 508
304 612 135 579
763 885 11 708
918 903 1 768
526 334 650 819
90 114 255 694
920 744 317 660
875 879 674 675
227 678 133 136
745 317 4 93
489 108 248 490
473 184 242 727
662 220 111 485
300 427 22 691
954 829 194 802
461 637 573 730
257 450 51 707
681 825 261 999
456 779 527 731
691 685 184 948
661 326 307 628
168 972 707 757
102 217 189 730
762 962 136 851
483 704 149 375
9 954 478 851
113 776 82 691
41 690 61 260
995 375 295 434
931 138 263 683
377 82 497 747
417 523 530 579
980 853 82 590
539 667 210 530
201 308 20 306
393 678 374 911
156 324 313 474
829 758 493 825
317 196 123 622
403 462 229 687
840 432 295 485
323 31 606 949
443 325 441 976
438 524 160 323
788 795 36 899
539 346 188 884
943 664 800 860
372 447 21 195
379 413 287 728
813 860 838 912
395 700 618 619
576 523 60 767
579 396 99 463
685 282 79 351
116 664 852 873
704 793 9 582
348 645 176 670
354 556 69 385
936 656 443 796
752 731 428 702
429 416 107 138
934 428 90 94
788 688 53 990
757 140 99 731
678 926 8 329
502 638 158 997
897 946 402 650
752 121 476 796
384 395 478 980
169 693 173 835
638 790 185 595
832 214 42 535
232 208 251 774
680 460 161 696
342 292 349 372
458 52 367 708
846 82 487 884
252 36 478 749
618 337 80 632
345 135 385 794
87 424 650 738
670 629 479 739
989 574 136 157
560 559 221 659
538 263 236 500
858 416 363 686
882 761 766 825
696 808 206 544
828 445 364 534
424 605 136 487
283 274 54 680
218 956 340 509
758 973 75 781
904 171 626 628
610 824 675 684
362 869 554 898
365 672 813 842
719 994 4 232
598 674 55 123
192 262 58 910
386 585 140 499
49 356 378 973
238 872 87 105
679 707 207 769
768 750 674 942
142 42 39 976
102 309 29 490
918 934 810 952
170 281 798 945
780 502 236 946
564 609 55 334
843 39 262 984
624 912 666 732
898 804 298 369
754 171 655 679
53 422 189 539
779 398 814 989
584 339 303 709
268 861 21 56
616 570 656 662
411 458 706 977
963 522 53 537
652 498 39 965
492 978 122 151
202 537 694 939
129 918 308 856
858 920 201 236
492 17 393 854
797 392 62 678
593 165 317 352
11 21 650 687
249 302 245 443
803 363 813 925
263 179 497 729
901 888 33 315
3 717 534 965
83 163 254 977
590 985 135 354
891 630 673 830
248 803 682 853
243 628 87 451
832 925 148 350
260 625 203 779
928 919 108 838
692 667 781 904
931 638 18 885
943 901 300 541
603 481 572 814
481 791 397 472
857 417 75 957
621 89 26 181
259 94 434 448
868 912 56 692
695 963 365 447
844 633 619 946
198 213 70 581
979 142 143 213
783 448 74 894
13 395 503 643
768 735 567 906
151 384 209 965
248 610 478 693
394 634 528 806
854 828 835 913
181 45 103 233
890 212 340 919
971 502 190 382
245 710 53 827
807 897 68 750
256 871 230 239
240 395 552 578
793 300 50 690
164 570 321 448
437 308 517 688
323 763 312 345
546 878 46 451
200 394 798 839
389 283 456 916
5 227 347 570
282 181 703 875
300 561 437 782
850 764 351 429
553 100 170 406
117 597 502 534
588 843 378 930
119 117 780 893
446 656 619 860
111 352 52 54
666 318 509 562
282 338 188 684
363 753 40 261
51 863 390 811
762 839 290 514
665 628 612 967
55 645 31 915
839 665 44 107
534 225 229 995
570 835 444 915
953 96 659 976
153 567 374 562
13 377 323 613
592 551 40 283
633 127 396 650
314 955 247 444
436 814 52 177
83 911 455 572
500 12 117 309
533 393 536 733
931 333 30 820
537 352 243 886
304 353 127 937
960 938 210 904
324 776 279 618
972 900 12 300
348 345 419 599
216 834 268 472
535 127 730 763
594 739 661 839
504 567 212 303
332 479 626 942
301 406 51 317
303 127 108 785
403 910 432 462
268 846 522 892
237 84 388 640
836 917 107 738
410 481 626 893
443 749 655 731
437 999 708 923
597 238 12 95
239 574 582 958
945 628 144 332
139 982 309 917
484 109 675 774
341 80 928 974
358 754 78 530
168 679 123 397
254 27 257 952
404 899 617 901
363 24 8 414
158 289 852 948
225 817 803 961
602 237 329 658
562 743 88 490
781 175 369 794
380 267 35 431
438 857 205 546
182 67 135 688
486 600 197 522
161 350 369 684
299 649 254 864
594 2 812 825
471 31 260 628
502 52 503 576
98 108 189 823
817 140 291 395
883 757 609 858
919 100 489 868
597 579 147 734
447 516 64 834
490 772 597 998
683 131 456 504
289 344 67 569
661 273 52 345
298 167 600 673
397 67 51 754
948 930 144 896
249 20 398 706
872 490 141 450
523 757 132 190
203 202 664 765
833 66 390 855
326 802 378 922
650 147 1 256
767 121 63 117
701 922 249 324
243 395 36 849
567 535 58 60
161 239 76 726
941 741 190 352
995 405 201 589
434 671 538 746
69 290 260 813
789 607 64 173
212 787 943 989
599 772 416 902
668 480 361 743
372 824 543 774
386 372 493 679
879 693 717 767
562 306 823 916
272 625 275 477
844 983 262 600
329 836 168 845
170 25 361 814
591 956 206 406
584 834 418 726
822 538 360 771
696 100 273 954
428 247 168 541
712 678 392 751
981 14 143 221
24 229 489 614
968 330 79 263
461 432 237 452
267 101 420 745
175 814 10 100
580 912 154 768
40 252 238 491
271 377 22 352
167 945 595 598
624 263 252 511
794 276 473 605
510 402 142 377
413 268 50 631
882 40 129 671
419 514 40 608
283 148 721 796
997 330 206 953
787 387 603 909
211 601 393 424
388 889 775 993
463 234 226 640
884 740 47 772
605 392 347 721
735 75 531 646
964 726 727 773
184 983 354 885
470 616 14 554
187 5 273 860
597 252 359 880
174 886 63 911
533 281 143 303
727 222 103 359
988 133 927 933
785 33 35 571
232 785 501 692
337 475 118 973
712 695 48 905
732 112 18 660
696 652 257 378
470 281 562 821
518 618 476 782
41 115 202 812
349 368 1 874
197 446 26 697
972 981 812 887
536 928 244 581
792 421 27 120
500 294 38 416
175 722 11 506
699 877 12 558
286 590 334 730
975 133 81 425
759 533 310 701
799 171 247 359
922 8 703 749
172 333 436 798
956 292 228 565
221 152 373 754
762 101 178 498
316 505 544 546
433 92 261 821
157 135 417 952
853 504 1 496
473 37 125 769
933 45 700 772
56 48 243 993
608 14 195 277
213 384 469 579
786 342 55 100
159 708 152 418
832 209 630 737
612 91 297 913
761 974 541 836
530 765 832 954
306 474 123 171
464 956 45 751
401 358 91 152
513 170 45 980
459 16 758 909
218 232 182 780
982 825 259 839
37 73 121 701
712 914 216 738
218 709 231 260
502 355 324 931
10 121 650 779
541 718 786 926
123 783 158 304
396 239 669 701
296 376 17 428
562 394 142 823
622 848 169 954
879 571 234 953
9 335 278 610
190 652 89 331
806 622 1 841
120 732 164 818
114 771 636 744
671 938 56 504
805 242 271 274
645 263 589 851
564 358 93 487
536 615 338 791
559 229 600 957
667 817 106 151
487 318 575 925
784 144 237 806
833 683 453 747
260 65 433 801
122 552 265 626
336 272 404 833
846 285 442 659
545 744 153 983
533 984 521 784
570 534 518 964
111 968 244 320
330 239 353 744
310 82 139 866
978 583 697 994
377 351 4 924
869 373 895 939
757 790 60 314
258 162 812 924
748 286 384 919
666 301 536 911
307 338 254 697
376 719 324 982
385 105 81 505
503 679 366 721
144 644 346 421
419 978 190 628
372 434 417 723
121 520 108 143
285 305 184 929
265 990 181 738
616 649 442 623
215 378 146 844
589 367 536 858
396 442 100 488
914 342 665 761
693 803 266 523
450 374 2 211
384 278 31 348
516 380 564 793
349 190 514 899
156 407 599 747
869 895 184 613
835 414 656 777
397 460 680 795
149 86 775 962
60 469 174 204
134 930 47 167
525 224 242 762
675 754 252 927
78 182 186 260
323 191 32 315
410 337 93 698
569 330 80 745
681 393 358 754
228 670 557 580
852 1 94 689
157 534 401 766
176 32 53 451
935 822 262 719
978 841 473 822
513 473 679 962
567 763 312 470
81 283 6 554
161 594 326 994
561 802 635 878
240 685 242 698
206 862 566 628
605 337 735 976
762 934 465 710
737 624 147 779
519 901 83 169
760 408 622 873
373 26 17 504
417 284 159 948
708 876 256 766
995 425 55 59
514 703 42 489
62 804 176 417
640 310 68 863
207 79 48 798
532 760 1 729
718 507 163 292
73 368 575 946
282 593 281 913
408 295 69 590
327 863 508 841
748 719 516 564
604 15 644 863
180 10 86 920
958 967 32 546
463 518 328 988
13 759 785 828
635 648 579 977
671 56 31 86
999 601 213 773
908 49 187 543
748 789 188 409
336 856 45 562
10 245 156 713
410 176 55 384
618 470 428 502
934 792 335 530
244 91 149 834
763 734 369 615
870 369 270 880
166 346 139 782
700 75 215 237
400 233 66 606
787 510 536 780
395 100 400 707
591 462 56 852
352 766 16 640
634 717 101 588
247 245 25 190
224 338 54 782
915 622 391 466
932 290 101 559
401 598 74 194
162 156 168 595
768 24 121 203
661 629 96 451
380 405 206 685
279 173 70 611
955 387 842 934
632 766 428 937
393 469 352 507
569 893 1 598
406 757 61 564
517 50 601 672
527 386 237 546
832 849 163 485
933 358 104 132
274 432 194 597
832 933 107 402
587 332 102 496
869 384 782 922
959 91 29 454
121 874 395 832
837 907 276 944
776 460 97 833
154 368 474 747
508 737 406 412
541 816 584 791
901 432 1 247
512 231 273 418
12 345 590 873
911 618 502 725
305 392 86 313
150 733 620 670
753 128 163 886
895 665 573 915
836 98 357 756
876 215 259 816
562 501 475 895
463 252 532 553
381 203 113 956
491 188 25 845
44 855 825 844
980 175 64 947
780 746 146 665
164 72 389 937
722 818 670 788
227 526 232 321
373 1 97 771
507 906 505 652
545 158 356 431
104 89 24 228
323 565 256 984
59 832 244 581
6 682 609 728
153 241 84 932
298 675 6 711
717 52 741 797
556 389 310 546
830 326 206 329
873 272 332 886
488 51 377 543
370 30 1 585
614 130 75 723
389 656 383 678
283 166 827 908
180 813 990 992
177 511 682 855
279 478 143 336
55 35 38 726
26 181 266 318
1 197 614 832
570 107 611 985
304 54 110 333
256 866 351 674
653 839 533 720
825 755 215 229
137 180 364 645
13 620 642 969
668 658 218 961
953 33 154 786
496 500 676 895
934 160 512 576
496 871 618 725
875 172 364 891
702 123 376 630
624 170 515 988
858 525 347 818
695 366 512 567
271 946 384 850
309 542 592 933
679 81 296 528
852 540 310 464
724 160 417 840
115 624 619 823
404 408 101 664
618 44 691 970
313 386 228 509
499 628 242 476
569 761 196 615
701 789 648 656
83 964 314 507
668 873 633 824
202 674 205 219
375 418 275 944
855 38 39 733
233 481 211 428
18 94 875 959
399 901 529 580
691 880 67 813
20 26 311 678
624 326 562 661
244 177 13 188
689 150 219 401
159 887 862 957
167 588 808 900
402 720 78 711
177 27 726 771
867 318 760 891
163 264 101 203
796 170 662 883
649 405 228 330
554 474 23 971
433 158 55 542
395 298 20 597
705 327 145 909
378 317 150 177
683 585 123 529
25 236 89 944
783 301 316 585
39 247 653 947
375 385 490 712
864 312 843 988
280 391 439 981
642 574 223 711
29 967 98 673
399 548 80 525
985 417 264 953
604 484 338 518
185 655 172 772
507 538 338 840
943 520 527 958
186 492 315 936
946 586 254 505
408 356 159 512
505 896 755 902
270 370 78 109
625 340 221 662
59 566 111 428
780 682 187 341
948 291 25 386
919 343 828 933
195 770 562 845
337 866 508 895
111 135 16 606
859 457 546 785
282 776 566 644
974 717 137 723
524 565 720 890
567 713 213 239
620 197 651 879
480 26 784 859
360 845 70 93
743 24 119 588
893 448 569 797
666 424 112 605
194 882 907 932
148 991 341 385
200 3 193 576
176 236 481 543
794 157 322 602
433 351 354 520
454 57 421 621
375 179 769 933
775 95 93 140
895 963 632 949
530 23 398 911
930 723 101 667
158 662 44 249
975 646 507 802
802 733 302 537
478 526 458 556
96 188 78 972
529 378 47 664
916 430 457 595
82 597 691 727
223 621 231 532
190 649 108 867
6 582 106 384
397 428 403 687
810 406 17 364
360 551 105 362
768 566 644 994
341 831 691 832
916 5 128 657
704 63 198 897
50 768 73 799
417 628 758 916
154 274 757 798
184 145 623 722
662 205 161 350
821 996 286 846
887 531 339 642
670 640 682 862
550 370 250 899
414 752 25 699
74 644 146 704
772 784 918 944
177 719 91 298
477 756 552 976
358 525 47 364
366 723 498 743
68 963 169 268
599 591 2 937
714 776 216 970
836 699 311 725
142 412 198 699
649 853 694 814
946 865 263 439
586 320 108 733
740 886 609 985
58 591 11 744
535 460 341 403
692 638 610 861
490 943 297 477
844 742 823 846
610 797 413 792
740 946 78 460
395 423 634 867
105 601 160 944
76 216 347 774
205 510 747 847
809 567 88 511
932 667 77 720
148 240 489 490
949 661 341 976
164 214 352 626
939 406 594 596
823 830 108 777
659 944 165 491
630 832 810 847
889 773 355 438
64 687 93 575
321 269 728 734
71 380 29 332
100 541 574 717
693 743 86 438
55 251 555 946
956 262 444 524
597 756 381 717
295 205 276 995
894 178 595 755
121 877 4 716
228 898 253 331
624 789 280 522
338 306 402 723
523 508 204 245
181 544 812 852
300 30 44 786
766 418 193 310
373 572 833 897
624 614 146 846
796 776 571 936
43 834 338 655
309 468 306 933
415 514 153 280
15 267 39 956
891 323 204 726
493 539 313 874
104 737 90 969
942 418 96 501
872 603 320 818
772 888 440 718
661 746 504 847
169 178 652 849
55 368 851 883
311 77 205 967
664 193 191 651
293 114 215 538
697 39 447 581
330 927 654 678
876 811 1 894
466 573 630 903
530 674 455 534
851 958 131 738
441 522 47 785
622 74 606 708
481 737 9 206
582 200 168 777
151 596 381 749
128 798 336 665
899 661 219 682
360 388 110 913
472 912 7 884
910 296 182 447
638 393 367 375
764 793 379 781
320 658 462 828
299 822 795 912
561 375 328 906
822 195 289 767
759 8 250 976
122 883 130 666
307 638 631 715
942 749 11 165
105 622 222 656
820 918 555 851
406 964 3 8
456 744 880 941
129 12 417 956
593 215 165 635
57 291 452 957
446 526 597 837
