1000 5000 1000
189 854
955 785 556 666
936 424 312 855
277 289 574 623
804 300 432 841
288 758 184 342
983 507 224 979
333 809 55 354
799 486 297 642
227 189 110 930
501 299 129 161
622 972 54 676
211 537 375 419
577 428 225 731
490 451 31 836
122 497 11 334
981 365 481 559
241 534 50 844
440 271 217 290
23 225 17 761
498 373 509 866
682 334 191 642
640 302 115 711
780 287 255 958
239 621 109 775
269 374 298 507
939 265 761 940
876 788 34 739
341 527 465 655
983 562 199 914
724 270 427 478
380 931 9 197
495 110 376 815
165 585 373 877
147 402 224 525
643 796 112 858
812 21 326 887
287 402 9 229
849 73 6 785
686 198 505 630
549 874 314 628
939 387 623 981
723 771 301 933
149 319 248 859
844 624 33 910
492 944 772 930
472 71 260 805
849 61 764 835
852 3 429 680
142 643 285 304
985 54 246 302
303 308 392 441
929 261 339 548
304 214 353 803
803 501 233 906
780 536 148 281
757 721 494 536
541 949 290 469
185 495 546 863
737 465 78 843
555 900 80 150
507 337 319 694
565 310 257 827
691 692 492 915
766 197 647 791
600 1 282 723
386 717 377 378
886 507 417 823
879 410 8 237
279 240 638 962
620 82 73 291
321 310 44 215
258 574 484 644
264 758 101 981
457 890 229 828
979 352 229 281
146 890 922 990
63 388 299 519
958 568 478 985
333 709 200 712
215 727 608 676
540 880 312 851
682 743 461 559
465 709 19 811
335 975 207 481
485 62 69 260
550 307 443 965
383 231 513 523
426 235 549 899
379 959 103 305
482 923 84 600
359 582 190 787
556 610 653 781
828 661 570 703
561 850 323 880
377 886 877 983
685 88 564 575
360 29 69 498
749 208 438 484
22 179 549 926
672 798 528 944
550 544 674 819
431 80 26 120
390 653 539 708
478 603 301 819
676 865 652 951
294 58 647 693
854 736 475 973
669 823 168 642
361 915 77 232
318 129 504 548
767 951 493 568
654 69 442 870
917 566 649 683
906 22 182 390
427 749 105 128
262 444 725 781
340 229 166 616
401 395 529 849
902 757 276 516
590 622 396 967
160 924 357 739
531 491 100 879
532 120 104 674
236 559 279 897
615 644 14 520
547 149 583 654
191 899 107 357
337 827 211 646
849 76 521 933
56 290 270 468
659 703 243 565
30 845 773 890
84 2 528 540
849 255 506 814
656 995 345 471
261 494 29 143
991 941 335 561
212 636 598 735
401 773 199 563
55 874 55 785
694 850 716 908
516 468 92 618
752 559 41 704
670 216 112 883
138 950 628 956
86 920 513 938
280 895 694 818
254 191 768 808
761 994 154 401
632 848 107 488
845 773 9 34
926 125 147 332
679 547 339 775
751 860 605 662
507 711 13 829
398 875 409 427
854 84 49 175
280 758 417 469
869 403 593 794
553 372 433 617
931 988 475 823
507 485 337 792
159 130 243 476
618 70 962 982
721 743 701 725
525 968 334 387
658 393 710 904
822 833 870 983
525 917 392 591
233 472 774 874
286 434 96 221
684 982 172 807
764 722 487 853
764 352 420 462
448 609 91 178
336 534 332 538
605 235 223 648
356 333 306 878
445 790 385 445
511 861 122 212
573 597 365 622
936 688 549 551
66 242 48 370
98 301 691 966
313 744 460 924
932 950 757 960
157 673 443 608
412 445 580 834
3 499 398 840
95 45 26 237
285 380 124 621
563 130 129 628
87 84 617 926
337 950 238 906
792 705 232 494
583 378 106 378
310 375 537 779
856 283 150 365
858 228 54 866
187 783 788 952
252 454 272 593
80 436 381 562
376 393 834 850
333 110 306 366
824 292 62 782
185 136 322 950
732 502 269 964
957 103 134 765
418 614 73 223
217 563 570 695
829 286 851 882
543 756 24 82
691 270 623 783
75 403 494 620
927 469 644 865
413 555 41 564
171 678 366 792
891 463 92 305
129 41 132 208
877 439 498 721
150 153 232 401
564 731 620 964
606 160 544 751
659 489 40 251
573 188 2 122
474 11 690 958
890 896 464 611
214 598 452 733
871 12 381 434
635 498 92 807
806 233 629 689
858 622 262 835
957 973 43 166
830 947 191 421
886 53 233 602
833 773 175 339
835 588 286 745
464 291 173 359
353 2 90 131
720 249 512 652
526 298 40 761
188 845 366 483
982 476 884 952
830 362 337 451
277 268 263 547
540 486 75 647
452 125 151 416
476 669 126 443
252 789 299 394
131 419 108 842
999 597 579 806
272 850 700 856
166 93 24 286
149 423 888 969
453 450 231 888
840 345 201 716
572 657 402 757
193 695 93 911
9 426 555 865
593 8 74 289
746 307 231 787
713 679 71 703
288 526 94 299
460 269 685 886
392 691 167 870
574 510 637 831
546 582 133 689
726 571 960 982
620 934 304 679
503 938 305 640
90 266 2 486
357 72 646 895
888 548 852 1000
466 878 139 294
250 724 727 781
473 883 83 459
895 900 265 299
206 957 37 534
483 281 533 651
851 334 356 661
603 825 176 768
496 687 461 823
435 902 27 265
614 18 555 860
865 179 245 458
859 139 186 379
53 363 399 914
482 635 230 319
355 414 125 510
776 259 330 434
79 307 213 306
256 870 625 818
758 483 21 706
653 189 573 874
490 639 69 344
406 819 342 531
437 644 643 768
71 241 510 928
748 942 109 365
919 720 409 511
21 981 215 445
84 378 510 605
907 872 164 479
795 981 537 862
624 707 419 711
580 360 228 316
938 695 573 991
854 772 229 248
664 560 131 947
985 904 641 902
835 439 231 747
712 679 541 786
473 872 429 823
825 515 448 813
345 327 418 862
114 167 26 131
157 112 695 776
909 846 598 757
396 452 293 384
982 872 632 798
433 980 421 677
165 722 537 819
564 868 270 644
847 961 763 880
367 364 53 80
383 218 535 769
149 552 496 529
548 71 612 859
251 727 149 972
407 401 346 895
708 922 229 845
340 582 167 463
55 741 709 876
518 625 808 846
110 855 536 809
819 222 589 693
176 232 574 641
47 516 36 395
459 389 456 494
293 262 508 832
423 760 128 372
488 5 606 850
456 565 297 993
502 807 505 972
470 389 344 687
612 62 51 335
40 85 25 346
833 933 589 613
207 469 341 834
373 985 3 722
392 739 51 346
421 670 910 917
717 504 450 887
617 399 292 476
617 785 664 961
774 102 749 912
825 407 110 405
858 319 39 470
709 723 90 841
833 62 39 235
430 720 458 918
647 929 11 77
619 166 10 45
599 199 74 77
74 612 180 356
305 933 176 693
502 734 162 821
722 412 701 896
462 722 437 839
33 629 51 697
495 169 43 384
700 896 495 708
879 160 457 945
678 67 202 540
578 116 43 818
587 322 736 991
720 235 138 317
658 928 26 465
387 260 417 663
341 893 233 484
590 732 247 732
841 8 105 609
27 750 324 414
220 280 26 685
672 795 197 875
367 425 406 837
237 117 248 585
864 692 2 363
334 731 330 582
713 933 314 375
482 119 723 861
962 596 84 234
165 320 91 397
494 970 10 345
809 207 213 471
638 822 14 143
915 419 347 882
790 332 70 384
542 546 452 914
963 68 397 906
33 954 144 615
2 575 512 729
150 795 98 170
237 60 455 695
765 597 537 933
524 550 29 110
879 78 638 889
918 862 367 947
16 703 28 117
733 686 651 772
965 843 303 794
368 105 53 248
445 322 400 925
75 906 260 328
520 541 48 679
793 118 136 312
473 352 747 897
276 297 456 501
425 334 655 913
25 236 542 932
199 152 150 672
919 924 632 984
800 249 35 839
45 778 672 785
396 173 588 971
946 410 307 975
899 499 289 460
389 441 138 461
60 435 456 554
818 157 457 711
496 877 482 932
827 140 160 436
228 908 19 53
377 349 693 751
110 455 23 912
968 514 226 737
999 121 343 842
664 106 137 241
635 990 340 562
678 630 488 645
984 550 68 788
225 416 168 566
221 756 260 720
464 627 2 674
636 625 269 361
670 739 759 769
477 734 5 839
206 299 535 955
162 399 32 669
491 394 225 490
339 348 435 965
894 882 312 946
990 211 265 621
440 112 920 980
172 193 842 970
258 542 162 889
968 906 337 834
949 403 5 650
953 443 263 986
436 321 119 271
792 419 571 964
393 579 726 806
600 892 851 986
77 540 611 990
332 806 446 828
195 601 57 297
797 795 848 928
520 922 191 623
840 23 671 847
53 103 90 780
879 978 301 766
948 925 706 721
231 30 326 843
805 231 56 311
629 890 885 956
656 60 650 725
904 30 59 909
700 172 127 187
50 546 787 919
833 168 291 764
806 910 333 553
104 516 243 389
451 547 406 716
501 944 549 662
692 206 233 342
890 801 115 559
442 631 538 685
496 185 26 625
792 156 507 565
57 905 21 474
642 427 205 874
661 527 109 992
352 645 171 296
330 136 26 486
212 367 358 476
609 676 441 614
731 135 850 912
764 163 460 665
522 951 223 479
736 385 331 617
40 867 111 501
627 163 145 247
553 790 547 714
354 675 728 747
504 923 213 961
73 812 408 934
844 134 432 597
100 70 136 287
28 954 64 694
386 2 68 951
91 819 175 585
12 828 288 531
650 645 230 293
803 412 887 940
706 823 213 227
919 441 229 520
864 225 937 943
188 308 80 204
943 883 504 923
35 898 126 560
993 603 190 675
86 204 809 936
395 847 224 492
910 462 230 408
91 934 531 625
915 267 218 990
967 719 299 469
115 982 483 513
69 686 326 633
318 584 245 516
650 579 345 538
336 970 456 914
5 521 48 427
952 686 246 534
671 821 253 307
733 964 35 246
850 566 433 722
223 938 470 977
859 405 178 646
742 925 52 980
973 879 708 747
743 690 281 408
310 55 67 898
698 675 86 519
274 181 364 939
531 314 368 734
674 605 37 622
924 624 128 766
798 174 315 676
214 502 183 789
656 931 417 514
183 293 219 933
74 1 738 954
770 454 188 770
556 149 9 902
642 392 944 994
632 684 642 688
559 839 705 832
938 41 48 818
733 449 685 766
402 579 83 918
674 660 81 708
746 889 125 309
567 245 555 983
949 188 204 456
888 388 756 850
468 149 29 544
779 568 388 868
765 887 5 281
696 17 287 635
159 679 219 901
971 25 303 982
57 377 582 650
242 893 93 946
431 443 644 836
126 929 165 900
753 942 111 870
143 464 314 325
707 891 409 966
651 507 122 836
670 811 327 673
468 328 599 970
361 454 143 975
937 941 334 966
67 210 941 986
420 201 434 550
543 849 108 270
590 981 116 537
24 902 69 714
454 683 129 800
788 129 929 964
705 155 123 1000
359 298 589 837
887 962 99 864
739 673 391 710
863 806 216 831
51 439 417 543
237 828 61 819
561 562 201 925
709 484 86 825
358 434 118 193
834 620 281 868
882 24 306 808
278 431 85 738
99 148 181 492
464 996 232 901
346 893 78 277
461 160 562 813
806 229 20 28
60 647 740 940
97 275 168 985
248 401 408 830
699 777 703 868
722 342 308 872
801 860 168 759
645 898 482 841
693 223 52 806
575 920 148 509
1 575 207 262
415 822 318 518
895 235 477 583
234 120 406 601
930 514 349 506
35 799 398 680
294 721 51 806
909 374 377 561
75 339 326 620
503 809 527 785
610 243 364 726
406 941 312 411
106 596 90 858
911 462 768 776
500 407 321 914
540 7 463 876
971 633 108 889
908 399 535 1000
576 44 35 424
754 642 352 724
274 69 68 149
457 828 437 479
960 254 10 424
927 725 265 955
234 985 597 630
535 443 305 392
305 627 261 382
680 240 197 670
831 316 570 981
652 240 404 639
516 205 539 838
664 541 29 455
960 91 419 461
364 967 30 600
613 1 31 115
623 496 383 893
677 496 708 965
141 232 200 234
443 151 813 886
243 618 373 593
873 940 448 592
260 505 277 990
203 998 392 985
59 568 331 734
948 557 68 295
605 534 376 546
986 690 280 730
933 663 221 994
331 851 195 438
521 910 492 750
786 108 314 737
882 263 705 992
917 413 384 571
115 806 91 872
701 170 478 707
270 166 222 465
756 910 402 776
658 129 178 475
260 859 443 662
632 392 170 178
579 780 125 989
966 590 218 380
99 516 322 348
660 986 72 262
991 329 554 766
922 458 453 506
441 223 539 614
98 714 358 458
408 173 431 445
517 985 206 842
82 349 120 692
599 788 609 972
82 207 454 692
68 768 417 622
841 560 9 441
777 989 341 984
785 561 972 999
501 549 985 991
687 880 479 745
2 827 743 965
988 206 121 134
845 201 654 735
996 598 3 380
697 613 452 790
614 184 439 974
333 918 619 757
634 101 430 725
148 572 755 886
711 629 174 447
746 842 640 830
851 949 23 470
112 370 207 463
600 30 26 341
910 653 216 915
162 748 295 602
734 694 490 630
361 425 413 803
476 860 586 624
692 656 230 780
545 762 127 832
713 471 593 697
385 803 244 959
681 561 411 803
552 882 14 268
637 581 432 978
667 625 800 848
121 281 313 608
709 452 146 961
319 559 119 223
447 700 699 785
711 321 39 748
267 22 276 363
240 445 460 688
335 297 226 500
602 24 722 826
783 298 78 982
500 487 243 826
571 464 372 911
634 177 738 953
814 218 606 843
711 450 302 602
570 388 51 189
31 378 735 936
551 482 251 657
33 700 616 754
776 746 140 337
738 755 366 523
916 157 700 789
192 744 56 328
961 790 213 708
884 819 362 784
909 244 425 564
558 179 311 412
354 178 453 841
63 555 348 409
198 330 348 882
616 238 204 840
268 791 236 446
392 34 270 807
235 708 266 613
415 373 845 854
94 60 807 951
554 132 242 377
428 592 569 838
821 564 516 823
827 543 87 918
286 176 525 961
114 306 315 971
661 301 190 542
500 757 365 405
9 559 493 832
371 575 81 900
89 432 254 524
193 523 620 857
577 669 558 962
937 303 216 632
757 307 73 109
487 328 881 970
326 681 906 924
746 450 697 816
615 916 96 634
525 453 161 312
900 31 64 116
859 917 293 527
438 977 688 966
71 874 29 492
557 649 244 576
807 530 72 856
396 132 267 751
204 197 413 585
900 245 679 889
616 537 135 528
255 723 698 911
549 109 556 779
260 243 603 736
31 225 261 415
48 834 639 642
192 131 789 868
170 156 225 442
713 540 264 270
288 515 441 782
662 648 134 433
650 478 635 819
423 848 370 925
54 424 372 730
633 487 307 489
246 412 125 505
471 203 807 867
546 282 22 524
247 534 700 831
52 995 453 490
933 761 584 790
926 866 959 970
183 165 320 455
143 436 153 455
435 214 262 423
534 470 85 835
886 466 188 379
157 740 142 854
484 374 58 852
807 12 31 717
590 523 510 887
951 927 291 803
652 284 72 654
495 262 811 855
31 267 187 477
574 420 136 812
114 491 321 744
986 838 720 822
1000 637 118 369
976 408 214 571
306 350 56 527
838 956 16 48
123 66 328 411
191 259 286 753
739 501 410 915
848 90 578 941
514 533 273 336
933 300 8 973
219 882 150 505
229 5 700 883
202 704 621 933
822 523 464 718
14 922 247 803
744 843 227 890
470 892 411 537
690 37 123 371
713 782 412 418
865 214 409 990
500 865 374 921
676 340 347 430
823 784 436 993
292 467 334 444
975 731 464 858
67 710 523 565
343 387 564 703
424 602 495 690
526 427 300 487
103 303 596 928
872 369 90 744
597 501 98 398
169 551 150 208
177 753 118 324
981 63 260 803
188 421 41 128
135 539 632 735
164 358 306 971
901 795 738 828
903 946 170 976
726 461 336 473
824 157 772 863
774 901 102 735
842 834 647 824
95 914 592 804
481 474 204 714
2 943 124 878
167 455 769 805
100 778 85 933
451 729 530 619
457 11 272 920
452 755 813 895
626 852 677 755
904 605 34 212
562 240 458 687
61 947 723 746
3 590 65 470
140 872 671 740
539 911 354 742
116 354 33 848
445 483 229 808
468 432 66 835
307 782 31 539
901 121 39 968
622 802 241 639
157 416 84 753
841 513 567 576
788 709 704 821
787 733 544 699
157 388 549 755
968 313 128 635
995 385 53 212
79 147 508 946
555 972 184 237
907 211 112 611
786 134 274 862
919 508 786 879
966 477 768 853
53 542 253 611
924 695 104 314
623 676 69 532
323 326 409 421
772 564 152 941
468 654 397 484
642 609 5 249
765 367 859 898
243 313 368 445
248 798 741 953
65 216 905 910
588 369 499 533
596 76 560 774
588 149 154 412
281 863 726 989
461 280 395 968
888 125 238 639
131 397 319 795
948 299 143 954
366 61 56 394
661 574 323 896
823 653 18 866
661 981 656 895
967 156 345 526
126 496 33 568
404 717 149 858
960 75 226 236
368 927 714 909
229 685 96 875
985 315 186 758
579 632 815 966
464 608 33 527
113 674 501 634
540 979 319 968
78 680 3 588
348 597 188 227
769 909 186 741
398 521 105 956
251 252 82 196
469 163 53 582
863 195 49 919
64 296 202 312
957 593 281 357
514 869 8 717
41 792 36 57
958 677 383 443
263 60 50 736
203 286 399 929
204 797 255 808
888 467 217 509
54 456 545 628
478 817 56 677
546 692 159 443
366 147 475 976
494 811 739 822
759 689 90 949
350 172 418 973
67 188 272 766
990 868 482 808
265 432 328 342
840 650 528 542
39 853 432 948
544 760 705 966
568 424 690 787
580 65 309 544
483 171 411 616
653 656 89 757
868 293 474 628
211 851 235 609
191 46 227 957
136 358 13 931
674 268 340 506
534 232 239 375
961 672 401 475
538 116 23 845
859 780 56 687
216 186 197 967
598 716 788 933
14 164 602 961
300 883 135 904
625 734 283 543
299 932 547 754
820 723 92 992
542 317 327 473
586 415 317 890
534 182 179 390
827 483 521 788
220 268 208 654
55 85 14 739
734 25 99 155
678 819 636 993
166 154 889 931
993 419 126 906
381 333 776 967
504 229 545 911
434 994 394 890
957 742 555 743
327 620 522 862
340 773 245 634
684 182 190 899
177 63 680 760
420 28 790 883
612 499 636 672
637 728 767 937
140 453 443 472
780 151 525 766
383 111 190 253
563 285 646 875
943 138 140 567
294 159 620 839
206 390 394 998
995 532 36 210
952 938 957 986
172 892 184 358
763 120 130 170
147 720 333 772
512 922 521 712
645 877 141 266
667 517 469 822
718 459 292 784
754 432 314 998
127 456 580 879
79 424 418 671
67 47 284 566
743 821 134 953
437 470 168 660
29 767 16 117
936 929 197 545
510 566 63 603
904 186 145 541
588 35 26 514
207 78 306 956
717 616 204 243
439 410 184 931
290 775 163 566
375 387 115 426
989 102 95 780
911 975 133 399
442 375 493 571
714 370 95 253
180 808 192 742
397 53 401 693
218 616 428 916
332 751 366 531
79 8 132 825
153 977 16 60
682 768 90 385
568 752 552 588
354 560 177 684
376 506 83 567
140 222 572 574
456 145 271 516
716 389 642 734
96 746 509 549
452 911 97 785
191 388 236 503
610 730 124 233
777 146 709 909
219 31 3 265
823 412 231 929
924 761 75 691
462 274 675 858
964 812 291 418
619 871 69 820
503 512 567 845
535 308 125 836
726 342 609 939
816 921 561 844
474 172 133 900
450 440 93 216
695 701 45 835
712 856 360 709
670 171 145 659
986 625 274 937
790 905 441 461
305 149 111 718
647 676 202 662
881 375 317 830
325 419 270 865
932 728 397 720
94 369 454 480
914 534 72 109
147 233 118 228
629 554 574 584
621 646 773 860
770 231 816 929
912 773 677 839
151 802 465 899
229 601 259 295
274 441 134 834
368 129 685 993
875 234 113 958
959 444 719 987
821 864 661 825
808 369 350 630
27 562 443 856
491 215 1 395
87 43 370 835
81 942 877 912
960 871 147 601
725 931 62 82
353 927 250 719
806 413 234 944
420 433 311 452
605 543 103 600
18 313 137 470
681 46 720 921
19 454 527 918
699 331 180 621
147 866 590 714
36 986 371 995
368 590 254 403
325 618 200 447
119 646 275 502
24 37 404 482
581 293 314 782
215 935 290 540
721 343 537 652
90 298 732 748
101 298 73 104
13 998 665 996
259 662 645 649
615 158 428 697
59 821 451 474
106 161 208 367
530 545 292 460
887 403 541 811
621 291 55 519
576 181 698 956
724 171 126 947
779 441 282 556
34 670 459 646
270 459 323 547
594 929 232 942
786 896 453 618
322 688 16 415
279 119 511 625
488 801 489 498
325 78 59 871
842 547 556 860
338 556 853 882
47 855 467 617
420 79 246 252
163 936 17 459
907 334 299 938
676 777 830 956
194 508 63 900
958 381 468 472
969 563 141 326
115 645 89 630
785 101 359 572
893 298 211 694
800 128 668 958
681 374 381 882
601 733 466 535
686 265 342 437
244 415 404 732
24 542 192 678
54 567 134 777
829 370 319 918
247 389 378 943
475 516 817 893
156 353 378 750
647 677 311 479
686 173 595 875
322 87 643 952
641 128 3 179
679 135 22 667
746 498 515 896
585 45 3 647
484 823 198 407
567 493 77 276
383 657 306 841
140 397 1 702
992 530 366 433
923 49 373 700
623 833 215 449
252 147 209 616
825 434 255 417
871 276 278 871
733 943 79 404
871 863 205 811
626 654 52 330
236 670 98 125
520 368 169 873
257 436 697 775
128 518 19 991
567 359 59 918
295 198 176 336
774 751 134 271
902 7 237 286
471 314 199 738
243 876 255 852
933 200 238 636
126 375 83 753
945 208 277 303
258 365 221 261
12 219 611 983
33 209 335 999
686 251 634 815
471 220 489 842
846 311 262 909
912 419 177 486
563 569 187 320
23 194 114 609
604 234 752 990
837 930 198 955
725 932 179 241
832 251 360 945
652 289 542 917
487 53 834 858
44 908 445 545
392 127 274 662
813 915 801 998
724 819 642 745
850 757 189 264
844 800 895 946
632 25 199 949
811 758 346 519
169 626 384 461
881 521 928 947
454 769 170 458
421 890 706 812
920 871 267 873
211 262 199 778
407 674 656 958
830 918 192 372
772 565 547 854
638 727 132 283
630 351 69 847
936 895 282 956
627 505 202 413
994 292 218 659
313 200 29 66
3 852 166 785
961 490 477 513
165 874 393 826
84 753 155 266
962 795 276 338
603 43 79 133
178 460 80 976
939 955 581 807
742 224 711 977
769 454 333 524
163 542 833 943
436 73 330 378
232 2 409 623
388 861 740 841
300 678 538 674
352 474 738 810
106 862 348 771
903 471 947 981
499 626 87 923
994 215 655 937
46 332 55 256
775 37 289 361
675 169 77 752
727 233 293 637
1 23 71 821
752 267 495 888
908 523 749 780
340 34 128 292
318 861 33 387
365 394 580 722
774 127 682 693
365 253 450 483
665 187 486 670
399 367 277 648
409 839 377 392
695 668 469 903
934 869 67 799
328 400 11 689
103 827 775 776
144 517 124 746
540 862 97 655
949 839 57 479
471 693 41 345
780 223 489 567
788 842 17 767
703 575 271 637
509 610 299 942
170 869 124 673
252 851 602 621
431 479 121 586
77 515 207 305
885 17 360 952
322 106 177 420
533 575 123 343
622 631 154 637
886 732 85 963
357 377 100 795
793 932 175 941
177 864 868 951
646 893 568 666
108 596 444 835
334 484 50 879
949 857 126 509
137 146 583 905
359 609 236 816
468 266 779 996
41 733 572 873
22 102 179 220
930 240 530 661
394 781 502 868
108 819 38 211
693 614 151 315
498 50 273 920
28 471 717 920
3 874 806 925
988 248 601 701
894 488 539 973
403 513 70 773
707 622 212 231
731 274 522 968
806 311 90 289
420 418 303 356
100 613 15 800
429 802 356 654
63 457 374 873
915 149 801 994
368 701 33 958
768 879 634 973
932 765 106 559
282 741 360 974
106 678 254 796
743 679 121 903
96 213 305 525
148 630 580 879
400 838 257 335
559 98 629 861
239 578 614 999
839 177 112 562
464 526 109 150
651 387 33 317
423 678 112 195
609 108 350 847
607 931 202 969
445 635 622 630
669 616 200 697
891 834 707 958
603 680 328 505
715 236 212 570
430 666 535 571
49 882 344 455
748 11 251 266
663 656 236 711
877 738 162 833
367 909 276 898
162 558 122 532
62 119 680 718
167 551 141 256
263 16 233 522
140 28 453 798
108 46 227 576
135 960 299 655
976 343 606 716
597 323 407 457
812 357 476 785
70 59 309 719
205 157 68 407
906 872 567 572
61 969 1 154
507 4 595 666
434 920 538 776
691 220 720 744
720 107 660 684
214 693 215 845
950 43 144 344
363 159 141 590
362 253 136 958
792 723 94 689
769 309 327 407
455 928 262 491
520 846 178 469
573 286 199 682
978 194 689 886
61 273 613 731
548 85 887 933
735 905 862 941
216 537 313 986
922 410 758 838
475 408 259 283
809 183 368 533
294 308 444 450
964 154 647 726
448 530 27 688
12 958 460 676
186 420 513 560
340 774 66 471
641 101 632 686
73 548 262 581
879 837 82 957
273 344 354 595
732 362 186 935
480 969 91 243
825 420 263 880
253 627 217 526
326 379 457 488
330 307 675 939
977 261 8 69
394 787 295 627
917 709 913 917
199 648 308 669
651 454 96 662
985 444 340 440
271 590 189 850
707 215 376 387
705 549 16 525
559 883 85 99
333 17 496 787
722 648 97 950
768 139 69 856
11 431 406 830
24 281 507 546
349 552 165 362
507 317 75 305
577 296 506 827
543 836 624 866
157 762 407 987
176 977 505 962
725 403 393 774
32 579 229 429
306 949 488 967
929 169 367 508
243 13 686 976
724 909 8 635
498 504 599 679
643 991 92 453
105 154 11 382
932 131 111 245
938 845 190 443
230 740 230 284
881 161 32 465
498 92 208 250
720 563 264 747
681 288 225 410
770 842 707 907
555 111 599 692
328 68 651 829
333 919 256 571
540 76 884 974
728 580 107 111
153 639 737 932
88 77 443 534
932 866 172 201
131 803 587 688
233 49 384 751
590 775 187 1000
329 126 730 735
766 955 38 488
617 160 313 589
575 617 126 342
741 760 130 726
208 232 83 942
39 165 161 275
901 664 228 334
400 788 392 684
660 548 130 647
831 373 47 781
984 617 131 899
529 581 66 452
773 383 195 413
242 707 632 842
644 35 425 816
71 476 527 640
816 618 363 967
594 317 247 757
575 569 623 815
442 304 608 948
82 468 300 804
952 980 267 478
954 423 593 914
598 631 157 778
621 847 611 792
228 177 200 295
905 526 282 319
974 724 552 657
693 771 479 991
905 32 180 694
824 133 618 662
92 556 665 983
518 651 220 449
794 508 339 685
785 823 609 694
890 356 146 753
217 555 712 915
510 513 248 691
539 123 5 717
75 510 16 315
43 811 17 551
584 851 404 797
817 234 671 755
44 842 359 852
262 533 75 667
401 155 604 768
949 566 99 697
185 553 878 902
313 916 363 965
370 219 286 568
19 76 172 428
595 366 125 572
91 413 283 456
19 395 179 270
63 613 820 972
527 648 116 805
480 123 783 916
933 960 540 889
27 754 39 308
114 563 761 767
491 2 16 992
710 612 10 353
489 847 869 938
163 515 56 440
631 736 555 837
360 509 231 255
379 241 245 414
86 443 345 634
342 379 454 873
837 506 358 531
187 920 224 975
251 737 370 725
656 99 405 836
602 508 608 672
386 9 287 770
312 810 223 524
395 634 244 757
422 93 754 874
77 892 290 695
326 625 35 477
562 305 330 734
716 705 79 892
635 467 691 692
300 803 677 758
585 623 802 842
360 484 756 958
901 311 228 334
481 967 227 756
485 752 874 951
426 206 399 739
431 933 264 922
721 169 591 607
356 194 431 799
200 680 273 652
960 326 175 731
17 529 356 774
23 964 155 998
341 239 517 961
924 934 567 795
191 154 153 503
741 88 636 922
898 265 200 281
199 59 472 518
251 508 964 973
26 358 379 989
710 93 622 625
791 149 40 75
955 810 161 677
899 119 79 847
668 127 574 998
245 835 113 380
681 372 76 681
962 95 668 815
517 202 605 684
798 862 859 972
918 87 247 601
946 508 309 720
181 553 109 148
538 272 615 780
967 493 298 768
614 995 564 769
216 756 93 489
473 821 124 688
753 276 71 173
40 445 576 976
678 852 168 619
998 514 72 369
863 269 151 598
96 720 524 815
343 797 106 950
798 492 48 954
666 224 378 487
360 152 852 932
342 569 275 489
750 181 739 876
567 393 371 764
964 795 149 405
544 557 391 574
894 724 108 350
943 871 395 602
810 949 283 585
998 573 58 943
930 410 304 495
734 775 222 706
298 152 287 813
642 983 166 748
351 144 336 645
884 650 84 463
195 77 688 970
760 209 657 665
521 745 170 226
751 430 295 756
562 244 372 556
924 55 235 666
246 113 77 885
837 559 413 492
921 704 689 848
422 593 494 634
649 538 208 913
462 129 362 808
87 114 26 703
401 569 167 259
377 695 190 713
247 120 589 797
340 846 181 927
204 561 31 341
465 111 508 545
508 90 174 202
865 66 683 856
667 360 227 862
396 128 851 913
929 925 69 839
626 914 35 434
330 294 171 335
155 664 302 730
138 483 18 565
120 217 449 991
830 468 805 811
338 293 403 749
29 234 247 615
663 390 113 969
944 145 65 305
604 435 182 207
966 253 789 844
148 423 447 892
29 741 80 298
36 693 575 765
209 144 253 948
454 136 566 655
851 150 162 891
198 617 377 633
193 764 155 965
918 90 71 767
31 383 136 209
944 436 12 119
523 828 787 955
555 829 314 695
599 732 68 649
281 533 93 647
778 752 912 1000
955 361 259 932
410 943 559 959
838 717 707 839
516 331 261 411
21 25 14 25
381 104 448 930
740 555 252 862
71 96 441 961
984 181 401 935
815 245 28 787
930 312 63 299
17 447 80 193
372 350 273 312
281 849 186 461
255 287 568 873
406 914 630 814
844 744 161 870
805 759 611 806
857 566 164 307
148 145 238 613
87 325 615 778
342 206 454 976
673 494 581 623
143 461 235 799
178 815 131 932
783 915 694 885
84 390 11 78
31 78 320 558
109 315 276 789
976 538 30 569
41 290 48 762
673 354 772 894
384 436 119 419
502 855 384 514
184 765 131 655
716 643 549 799
871 113 165 853
196 495 192 421
781 80 693 977
878 612 598 828
340 503 33 246
651 129 52 992
527 246 513 857
796 121 72 270
345 640 361 683
188 368 413 692
502 748 10 607
551 8 261 524
401 732 549 736
35 834 47 906
850 969 132 460
251 377 818 983
606 292 65 378
708 133 514 915
964 615 753 902
265 243 175 932
158 492 627 664
822 692 55 422
237 663 816 871
982 624 581 934
420 403 303 447
821 691 22 146
685 629 268 789
209 431 914 945
477 33 185 225
383 566 526 974
978 169 314 455
562 756 374 944
349 337 343 696
460 790 163 441
693 331 30 750
476 402 129 419
295 575 375 482
212 926 97 415
833 958 358 678
687 753 183 316
874 718 269 557
323 151 339 805
918 59 111 121
306 329 95 256
697 786 143 625
422 750 677 964
188 156 105 726
841 639 640 780
42 281 260 286
609 275 750 966
735 914 574 792
791 156 167 308
756 142 373 727
329 368 445 709
600 572 693 839
662 524 567 776
129 854 796 824
68 446 306 813
146 977 416 701
532 356 295 911
646 655 279 329
620 745 107 305
248 232 285 987
518 194 576 904
822 968 539 575
905 423 530 803
113 279 526 637
761 503 8 684
517 491 19 907
593 712 89 198
767 911 742 765
793 782 543 694
424 599 113 860
996 330 287 509
526 30 303 736
406 151 197 222
653 959 177 543
993 633 432 613
982 174 519 892
371 997 779 899
578 536 867 978
952 227 2 635
325 595 137 432
632 543 595 807
388 382 198 734
915 12 301 379
37 424 501 609
837 424 578 626
4 879 37 462
502 880 203 668
263 726 324 328
319 626 472 625
294 348 344 764
302 546 823 896
416 444 92 659
880 386 687 745
764 167 162 658
719 221 278 280
809 556 654 710
12 889 407 606
143 839 395 420
518 119 96 392
364 951 624 782
400 878 514 780
545 631 608 779
570 998 67 850
705 830 511 901
824 511 76 961
133 737 495 647
505 233 70 752
190 651 894 926
832 63 5 341
455 81 191 455
303 117 44 361
658 910 207 714
916 556 211 887
785 504 20 386
43 221 299 982
53 925 167 834
783 497 848 916
788 880 165 174
874 886 15 683
536 13 138 186
248 538 484 722
265 969 456 885
25 674 202 262
203 325 183 947
309 348 660 771
845 641 684 946
918 79 231 587
926 19 303 759
92 980 474 683
973 525 609 748
363 102 87 683
701 321 216 387
9 838 286 770
653 370 493 867
953 416 100 762
405 137 173 487
525 689 822 851
172 813 204 855
248 666 519 569
835 175 159 277
693 481 505 879
239 363 291 888
496 796 147 943
135 550 313 759
823 952 418 790
264 657 226 325
928 521 347 829
913 38 414 603
968 316 407 409
724 327 764 894
895 331 507 771
662 433 98 473
88 493 36 542
835 24 448 724
351 653 528 893
286 694 613 962
51 667 67 913
965 420 268 899
471 49 193 597
840 829 815 903
872 159 307 930
520 271 484 761
417 577 273 717
795 698 633 761
815 873 530 930
246 827 581 679
511 703 45 520
426 188 117 484
279 825 279 916
153 182 384 479
354 377 53 336
142 438 189 635
582 496 744 924
527 372 11 579
640 172 392 600
852 69 421 935
65 27 220 376
727 279 154 524
700 592 430 984
688 600 256 800
147 499 270 595
735 669 77 271
40 957 174 514
676 498 177 770
219 810 51 888
652 928 350 389
394 454 73 429
180 547 267 405
544 896 580 747
613 302 562 665
49 282 224 951
205 486 545 685
533 305 77 860
813 726 553 777
492 971 187 295
894 101 418 548
53 376 54 613
613 541 225 677
608 289 598 856
792 211 511 776
667 526 495 552
927 675 81 766
987 355 148 570
717 247 302 739
937 401 444 857
347 100 438 605
81 827 127 345
317 357 17 22
195 891 299 329
711 637 811 885
246 309 818 848
645 236 159 520
424 271 281 783
82 420 360 484
935 346 75 426
334 114 43 77
140 962 199 557
333 583 545 659
558 643 852 957
209 604 256 728
425 670 119 850
794 997 85 996
783 381 32 371
403 338 503 533
502 913 141 547
682 114 636 929
297 758 15 987
331 599 838 964
495 177 277 846
260 236 800 889
292 142 818 975
86 371 131 464
272 217 376 598
927 779 350 459
201 460 601 621
99 520 362 541
519 252 812 973
715 346 41 824
453 694 47 68
134 24 169 435
428 56 447 768
880 674 349 434
259 633 294 403
972 466 38 917
654 201 628 949
553 773 750 940
713 237 143 458
336 214 390 457
431 958 35 433
663 824 434 739
711 258 85 369
914 990 524 728
996 603 218 619
576 655 536 751
472 988 502 628
551 766 592 747
702 145 59 251
170 852 625 905
669 273 17 232
942 172 29 200
490 714 384 747
296 831 682 800
447 154 366 634
414 875 406 429
585 121 604 931
833 434 63 273
844 789 264 643
617 596 160 587
581 350 264 636
794 867 112 899
389 508 782 795
220 729 708 932
305 968 190 320
192 39 245 840
886 150 311 745
942 738 550 596
97 732 337 929
620 631 557 674
672 57 901 958
480 785 320 348
411 870 40 139
758 451 630 759
845 339 618 641
202 265 427 653
875 812 382 602
251 894 107 262
248 315 338 595
652 213 341 449
205 361 335 375
684 580 370 736
233 234 161 380
221 745 440 677
623 566 4 533
594 472 548 734
450 669 387 940
557 1 595 851
664 795 12 781
733 59 245 253
213 212 558 769
547 265 396 724
524 764 53 339
44 400 337 415
179 341 445 823
957 210 632 905
346 534 245 347
46 118 538 859
391 598 67 692
58 460 580 819
74 710 393 989
594 640 44 255
935 451 293 536
820 903 134 454
789 369 34 301
217 258 652 767
727 466 95 337
507 456 86 543
657 455 279 990
490 831 248 266
225 678 985 997
757 221 192 991
891 651 278 280
158 190 248 928
53 282 661 854
476 215 37 520
365 983 127 292
943 563 401 519
829 18 66 484
131 129 43 630
786 654 228 776
276 581 252 276
712 899 520 749
268 796 565 901
552 871 244 414
384 698 35 325
428 134 514 534
349 317 17 147
706 657 9 144
446 68 873 980
807 399 69 909
221 28 41 382
623 919 325 926
782 219 180 718
96 816 105 327
823 763 338 430
326 251 80 341
278 67 637 700
561 283 566 698
943 86 304 994
570 256 380 670
499 112 52 201
160 25 235 510
114 455 358 778
104 363 283 708
202 859 436 861
294 503 123 679
984 484 714 839
736 413 351 419
207 794 25 724
915 45 785 872
741 774 26 236
109 508 340 963
832 474 155 362
508 851 181 264
421 975 32 779
328 877 540 897
346 562 148 650
709 226 82 825
180 40 184 375
832 766 50 136
150 845 638 973
593 190 347 385
877 859 350 839
157 609 49 911
643 589 101 796
888 830 755 889
524 708 7 201
487 972 260 383
980 758 680 737
642 32 155 652
464 208 92 323
128 40 118 750
174 949 535 616
108 469 65 595
331 739 203 579
309 638 512 769
264 81 194 206
875 967 296 432
151 494 74 639
956 41 268 925
479 177 118 205
502 645 661 872
141 619 164 981
322 92 488 903
642 784 126 966
185 436 196 980
59 130 227 230
632 358 13 483
230 869 468 937
221 887 177 482
170 544 56 567
118 346 135 539
833 237 53 492
292 355 195 376
177 423 184 425
118 29 55 988
945 810 135 575
832 984 295 888
681 265 542 900
102 177 108 514
309 301 398 419
9 87 652 920
14 435 104 820
789 266 466 670
260 144 574 920
76 818 389 445
529 87 129 326
744 940 630 911
782 696 149 324
126 256 336 651
665 251 408 518
102 315 82 498
242 75 314 776
502 289 748 904
385 540 400 727
306 596 506 718
982 161 135 978
405 914 33 46
809 166 193 468
15 786 576 739
264 605 215 370
447 847 311 313
130 200 285 510
564 473 376 897
238 895 222 706
184 557 35 225
137 275 496 731
635 958 336 841
921 805 288 704
893 115 537 661
934 170 394 825
17 234 375 696
366 786 624 643
106 481 474 731
692 970 463 608
614 551 860 966
503 125 62 914
684 108 219 503
498 732 43 337
84 587 664 734
346 923 574 671
444 995 411 932
653 863 290 770
769 477 50 759
516 233 135 947
601 559 130 630
986 644 101 470
788 197 84 617
312 892 527 828
558 974 795 961
28 595 647 683
459 61 782 997
754 898 549 945
804 830 589 727
120 611 847 908
431 339 303 704
336 364 232 888
948 265 578 898
785 81 93 813
180 237 887 972
423 399 122 197
142 932 104 851
960 407 331 863
754 762 174 318
512 456 352 408
437 438 206 980
900 642 19 75
917 209 486 670
813 975 396 993
817 134 249 574
855 159 564 792
89 281 265 423
845 391 211 671
950 383 420 884
838 566 154 492
720 97 40 381
26 809 217 376
915 679 188 377
73 296 308 786
997 588 109 238
438 933 209 988
423 260 228 253
955 566 716 990
28 42 881 981
249 45 125 605
309 84 335 801
601 652 487 609
894 790 133 815
480 113 91 170
311 292 542 946
326 656 126 389
222 297 487 613
82 343 438 442
407 554 235 291
627 231 676 934
163 164 267 593
535 734 544 690
220 907 61 447
504 930 311 596
928 779 396 883
413 466 624 682
281 980 384 976
198 136 697 749
265 643 231 913
634 169 817 849
144 727 160 661
695 761 684 879
546 603 151 165
348 408 86 793
649 43 63 358
546 151 446 799
323 515 194 813
665 937 587 723
824 907 134 756
870 900 344 703
528 80 462 854
689 548 408 609
225 912 112 942
597 491 321 702
703 852 944 964
561 570 298 652
710 321 332 513
295 992 210 405
887 695 234 876
462 349 357 807
929 37 502 971
157 205 7 989
86 158 94 216
797 261 604 657
46 91 8 359
988 1000 828 964
444 556 266 701
1000 86 836 938
463 551 394 576
265 744 131 537
520 740 524 553
683 799 8 679
563 970 1 965
606 38 317 412
321 812 203 235
72 108 52 780
748 752 237 787
232 188 79 117
968 303 584 944
953 287 373 969
283 70 323 341
252 115 625 704
165 546 123 234
565 141 921 973
725 202 304 994
849 631 242 793
837 268 39 84
166 150 22 917
945 438 192 876
711 289 529 622
611 642 192 793
217 124 42 603
24 906 626 914
272 230 864 979
4 309 142 682
396 923 833 908
535 978 151 701
613 735 276 806
488 123 383 920
900 74 74 922
985 102 77 318
87 411 712 962
819 618 7 68
733 327 710 821
434 223 121 506
18 214 284 500
258 462 55 404
954 497 214 466
557 140 249 841
43 737 534 900
609 388 62 387
76 128 6 603
679 453 311 908
931 464 320 598
193 366 550 807
75 825 539 860
544 963 332 707
969 932 292 322
162 21 399 548
733 286 20 798
837 662 589 743
237 987 354 782
799 534 557 841
245 393 497 976
731 688 130 210
361 575 314 985
699 558 373 548
320 881 192 386
989 873 251 378
570 764 19 834
966 879 426 941
221 449 297 724
361 775 533 629
147 941 716 731
839 834 235 439
458 333 11 951
858 335 362 600
461 324 366 741
806 665 76 700
63 603 305 478
562 484 130 513
267 172 49 850
858 835 399 775
191 590 844 904
447 946 249 962
864 402 552 581
551 974 281 895
592 175 637 850
705 384 599 648
224 688 83 873
731 800 463 709
299 402 480 882
995 164 335 797
16 322 479 485
936 346 848 938
909 248 439 477
111 928 628 908
917 937 757 910
607 735 603 606
255 122 52 931
780 851 138 496
138 468 321 579
676 246 17 42
938 494 124 650
401 879 536 544
782 199 629 987
961 102 615 962
980 638 236 847
761 475 394 838
896 990 106 823
44 628 414 999
54 686 623 648
40 646 48 333
874 943 549 692
918 859 68 500
518 647 425 711
211 419 786 814
661 727 9 590
264 977 50 52
835 700 654 917
567 456 603 836
205 892 734 782
702 246 310 607
911 374 342 756
421 733 249 719
959 860 148 374
887 628 429 830
725 280 399 645
251 330 490 537
987 195 79 661
483 908 553 573
365 685 801 943
841 150 971 990
189 853 452 649
436 529 503 534
118 650 157 759
107 870 131 842
265 247 45 714
206 959 315 375
213 844 353 855
978 319 122 906
49 392 303 750
920 934 10 235
473 393 79 942
875 715 5 797
113 628 864 973
652 125 616 794
406 407 239 954
648 472 104 498
788 667 175 355
280 52 87 993
500 61 263 359
42 488 234 517
986 985 793 926
644 314 837 858
743 353 704 720
21 141 610 762
484 799 263 373
936 445 212 861
637 926 270 426
543 403 174 880
549 136 393 971
558 967 244 646
222 577 496 999
601 786 668 671
58 749 175 923
881 458 46 501
889 331 39 57
634 42 679 830
502 890 590 712
629 694 794 826
992 219 16 107
619 831 132 499
526 182 204 882
831 190 78 524
533 127 649 991
442 775 314 990
889 101 128 532
561 700 499 665
435 348 230 564
365 611 387 716
996 820 579 598
917 496 695 930
183 722 226 849
689 360 306 829
396 429 889 934
939 490 423 432
843 487 368 444
932 732 835 878
890 758 221 250
440 522 395 927
725 219 3 946
98 184 87 491
139 343 95 655
938 366 59 430
226 494 302 436
898 336 128 523
921 255 882 971
164 285 404 866
605 153 457 923
965 680 162 589
437 827 170 766
836 200 131 641
718 285 502 741
429 779 281 989
294 501 515 895
670 775 373 629
988 328 111 614
415 391 339 902
79 326 84 938
825 4 889 900
108 901 487 854
304 219 262 507
653 850 50 933
251 101 14 588
281 249 420 724
832 209 617 683
571 401 329 729
628 772 695 793
976 436 154 879
370 616 672 984
264 33 140 743
873 171 343 494
511 654 481 587
958 255 119 211
881 614 652 754
409 120 251 941
946 296 617 730
925 638 196 791
937 837 127 614
665 403 4 798
79 641 259 300
183 940 782 844
161 135 116 184
492 199 14 125
554 319 124 649
522 981 412 967
423 101 482 976
918 174 360 895
164 407 491 669
345 52 570 969
885 166 372 405
270 767 225 236
159 939 595 698
977 809 120 156
38 636 4 117
258 246 512 688
456 658 599 716
578 485 471 511
202 693 364 538
684 967 866 980
36 607 135 326
291 775 292 597
804 625 889 912
817 434 183 918
191 114 752 763
532 294 136 313
869 633 583 709
660 745 344 574
363 532 463 744
121 184 80 966
913 343 170 484
623 80 393 954
959 375 540 757
793 719 414 588
684 436 127 136
822 193 489 948
177 360 169 697
924 998 30 759
405 58 575 808
513 148 166 683
151 162 285 542
602 82 909 925
460 919 37 253
390 748 533 793
972 900 225 990
392 159 402 413
691 248 273 695
731 408 216 459
372 655 91 144
432 601 332 534
737 995 441 710
640 413 554 852
130 534 761 856
690 997 111 440
87 967 486 510
866 815 246 415
505 90 401 906
525 518 159 899
772 783 54 109
941 416 39 577
234 116 440 549
905 206 650 803
876 827 603 949
621 577 359 607
912 101 703 796
883 42 191 247
292 596 208 296
877 815 292 379
786 889 662 956
212 881 523 975
387 112 40 671
912 416 29 568
284 322 521 774
212 611 849 971
523 307 716 908
951 538 385 812
812 898 170 638
229 128 98 810
589 528 804 818
797 517 436 461
632 742 368 527
335 972 333 931
981 597 212 520
370 368 541 776
867 407 675 691
95 734 501 565
708 66 1 155
747 674 187 801
928 311 545 696
549 569 460 755
537 579 560 822
413 371 346 360
932 823 282 632
745 411 688 967
368 513 35 129
736 120 562 615
884 305 647 736
450 758 672 708
254 299 399 732
881 262 524 575
706 624 116 941
899 96 171 831
744 78 71 234
671 559 36 289
380 939 290 885
702 334 607 693
486 622 524 773
125 214 399 868
791 786 574 785
252 829 22 614
238 652 544 921
654 877 29 145
35 742 407 902
278 869 235 402
754 993 807 984
168 610 469 980
275 221 352 833
376 687 439 615
174 197 39 726
571 52 125 511
422 172 178 508
650 377 240 932
888 575 134 909
391 230 331 915
206 714 477 876
825 293 106 596
14 764 164 987
520 758 414 631
431 3 429 693
432 787 195 322
939 271 504 508
318 390 41 939
464 862 806 836
949 385 29 135
590 636 768 801
561 150 3 365
270 951 174 217
990 736 229 300
358 123 324 952
970 512 109 399
523 526 396 721
918 955 700 861
860 110 821 907
313 352 626 746
617 62 667 937
500 178 54 397
952 584 301 915
314 644 746 752
610 277 472 841
445 454 402 763
682 393 92 361
867 127 298 467
412 348 941 976
970 307 176 565
101 180 21 263
279 411 486 685
762 348 321 909
726 562 345 874
105 141 14 600
542 245 88 197
798 187 221 369
717 301 107 530
747 41 173 181
866 921 653 845
272 599 17 166
76 25 341 629
680 118 777 874
968 39 236 518
702 962 450 916
794 381 189 225
659 816 21 142
838 101 236 627
29 971 666 814
784 57 227 692
295 486 49 630
2 655 495 604
561 469 365 833
886 679 654 707
457 468 279 549
484 978 433 748
262 956 77 854
668 815 370 898
26 228 229 950
981 490 569 754
697 569 325 976
155 437 42 424
912 442 41 428
977 405 214 265
164 566 368 843
833 431 686 906
508 195 108 172
794 320 562 882
833 597 238 312
544 9 867 947
17 716 943 950
803 722 237 711
924 303 51 982
146 115 9 706
321 283 664 957
301 632 495 904
251 24 87 123
38 183 789 902
320 235 439 946
780 865 139 294
646 643 536 642
915 827 281 515
910 239 213 590
578 626 320 575
102 876 180 817
382 328 533 875
38 214 762 811
156 409 707 708
661 511 628 727
266 10 639 992
502 596 489 933
488 431 386 850
354 405 131 356
757 843 895 930
425 827 53 329
289 62 616 804
745 268 318 573
740 892 285 875
567 242 179 515
95 993 452 649
884 510 340 505
914 433 33 563
927 774 227 848
406 90 336 582
713 702 63 200
590 858 4 186
279 107 166 498
402 172 416 873
223 419 948 958
256 698 264 855
593 225 621 760
953 189 325 340
927 518 499 968
285 379 535 793
505 486 6 993
925 511 543 876
435 119 690 887
395 539 543 651
261 647 227 473
15 303 77 437
185 838 563 653
725 20 271 845
817 495 180 186
596 218 136 462
645 46 616 976
646 877 625 780
15 2 502 910
327 871 175 508
509 199 454 527
656 1 534 865
16 146 569 834
500 821 465 577
716 519 18 563
992 197 281 914
408 832 409 843
368 28 203 286
328 559 425 441
801 836 278 597
677 555 351 912
947 22 774 894
563 441 509 990
2 397 267 398
954 720 251 533
26 237 536 999
556 804 486 827
190 530 900 978
220 785 832 929
369 248 692 943
616 742 178 194
202 462 206 877
397 627 177 778
357 874 421 945
63 265 739 918
203 851 124 242
993 806 24 70
552 381 905 948
923 83 490 896
409 451 9 89
239 615 94 645
919 241 117 465
41 727 651 848
814 156 32 80
877 99 298 847
705 189 619 838
408 312 549 768
519 302 185 481
44 439 25 837
195 532 183 228
764 458 111 817
550 297 538 580
912 369 167 222
856 947 424 807
760 174 133 155
253 950 56 636
14 527 150 469
587 233 856 886
245 725 102 477
649 82 47 187
441 909 532 837
76 743 299 702
474 773 307 555
356 268 437 941
323 834 833 936
501 467 109 523
283 327 570 943
931 814 119 865
274 76 285 477
48 987 464 524
540 290 667 820
764 315 110 176
735 78 627 897
14 781 297 951
411 627 75 874
871 383 254 358
373 405 388 650
452 597 250 868
264 456 323 931
212 408 226 881
984 849 761 862
617 868 468 827
231 584 103 728
384 434 524 806
552 846 121 570
695 390 314 987
752 277 124 877
815 510 431 715
419 106 586 895
546 742 130 764
648 299 527 686
813 102 26 760
703 636 499 574
467 157 751 905
516 511 801 963
92 430 627 884
431 544 689 750
191 841 324 598
501 553 700 801
627 805 102 630
33 297 311 493
629 929 792 922
748 405 707 834
960 341 273 753
136 345 343 753
87 583 178 630
82 857 73 448
323 611 121 794
832 259 866 896
694 884 177 719
111 304 119 175
715 121 807 840
844 870 856 994
620 181 54 504
727 700 39 668
545 623 251 619
123 552 88 762
122 904 763 835
465 532 733 989
748 995 353 762
374 352 548 953
699 991 124 263
844 592 205 370
191 529 525 600
175 110 183 615
17 589 307 831
288 922 1 733
102 133 413 535
748 579 3 446
162 828 244 942
100 310 588 894
679 33 675 689
103 1000 99 201
566 97 613 911
76 335 188 805
221 20 696 972
823 313 503 550
143 439 347 814
577 690 902 959
951 974 529 591
947 809 214 770
388 958 142 243
147 699 259 301
905 680 327 604
655 311 149 720
469 356 586 948
13 222 840 927
543 182 441 645
724 179 119 713
581 985 568 780
36 410 344 694
970 190 377 487
947 715 371 960
74 42 155 338
966 965 831 952
920 284 693 698
975 785 327 660
133 784 338 996
60 888 95 898
886 921 261 777
307 725 708 752
29 893 252 309
411 872 74 632
51 501 482 550
352 839 184 922
198 368 819 914
567 799 664 982
908 999 518 575
803 67 152 443
688 580 571 773
262 31 14 991
717 904 538 907
761 633 607 621
728 358 238 249
358 431 159 683
195 488 477 545
316 736 516 632
442 243 109 588
315 308 113 926
69 645 269 963
558 614 423 739
981 290 395 680
780 732 434 856
418 800 289 794
198 529 42 339
589 33 485 782
122 903 535 540
909 666 409 623
291 502 193 206
378 517 397 988
1 516 184 898
356 820 532 847
730 863 310 898
819 497 690 768
291 320 444 607
222 378 695 851
499 929 639 924
235 208 54 444
958 312 631 842
976 260 87 990
876 377 391 630
806 316 344 429
706 243 22 112
438 807 842 858
50 130 109 244
852 944 357 1000
483 395 16 932
509 737 119 156
849 822 121 415
424 889 741 825
179 819 453 587
939 722 454 517
548 156 173 874
465 416 370 973
97 456 145 410
9 63 547 972
962 728 724 944
63 261 63 132
25 861 257 872
298 230 892 955
270 126 738 762
565 713 82 671
995 447 166 345
900 272 314 657
295 371 470 952
571 907 97 464
62 454 37 238
760 344 526 918
174 21 262 413
80 717 194 965
687 80 507 582
13 860 345 878
652 506 898 916
301 855 480 577
541 470 623 890
462 26 17 254
438 500 792 913
913 87 175 513
836 489 6 761
614 751 877 878
327 405 6 809
772 660 348 566
495 498 647 803
888 199 241 899
69 264 141 328
356 348 234 951
753 544 779 879
914 482 178 875
162 664 154 160
449 727 124 812
18 681 612 849
61 238 6 220
49 447 18 671
853 569 518 763
77 341 578 637
573 119 678 686
412 302 225 881
128 479 204 442
972 967 12 636
984 423 95 183
534 544 689 875
640 151 11 344
135 334 358 845
687 386 420 685
912 650 936 971
442 878 85 740
614 261 227 352
805 878 434 539
612 378 213 702
738 197 467 932
466 641 173 775
768 522 367 553
38 515 6 380
976 784 4 440
655 999 280 517
229 471 144 281
101 595 194 664
813 995 136 641
32 3 905 957
213 362 599 783
975 134 19 214
495 672 279 727
237 626 169 939
665 195 155 680
906 204 498 499
401 90 257 632
596 906 64 169
754 136 161 188
783 418 518 712
787 190 589 684
346 481 249 383
615 513 303 994
420 638 40 109
992 453 823 902
782 360 402 899
402 491 230 735
765 970 624 741
620 68 53 355
139 600 198 440
798 188 46 701
483 866 764 820
483 253 109 217
309 845 269 326
383 242 45 267
633 401 80 878
309 872 88 405
709 921 38 111
508 71 316 745
385 31 256 535
491 720 146 986
900 909 177 374
551 339 99 605
982 420 878 940
399 107 130 342
766 409 587 729
723 376 310 998
423 122 44 723
24 616 307 941
364 928 145 257
800 560 110 527
551 215 451 963
962 171 166 305
747 578 748 822
438 915 534 605
513 184 402 433
29 789 590 991
364 533 614 725
959 424 131 255
803 622 525 555
4 647 527 999
856 936 687 863
749 815 163 175
341 570 358 613
289 338 159 744
345 190 289 660
676 828 65 177
290 567 367 866
487 456 822 883
523 835 802 995
161 203 229 282
578 711 780 895
190 871 358 432
152 441 207 717
793 909 154 260
327 311 762 865
466 346 171 464
790 224 609 616
651 362 443 484
638 940 607 741
853 354 143 336
819 305 160 881
704 626 672 889
464 963 620 996
837 235 471 955
132 827 439 934
954 869 39 476
488 838 554 647
125 71 185 421
29 346 623 803
204 563 305 684
261 788 488 962
198 901 179 802
187 219 413 999
597 192 238 753
11 622 274 407
936 169 138 717
755 891 321 757
330 461 731 748
863 802 711 885
326 516 184 541
929 316 15 929
169 271 496 659
415 63 634 801
518 309 728 770
578 914 16 656
685 962 855 927
872 141 92 981
763 532 165 552
755 779 641 925
326 566 434 886
202 446 273 502
985 911 101 735
177 78 30 609
750 91 95 655
24 727 343 475
21 414 203 961
2 819 282 929
38 79 296 603
175 59 57 631
786 495 685 855
493 443 753 762
692 944 265 853
169 712 441 633
896 717 107 232
390 923 373 878
572 848 486 650
8 719 128 227
506 625 173 717
79 321 155 410
146 110 366 569
44 211 864 937
393 14 420 469
891 980 536 859
716 415 202 782
372 828 544 947
447 459 111 808
258 420 313 503
759 888 354 818
60 49 175 774
116 433 328 523
467 870 741 768
412 727 503 534
273 188 147 824
721 671 461 587
990 553 173 772
445 377 408 651
749 968 208 483
475 773 200 568
679 515 250 595
796 419 141 710
318 970 70 309
733 128 198 647
960 125 338 792
153 375 510 723
60 373 108 539
513 106 86 719
925 787 843 945
592 477 150 696
993 358 32 284
104 265 42 369
917 275 71 702
172 186 245 517
519 140 426 671
813 92 508 653
465 776 38 843
164 111 125 257
124 869 275 456
170 77 799 987
685 10 230 718
857 245 543 854
64 855 62 679
110 151 527 699
499 995 645 661
80 671 84 980
38 849 92 344
962 767 294 871
309 335 72 808
912 160 768 831
62 350 498 828
282 175 695 898
964 103 217 615
213 310 244 693
65 162 150 434
826 653 463 995
148 688 54 79
935 136 273 377
911 673 752 971
232 751 336 577
550 189 183 807
365 285 442 830
866 574 158 948
189 824 347 835
428 204 9 490
741 270 112 735
724 2 206 267
164 382 681 900
424 127 106 337
906 387 416 504
98 320 216 890
972 58 792 901
758 280 642 972
942 237 393 397
598 5 875 917
752 214 327 929
151 495 278 302
934 993 302 967
906 376 522 706
143 483 787 963
94 975 517 755
315 844 280 462
958 130 321 710
709 769 80 147
331 558 471 839
453 254 349 429
751 906 9 963
920 503 648 767
665 706 522 930
417 969 126 965
489 351 96 515
241 179 673 923
443 826 453 621
77 908 329 773
70 414 179 794
114 468 561 736
356 779 166 901
993 376 920 967
149 842 631 770
908 426 409 909
387 663 231 837
743 226 191 602
263 83 35 214
117 606 164 952
48 223 94 313
632 913 204 263
761 102 19 549
369 83 287 776
246 482 803 871
951 578 162 441
518 798 182 220
40 703 657 961
412 449 26 280
210 582 74 94
689 18 157 733
527 64 376 543
742 990 393 703
25 142 677 685
966 375 144 634
485 41 304 520
665 219 403 608
589 994 539 586
101 365 533 989
565 870 181 752
911 5 98 127
886 226 532 902
667 469 773 830
473 87 60 541
778 436 17 754
97 703 482 678
302 257 512 715
381 849 714 765
475 346 773 922
851 734 22 765
927 677 123 930
8 437 732 857
644 249 51 78
267 911 775 967
663 30 91 979
913 953 155 320
428 277 459 703
947 248 625 989
454 335 89 229
793 517 174 272
703 973 210 719
355 63 140 909
621 72 82 482
862 496 51 375
326 28 325 468
252 245 608 959
835 507 268 330
581 531 115 331
525 327 264 771
120 815 138 973
265 94 19 273
310 427 412 891
784 877 126 828
743 949 35 527
854 657 507 571
678 167 438 957
844 490 807 946
377 876 459 573
8 338 357 620
723 596 16 253
679 298 363 768
178 296 494 683
139 523 269 586
92 560 910 989
558 467 304 671
821 242 560 754
836 232 461 556
867 531 351 871
565 681 459 581
485 544 668 965
637 677 246 584
815 5 64 891
180 280 124 905
618 297 56 186
637 984 574 908
99 212 42 155
790 111 963 1000
180 3 167 193
432 277 184 376
768 920 136 751
246 470 60 178
264 295 518 865
122 617 236 335
566 359 211 370
819 717 440 844
297 396 227 927
381 509 428 643
869 573 771 847
183 414 353 838
220 730 298 852
814 945 560 973
790 711 529 651
272 90 392 853
345 349 340 571
95 224 801 826
764 56 614 653
135 967 117 609
807 71 631 827
633 994 194 844
156 822 1 117
157 263 341 567
777 511 462 500
740 265 531 943
695 11 235 862
238 906 154 471
880 387 718 759
551 356 46 984
787 852 132 434
823 759 582 745
482 799 351 621
180 984 14 513
7 618 787 996
864 707 148 867
769 345 158 293
842 997 424 588
316 862 116 200
110 205 282 658
802 279 608 836
948 448 309 719
810 329 399 637
310 126 128 363
979 89 110 508
397 994 27 797
53 121 416 767
211 16 536 617
556 169 381 423
549 845 254 912
281 860 183 359
454 100 53 880
180 498 395 813
638 724 59 797
48 909 254 995
739 637 283 875
594 473 411 656
592 575 89 566
104 934 259 991
863 469 494 555
946 322 85 453
506 983 355 375
547 324 205 732
503 863 306 640
369 745 450 641
262 530 19 254
571 283 172 818
856 4 110 511
776 699 253 921
27 558 583 871
341 599 213 716
489 713 599 936
24 484 534 888
616 71 535 822
807 400 571 862
30 264 63 404
884 546 299 898
969 733 326 695
509 417 343 568
548 381 540 868
501 650 174 542
215 197 331 943
657 543 75 307
740 763 336 769
248 336 671 878
76 236 649 825
63 731 241 921
294 748 338 833
173 820 859 898
587 396 126 706
705 499 57 341
32 948 509 635
444 747 510 946
383 137 3 438
979 595 448 520
705 961 417 992
489 462 457 595
25 703 236 440
948 596 150 615
543 505 430 935
735 696 39 915
120 173 261 854
125 483 893 998
935 576 131 623
143 847 89 928
210 432 242 375
606 471 846 946
846 472 54 477
943 247 581 907
683 23 260 451
586 631 65 782
830 777 505 676
264 84 121 626
173 113 161 788
579 95 137 307
763 673 399 499
577 898 663 934
209 29 64 305
878 869 412 638
650 148 558 933
118 785 41 336
839 870 55 548
709 614 125 970
193 251 740 753
668 27 211 844
897 635 463 566
383 382 503 520
784 235 838 861
12 5 387 456
213 692 47 749
715 249 499 823
330 466 67 304
103 823 537 810
931 844 457 766
193 723 384 982
921 632 668 945
522 764 318 730
128 575 301 731
355 132 365 676
197 688 671 853
780 335 43 627
383 713 25 49
83 432 368 511
339 120 231 947
978 446 280 735
407 171 310 703
175 401 251 656
483 819 774 893
249 549 567 754
282 392 234 324
20 927 280 894
704 316 229 313
432 563 828 990
42 378 513 814
461 328 86 327
973 388 653 837
708 631 168 567
653 430 344 581
173 893 220 579
708 278 665 924
121 49 189 242
626 981 612 715
143 76 316 957
843 46 257 709
219 919 439 455
817 149 274 875
86 59 121 256
536 794 332 868
265 337 535 753
149 888 244 655
870 601 372 704
926 777 411 902
713 206 303 480
305 870 866 906
288 373 169 354
574 647 672 993
922 961 571 795
648 469 532 592
764 229 294 923
483 340 615 995
307 798 281 565
881 485 298 841
814 88 760 776
854 354 419 823
383 204 329 446
235 483 147 705
350 383 39 53
950 429 287 766
415 866 490 986
185 874 52 994
163 261 232 631
738 874 381 486
625 275 32 867
977 117 50 112
157 975 215 368
180 54 391 469
166 580 120 409
482 677 284 489
178 164 123 209
337 788 5 9
317 526 190 840
142 608 780 945
505 956 896 903
669 651 880 956
615 526 881 981
31 902 208 317
352 96 326 841
174 458 252 441
866 196 666 889
308 971 510 556
953 527 352 748
275 407 657 912
260 910 265 622
562 894 288 979
59 121 112 657
579 653 802 810
26 199 297 342
841 322 85 641
938 511 119 278
921 312 92 195
359 50 368 792
369 142 379 578
209 197 499 776
327 145 15 460
551 441 124 329
228 304 652 664
79 383 40 674
791 434 433 928
549 649 396 585
518 434 206 973
836 231 12 876
15 790 612 822
398 178 945 968
776 98 492 986
661 465 297 738
505 916 472 980
260 352 265 760
660 869 495 676
104 536 403 576
668 565 732 956
987 901 180 769
178 548 107 629
796 770 646 774
796 195 534 777
437 96 279 722
972 204 318 945
241 200 196 774
99 91 401 828
4 265 32 259
438 869 58 197
756 22 90 299
163 940 613 614
59 736 382 938
693 59 818 876
902 867 23 957
492 123 348 396
262 546 892 894
661 463 54 431
985 324 78 518
18 225 176 945
959 461 96 704
793 462 917 928
454 423 322 930
732 514 3 650
107 139 415 816
204 326 805 919
286 990 760 992
822 406 582 707
447 494 492 895
234 246 245 617
686 100 656 693
973 148 80 226
877 584 125 614
697 558 115 436
682 38 246 598
708 240 70 727
229 578 80 827
365 797 812 869
451 482 201 928
937 351 649 672
913 636 780 834
418 466 445 742
456 840 662 951
87 713 40 480
131 747 873 951
916 636 637 808
726 928 137 350
464 274 371 708
620 864 346 418
537 767 229 504
864 441 54 259
754 93 229 601
126 881 268 782
111 369 96 231
605 900 111 761
786 743 458 900
78 286 221 408
722 390 141 178
25 23 200 542
972 715 149 787
153 545 124 623
392 463 22 728
711 703 263 318
51 90 348 774
704 540 319 320
612 372 431 711
488 44 202 340
47 974 404 464
245 619 321 858
259 390 286 715
536 138 237 588
577 449 473 982
463 91 412 770
643 353 59 349
969 530 175 605
896 52 487 628
454 206 268 301
722 601 79 168
213 560 770 795
350 29 10 637
138 971 334 781
750 172 434 744
773 25 201 590
96 865 237 663
79 330 472 517
867 862 269 680
204 850 374 751
260 860 639 782
137 559 283 499
422 56 114 983
385 709 629 683
923 728 57 66
692 916 64 205
28 427 28 647
419 795 696 883
567 508 33 286
365 885 772 792
628 910 199 838
739 168 421 451
887 249 276 654
469 558 229 706
89 563 638 672
262 381 393 512
116 267 380 851
635 986 285 661
100 200 114 510
662 328 141 322
244 940 437 510
315 569 180 983
381 926 721 945
99 492 78 847
788 321 117 948
137 781 268 851
484 944 794 888
993 51 619 867
4 57 474 681
296 821 64 698
701 278 193 292
655 521 324 681
682 378 790 794
457 990 20 68
850 283 248 309
883 886 149 821
924 156 425 991
870 865 531 646
949 57 876 976
833 395 153 379
544 281 655 715
645 588 137 188
71 170 565 786
763 485 133 925
989 877 711 933
418 836 218 301
867 291 200 795
466 503 227 951
928 85 370 585
832 289 193 730
559 642 86 959
493 178 177 600
886 446 223 409
576 653 788 828
398 361 167 320
483 39 325 586
601 112 386 700
903 572 303 985
868 195 728 806
186 204 341 730
958 405 611 904
868 985 475 612
159 114 379 473
16 254 131 674
681 477 493 655
715 737 621 733
662 758 64 484
207 110 453 660
154 60 220 678
139 526 505 934
528 820 57 501
917 120 660 950
19 586 232 498
371 496 135 179
539 760 174 300
845 800 246 648
463 153 34 579
293 35 400 793
834 477 146 277
213 900 494 604
310 110 535 810
44 605 379 500
227 801 414 668
170 758 278 797
339 259 212 932
822 669 417 609
176 967 515 888
981 129 462 720
453 923 496 794
843 23 268 794
637 413 464 681
552 915 463 661
610 399 826 860
649 107 445 495
345 559 312 482
149 511 893 919
643 525 98 566
915 565 283 427
707 252 371 689
40 676 380 389
484 376 759 947
188 267 252 359
105 718 219 726
962 677 425 701
451 73 374 569
864 323 431 563
627 129 387 677
395 20 394 419
560 508 141 899
472 350 119 478
966 672 108 952
987 468 10 148
209 996 212 993
602 420 407 828
220 806 302 515
85 540 218 536
625 889 256 524
568 699 644 670
697 4 338 881
142 267 371 510
540 227 239 641
83 406 779 993
192 536 389 983
851 963 444 813
947 903 153 417
696 552 24 576
267 308 881 909
374 617 364 620
110 502 204 617
965 187 26 556
347 59 714 871
276 738 508 617
251 237 114 948
618 126 499 920
669 444 572 602
31 766 159 625
600 630 620 930
180 379 259 604
405 790 62 469
206 389 463 629
717 843 8 375
810 753 397 643
489 553 676 833
697 362 442 568
275 840 90 302
333 355 152 426
964 774 561 691
620 684 483 847
735 772 188 507
713 962 40 664
887 61 302 919
727 222 91 694
563 244 416 788
438 483 202 766
106 882 220 636
461 130 234 431
947 397 25 806
576 994 46 677
454 204 156 249
2 669 113 712
165 931 715 969
478 49 408 611
149 770 91 842
931 269 728 778
44 510 42 984
367 266 222 842
479 541 172 870
375 927 36 808
179 192 417 847
306 381 904 986
40 88 352 968
729 303 178 305
841 798 96 639
278 273 541 841
102 982 71 979
341 89 586 593
746 378 638 954
372 657 387 921
896 444 362 834
758 528 880 918
118 197 3 519
306 433 201 314
865 817 351 831
400 149 285 328
711 876 730 873
785 909 381 535
192 621 11 506
782 91 598 686
729 627 492 563
419 370 473 969
152 245 194 549
633 601 145 281
807 721 32 136
205 716 89 498
84 548 213 569
545 556 334 843
487 606 522 651
799 143 233 469
35 912 351 807
989 106 727 910
861 341 521 817
68 89 3 693
386 527 355 789
843 791 123 478
310 242 126 920
673 915 280 991
998 950 678 686
767 720 676 798
513 919 283 880
645 48 119 239
688 211 381 461
56 670 799 960
145 100 569 847
225 558 37 865
76 20 274 776
822 196 224 819
960 898 466 645
428 388 22 601
119 837 264 715
634 96 123 715
154 457 416 510
86 711 171 762
647 74 846 960
43 176 102 217
693 368 142 352
876 752 215 251
865 776 42 829
971 653 429 674
813 724 767 908
713 821 846 954
480 128 54 473
882 855 400 992
315 570 225 351
124 596 655 966
950 392 643 664
150 681 445 478
462 568 307 523
856 594 23 217
49 354 361 870
970 528 523 556
267 354 739 786
349 180 519 595
991 815 159 292
774 359 610 796
902 688 182 480
932 231 191 537
618 226 378 546
286 808 316 320
551 671 732 930
713 298 359 367
207 880 779 796
112 808 76 980
891 591 372 814
656 899 398 455
753 370 23 912
12 514 588 974
681 225 956 985
642 808 32 788
785 246 140 540
245 502 72 152
153 653 723 979
513 489 792 879
70 69 345 709
631 523 182 539
166 907 497 757
374 38 323 398
771 292 692 952
226 289 25 417
331 16 492 982
680 266 128 548
899 678 451 983
761 78 688 943
559 269 300 944
868 806 361 642
140 175 208 436
221 125 631 761
744 760 125 312
555 368 406 743
383 454 418 859
232 81 140 743
541 528 133 517
580 524 133 542
543 551 327 526
134 37 769 778
436 867 412 518
397 651 170 752
496 290 69 222
893 850 27 692
571 611 435 744
598 906 484 774
225 453 645 752
236 807 432 999
37 469 717 738
585 379 146 384
490 861 283 633
670 850 844 915
575 729 177 719
648 772 34 735
624 830 95 514
263 882 155 399
916 879 659 787
989 269 329 440
268 680 613 717
346 905 82 792
191 992 446 688
128 470 144 245
242 293 515 997
563 414 140 908
649 427 377 950
573 73 183 569
988 233 371 595
26 173 65 556
487 454 270 948
235 50 237 603
136 587 33 442
793 745 732 968
89 991 334 379
45 686 31 759
62 281 744 787
467 848 696 805
706 326 678 908
136 58 840 854
398 887 209 588
686 29 462 729
209 400 428 465
879 28 40 841
96 733 502 777
964 596 68 335
500 783 362 410
506 588 90 759
616 617 765 776
251 895 541 952
566 523 39 499
903 614 673 738
593 705 78 769
393 98 375 429
168 564 297 429
337 283 318 716
609 477 748 885
899 898 113 622
400 732 308 915
195 720 397 542
912 806 408 812
721 790 121 741
614 501 153 993
20 633 445 507
226 524 432 708
942 831 384 518
436 6 797 807
410 993 160 481
980 71 373 628
572 49 297 492
879 42 259 751
560 25 853 920
604 73 266 1000
865 914 79 550
771 995 163 899
517 64 24 569
720 951 219 652
828 513 124 691
6 963 117 956
442 45 117 845
381 906 491 557
868 368 446 629
342 507 65 722
420 670 264 619
678 875 137 144
734 26 193 530
740 774 493 819
640 538 129 297
368 309 222 550
179 860 67 818
482 954 619 730
975 769 242 328
360 874 450 884
38 717 236 749
556 310 400 945
271 914 317 702
180 412 402 691
626 336 75 166
47 227 351 365
904 173 651 815
781 775 270 630
640 701 682 794
521 27 829 978
389 221 403 971
315 359 5 866
995 721 29 960
637 516 816 909
104 172 139 624
711 460 351 569
263 917 287 491
488 473 337 347
431 457 171 889
203 781 108 609
644 11 23 847
390 574 335 701
848 670 509 984
136 693 223 719
646 588 173 891
123 460 286 325
803 646 356 742
701 100 508 742
894 234 115 699
859 921 194 335
382 324 360 466
423 7 907 940
754 813 620 955
259 430 18 110
110 167 196 596
552 133 175 882
686 794 160 181
480 486 363 800
412 183 282 911
692 169 86 717
511 787 300 380
90 501 133 771
535 830 168 735
298 529 173 206
10 696 64 967
110 194 349 963
999 334 613 658
897 698 39 386
543 153 175 344
691 719 932 980
856 215 399 768
149 509 648 850
598 143 272 824
153 998 129 409
328 50 45 724
111 962 142 995
456 976 25 213
372 987 266 305
610 759 245 889
312 429 190 641
396 20 375 646
769 839 17 828
893 947 111 966
518 331 25 736
118 855 323 479
365 195 329 518
909 98 561 798
275 659 168 583
300 752 16 291
665 67 656 726
557 636 814 930
620 905 309 990
474 654 101 301
340 42 24 296
387 163 130 782
550 279 328 769
655 41 74 215
961 784 128 486
23 387 826 956
136 298 459 483
368 372 666 780
256 40 94 107
802 536 461 778
368 87 170 249
38 984 500 542
648 642 463 490
189 294 344 475
123 3 530 752
892 633 475 654
44 218 351 972
777 544 665 685
840 426 159 750
801 69 148 226
124 578 840 999
901 442 488 594
795 808 769 965
757 313 211 389
620 17 32 50
192 626 102 242
64 334 485 581
882 550 13 900
309 987 131 172
601 579 485 731
553 791 433 740
175 787 816 888
730 872 360 983
710 442 401 878
700 495 489 565
393 698 105 159
844 840 350 619
368 798 45 893
720 370 2 774
768 311 399 922
132 987 571 743
959 238 79 280
493 524 383 400
469 439 13 246
876 247 545 989
855 711 41 489
482 932 477 607
991 35 298 981
600 803 66 299
849 969 217 261
259 55 191 504
896 860 454 848
919 951 43 652
622 634 370 797
542 516 478 789
581 138 17 846
274 659 893 933
542 667 449 637
823 153 475 786
1000 103 857 929
303 276 111 440
356 280 514 563
973 72 694 908
518 596 277 629
827 136 69 659
558 576 451 943
422 536 394 796
311 131 255 351
696 4 41 411
498 448 147 398
785 781 38 129
11 77 35 428
976 605 757 767
532 529 18 903
53 124 407 945
493 880 831 916
220 704 359 962
752 218 310 436
692 943 187 545
3 471 341 736
816 454 800 953
113 83 618 749
291 392 35 371
45 284 250 726
638 996 434 992
996 154 702 710
594 932 367 518
692 538 712 916
496 517 120 558
510 913 868 962
55 45 3 143
273 683 730 865
130 259 118 507
88 4 577 770
258 714 380 959
575 194 315 449
716 185 397 480
176 950 90 265
834 515 165 380
29 102 17 290
149 280 26 34
60 412 817 944
716 439 530 947
511 925 19 905
565 716 113 688
143 780 408 411
872 763 246 285
722 924 515 629
860 341 119 201
212 126 555 904
856 592 449 640
300 824 383 565
185 231 580 704
501 800 410 748
805 906 495 958
96 425 196 306
657 256 427 633
602 217 128 719
735 212 387 945
290 760 445 817
772 907 248 779
519 613 937 977
261 156 510 759
278 700 9 230
266 839 524 564
424 796 383 403
89 680 258 638
494 182 274 391
402 856 265 766
909 198 496 647
911 581 502 944
600 461 338 545
930 321 271 630
786 739 543 738
551 571 494 883
728 42 772 913
200 196 121 877
741 314 297 337
483 174 739 821
680 218 259 649
175 205 243 453
382 912 183 815
84 73 240 628
279 353 70 467
328 819 249 438
497 672 558 916
230 744 728 895
288 339 322 783
657 62 326 505
555 405 68 563
110 476 157 601
577 874 808 846
316 341 341 898
769 356 73 886
353 126 274 835
464 483 393 642
592 774 168 585
257 265 139 949
854 216 314 427
398 424 250 563
220 754 98 359
107 991 199 625
885 198 122 569
422 918 781 785
271 706 184 197
405 238 113 411
389 5 326 713
82 326 95 742
109 263 327 716
507 180 285 532
530 225 162 536
712 219 569 941
148 337 300 660
130 7 70 144
897 503 352 479
271 478 125 775
394 811 311 501
43 682 224 389
958 11 577 698
154 839 375 946
24 814 647 719
419 445 553 691
625 82 350 548
664 554 169 227
476 807 399 448
147 849 105 946
462 793 48 60
537 366 799 961
590 284 360 653
753 304 59 131
399 76 302 835
487 924 238 533
619 9 33 814
112 611 429 658
224 520 144 832
460 32 225 314
605 787 254 542
10 818 453 797
701 614 168 854
192 581 749 861
384 734 759 941
521 369 173 203
957 460 887 974
854 765 61 776
364 791 577 948
212 454 203 636
589 382 444 552
485 205 473 992
774 36 16 447
790 940 46 747
793 730 272 433
447 732 259 259
342 526 111 997
335 336 358 914
170 101 479 854
831 146 56 139
692 41 131 703
700 233 327 372
91 511 929 944
47 514 719 789
971 359 157 760
895 912 77 732
778 248 8 157
37 821 175 667
483 942 751 764
559 62 202 215
491 424 567 986
832 48 156 520
334 168 452 630
835 790 215 790
460 475 95 235
389 983 392 762
378 479 450 860
235 381 96 498
463 116 901 908
948 343 259 473
969 74 301 862
334 481 866 975
199 500 651 716
328 17 616 998
293 37 285 846
364 663 135 713
835 585 305 969
901 490 380 778
297 14 427 805
44 552 661 963
386 975 671 995
185 779 137 879
494 831 211 694
236 955 730 942
817 715 589 906
256 442 66 90
148 667 633 709
246 694 828 831
14 824 19 744
465 463 265 277
624 687 103 261
861 77 658 967
11 540 372 557
128 101 69 551
911 223 597 814
447 195 339 362
127 555 247 528
181 7 106 270
595 929 122 633
701 497 870 921
905 728 15 574
983 171 479 657
796 500 154 337
880 324 392 784
993 41 352 652
738 534 151 688
843 858 115 314
587 351 673 840
364 790 622 701
235 305 336 663
705 917 594 843
454 125 76 97
525 278 147 518
868 328 389 653
446 327 128 215
305 137 519 877
600 507 3 763
142 37 4 255
224 800 457 522
613 127 576 636
437 615 340 443
118 843 326 740
605 919 485 963
363 557 290 301
137 86 946 974
511 996 275 512
214 548 338 857
626 452 146 644
638 955 462 764
388 252 274 399
985 221 273 716
434 30 595 753
262 537 500 892
691 909 103 262
535 143 181 189
803 846 69 624
362 426 377 513
17 25 250 273
429 689 316 371
964 356 167 670
462 765 105 175
382 886 400 403
365 505 630 636
142 115 363 722
542 36 202 832
921 46 302 631
525 623 382 457
474 47 444 816
353 896 160 543
728 491 271 798
644 195 23 762
887 466 183 187
917 783 863 899
287 765 165 984
538 730 418 879
20 811 409 800
595 320 442 542
226 100 478 983
126 972 47 985
529 265 268 558
380 756 689 963
310 886 17 121
213 786 574 786
344 709 517 814
298 956 578 902
927 40 850 931
548 690 317 456
725 706 64 953
66 692 57 480
483 86 266 654
934 902 271 284
187 452 419 813
410 238 237 822
440 20 599 947
406 45 576 720
635 883 250 724
670 521 566 866
942 273 177 222
744 875 99 226
286 381 239 441
602 335 344 885
238 337 259 966
849 671 738 932
204 779 493 657
514 372 185 423
359 877 367 375
738 154 697 908
549 588 254 822
134 74 380 532
761 379 501 983
191 84 103 293
849 660 49 99
848 555 399 419
882 679 487 779
311 888 7 299
896 708 423 759
214 105 364 500
825 904 634 835
522 972 88 380
85 386 598 631
885 21 751 921
631 674 1 850
770 579 777 917
286 869 295 853
342 778 150 601
828 608 22 86
948 332 885 935
576 123 102 478
79 786 219 933
244 465 914 968
817 833 270 394
415 301 895 899
142 244 917 953
259 478 22 415
935 956 379 802
101 972 595 776
144 836 373 915
975 699 329 378
382 705 218 700
585 105 389 783
188 282 126 390
4 428 410 531
268 768 81 242
963 9 169 404
302 994 80 891
832 32 139 486
333 147 69 969
261 681 179 222
312 342 293 706
960 726 964 971
124 499 235 474
306 226 109 449
279 275 936 988
286 135 666 725
540 48 83 374
794 322 305 468
903 320 412 897
441 697 378 577
758 221 760 780
871 894 488 976
534 196 68 745
11 229 595 659
806 373 15 320
820 461 145 995
691 550 642 792
891 219 343 831
306 223 330 871
672 828 111 233
225 576 175 339
185 661 741 762
160 904 415 905
841 82 625 936
527 515 532 785
396 502 157 694
192 731 281 821
98 66 101 978
422 292 97 425
840 11 18 538
16 77 542 683
477 790 372 867
644 791 133 339
498 648 389 398
658 986 273 650
941 455 124 943
42 524 567 943
765 236 87 467
689 406 272 311
893 42 171 545
905 702 8 233
804 506 85 742
902 157 380 870
853 652 169 524
44 956 456 589
453 347 207 286
784 26 255 869
905 39 597 752
550 209 84 618
905 298 536 820
331 614 21 601
722 30 83 474
341 466 47 387
607 127 97 772
938 813 490 636
263 772 202 865
919 511 243 983
89 544 273 577
426 39 152 805
480 996 38 455
964 776 242 499
688 376 36 816
433 611 766 922
602 739 579 803
670 877 144 538
356 763 633 793
723 888 622 772
837 221 650 694
960 580 451 479
26 196 443 536
166 60 436 445
578 812 232 456
983 194 463 826
235 463 615 815
404 706 571 958
433 280 253 276
528 647 431 747
966 814 677 706
490 514 871 936
674 770 48 787
256 746 200 917
904 918 246 790
1 779 386 658
925 197 153 213
893 389 54 264
580 430 172 347
410 561 701 861
184 991 274 693
780 706 584 657
102 223 378 507
720 642 199 539
496 406 530 651
420 411 84 357
421 613 193 258
649 639 3 83
873 802 19 618
918 855 126 411
357 141 60 670
869 931 193 763
286 623 219 963
465 528 682 963
827 721 161 463
73 251 117 799
811 990 344 857
252 30 521 603
995 234 120 999
903 88 666 755
259 119 479 633
463 753 211 720
282 866 333 853
980 277 905 938
884 978 564 910
238 780 691 779
469 777 496 594
587 401 31 425
982 915 229 447
758 762 536 706
324 903 271 553
754 885 699 757
482 153 4 670
837 762 338 791
478 959 62 831
766 910 719 889
843 380 148 585
669 335 145 521
501 966 179 943
381 535 35 562
859 858 125 501
636 342 249 882
385 865 141 603
249 641 90 587
185 740 520 752
292 254 885 886
886 30 107 338
329 587 152 552
675 550 404 843
961 936 33 997
446 752 716 875
308 705 419 710
871 999 434 720
545 194 251 842
633 12 439 908
291 4 204 853
206 604 647 654
478 559 234 353
328 101 923 979
293 733 105 821
774 768 81 554
946 75 837 943
91 910 668 832
290 650 170 757
735 294 177 255
777 105 524 587
438 958 201 295
854 163 173 560
692 505 190 462
638 384 61 317
966 468 8 142
648 688 271 343
621 419 122 345
449 849 60 383
545 62 552 816
281 876 549 997
188 668 178 712
139 979 332 430
32 888 285 806
321 578 669 718
534 102 161 827
152 667 63 529
208 253 758 804
455 677 47 653
857 274 299 324
343 861 483 737
900 67 66 100
93 169 559 770
378 239 488 702
161 487 102 915
500 673 487 573
914 122 530 757
520 367 54 267
254 414 309 383
326 876 603 695
136 389 481 589
381 111 200 797
909 450 185 373
540 242 833 851
529 202 321 641
840 905 454 588
953 630 65 80
581 971 79 948
432 36 452 974
864 664 546 918
18 308 22 994
315 929 128 912
302 360 44 120
868 545 647 939
316 792 524 576
364 638 252 333
561 161 39 895
186 936 692 755
315 535 439 946
316 302 130 338
762 369 109 604
12 847 177 250
958 138 582 733
774 178 715 783
344 555 52 229
364 155 172 375
334 661 759 961
461 865 290 739
490 549 340 487
933 387 502 922
921 1000 802 804
821 320 172 517
864 830 814 830
869 990 393 932
818 337 164 506
833 679 623 882
248 840 560 965
866 273 562 730
601 909 99 728
1000 178 476 660
335 594 160 752
98 466 161 633
693 612 59 590
704 772 552 879
223 210 59 368
868 584 277 588
409 176 269 717
406 234 288 732
344 236 43 776
22 42 221 968
43 937 119 538
373 829 421 721
887 924 352 612
490 207 496 614
675 443 731 787
910 862 455 973
951 794 124 844
508 338 97 898
566 398 234 517
294 671 59 793
967 153 352 623
376 589 1 937
291 715 716 995
872 887 4 551
157 427 103 659
819 35 413 850
22 658 279 888
16 17 212 540
32 433 839 869
289 900 53 715
581 352 446 821
919 676 627 815
231 990 420 802
791 430 454 745
171 135 113 965
410 31 556 570
185 470 231 985
60 108 59 822
929 544 81 936
265 267 357 880
403 197 264 447
179 147 246 767
691 895 245 778
710 157 705 801
382 795 304 853
963 456 726 806
624 754 856 939
84 32 177 794
420 889 244 314
689 516 351 708
595 768 20 938
849 737 367 464
850 765 352 636
19 860 89 761
460 634 502 941
434 374 291 578
461 893 759 815
176 105 421 813
626 193 148 830
590 912 147 500
129 413 646 907
724 708 746 752
566 915 315 660
233 963 275 904
924 989 516 952
524 917 686 976
151 275 253 422
972 313 465 850
220 643 274 813
701 575 366 758
974 768 126 763
784 2 112 405
567 459 579 587
700 747 61 576
32 577 445 701
541 34 431 826
352 275 173 419
777 344 666 894
430 140 702 922
349 32 74 676
518 752 296 733
483 193 150 709
995 124 799 853
895 391 95 119
858 441 761 876
995 242 840 981
940 559 78 91
280 770 66 328
649 732 224 733
368 838 94 833
982 134 46 880
19 963 145 389
665 817 188 351
37 281 99 761
552 914 275 541
193 485 124 410
806 31 77 332
153 80 27 81
991 975 363 761
931 427 605 874
900 218 952 1000
587 614 218 884
882 712 370 696
702 405 341 929
413 994 560 747
687 133 508 881
908 837 85 347
118 667 678 880
109 29 338 509
108 296 170 584
878 296 125 554
192 664 719 972
927 734 285 561
311 679 229 566
824 634 38 276
282 676 47 841
582 989 383 517
554 958 239 643
310 547 138 743
153 277 516 844
670 767 466 739
462 689 75 902
340 626 469 948
884 740 715 850
302 820 490 778
503 895 492 776
520 555 102 599
561 661 427 911
513 759 336 808
958 895 484 599
365 259 260 856
983 408 93 984
1 207 60 712
214 55 8 30
891 760 600 884
809 178 233 488
927 862 552 964
459 429 358 534
894 739 318 390
887 747 734 986
829 624 145 327
118 447 377 680
560 69 663 864
690 225 184 517
899 154 154 505
604 122 448 784
285 813 303 963
93 380 323 734
142 504 772 872
224 452 198 917
877 444 49 827
928 352 252 903
210 675 121 590
318 957 120 545
512 289 203 923
36 816 125 260
894 264 178 979
959 551 219 644
93 462 494 775
767 919 355 398
578 552 315 479
805 188 90 354
918 767 4 26
137 555 375 861
150 671 334 910
929 960 197 347
787 351 296 934
102 785 225 371
158 737 392 728
709 618 863 886
950 95 210 708
647 486 7 887
210 61 110 562
111 672 36 443
538 995 94 211
664 532 136 232
913 832 426 558
951 537 201 989
379 54 23 346
801 70 153 786
844 898 71 245
962 412 438 903
328 413 607 846
762 729 311 705
345 513 703 957
748 817 617 976
519 757 819 867
760 800 247 573
146 193 260 863
964 6 58 140
185 212 162 419
64 727 362 598
90 53 218 973
299 672 480 568
924 276 772 857
870 459 517 918
492 255 131 354
90 654 405 918
572 507 83 148
938 489 400 412
874 445 502 580
656 576 433 803
76 990 289 519
705 649 209 544
123 307 427 569
689 616 51 735
998 826 206 208
840 958 739 896
332 619 894 997
262 841 209 824
565 156 284 423
425 119 39 411
831 432 255 370
314 806 326 487
387 470 15 575
255 455 714 997
199 256 774 937
672 353 182 198
256 201 109 264
924 367 746 821
263 380 363 906
956 801 412 514
666 865 879 919
686 620 242 598
351 705 149 416
943 975 627 809
938 242 315 424
284 34 493 704
337 718 272 450
219 756 78 771
109 368 151 790
196 381 210 951
219 491 792 891
209 102 460 526
971 319 157 450
31 578 431 759
276 826 452 575
911 727 573 616
906 61 411 793
999 461 715 786
61 929 213 479
921 880 157 995
413 861 294 979
690 740 171 718
746 244 371 867
570 913 934 962
474 10 197 441
603 921 111 121
601 323 319 372
272 587 474 872
141 870 34 766
138 288 152 728
615 862 232 344
402 298 681 806
12 495 895 985
5 236 759 915
531 277 602 633
290 671 221 301
459 325 37 908
261 549 310 460
822 462 369 611
162 210 280 771
787 718 32 997
432 409 469 535
370 593 570 645
114 948 330 348
689 313 82 647
415 230 396 597
863 110 184 879
446 287 46 984
661 482 221 441
140 617 834 861
197 272 107 525
941 464 147 510
260 381 136 523
177 17 656 973
383 885 577 885
919 353 121 638
358 341 500 508
758 892 89 386
738 112 89 186
151 512 7 193
777 613 738 857
387 468 80 507
960 707 237 557
963 721 7 259
683 345 894 925
321 400 504 786
103 313 52 231
580 921 342 924
623 661 42 780
564 69 379 391
242 320 431 579
171 522 386 683
30 413 467 482
191 209 217 443
118 856 10 713
295 74 214 229
623 207 220 320
225 210 1 812
730 442 712 757
760 680 308 792
631 647 656 718
693 782 643 928
124 398 191 872
871 931 66 676
484 935 207 595
346 848 47 884
609 117 420 642
816 215 857 999
578 540 943 994
816 527 724 955
487 123 38 689
603 416 409 686
808 951 210 917
238 353 297 797
635 118 204 723
182 241 100 462
832 881 72 330
596 96 636 648
511 464 500 943
646 697 122 737
284 444 511 614
319 824 811 961
419 776 677 962
662 453 442 781
365 152 729 820
891 73 161 229
121 582 960 992
518 104 153 422
