1000 5000 1000
879 642
721 4 615 637
400 261 258 562
729 692 163 650
994 244 83 683
93 146 204 687
681 91 566 790
299 264 676 950
360 976 124 145
369 911 217 985
40 735 255 435
409 704 554 798
848 727 18 835
106 209 554 755
394 680 24 310
974 513 483 691
970 565 313 610
767 794 317 709
891 396 90 230
806 828 337 785
305 745 507 509
933 75 631 645
979 658 654 951
413 339 250 648
889 629 78 108
402 817 594 706
907 246 290 500
516 717 652 991
541 139 661 928
639 536 424 942
463 903 321 935
356 499 247 893
507 743 125 943
280 661 451 735
943 669 304 996
137 607 75 305
71 242 360 746
650 779 76 686
628 989 582 773
170 957 157 828
37 850 113 849
501 534 101 759
301 205 898 979
568 850 547 862
207 320 107 228
422 980 34 796
547 321 210 784
552 65 651 780
275 132 179 205
641 478 284 693
884 173 31 457
727 875 296 546
756 984 212 242
158 434 103 106
977 369 538 679
889 408 281 556
861 93 575 760
432 452 232 914
460 643 641 901
198 44 73 965
458 73 502 877
73 724 76 358
131 497 81 775
813 808 263 370
516 367 627 711
241 706 482 958
549 253 298 503
301 924 682 894
664 517 584 648
718 422 496 579
295 899 70 187
418 991 499 817
781 751 302 802
853 937 955 964
415 371 2 681
88 469 371 644
745 662 222 750
842 831 501 898
822 118 343 570
658 406 725 990
735 962 880 976
49 735 537 649
673 116 304 661
769 613 650 766
748 580 224 936
318 249 647 917
983 676 228 758
421 713 186 340
201 607 454 848
496 803 109 847
13 710 434 446
60 770 755 887
784 835 396 485
611 283 4 321
182 294 133 604
779 426 317 808
945 893 294 956
424 480 816 846
534 694 304 320
955 748 647 783
658 244 845 967
301 692 79 193
34 211 339 509
911 219 248 402
363 540 83 796
617 30 188 882
191 479 456 795
430 569 426 813
234 87 538 900
154 260 207 382
808 104 146 499
207 389 645 720
152 430 709 941
191 229 79 849
854 753 970 994
568 706 51 819
44 306 437 983
247 214 426 907
734 101 521 694
41 983 51 233
473 475 427 450
687 734 315 319
488 231 235 587
608 218 90 768
626 174 544 557
640 670 596 647
669 395 158 276
724 84 469 612
98 208 144 785
951 733 186 741
938 253 842 977
427 311 293 344
109 928 287 888
102 617 237 829
630 956 383 492
134 751 360 907
55 594 513 592
330 387 768 835
826 734 11 380
940 796 77 410
534 886 54 443
386 936 678 732
687 833 705 924
518 131 100 541
247 565 256 874
652 553 310 946
73 956 399 895
934 963 294 944
409 529 382 652
557 952 460 660
726 568 339 679
974 221 417 602
572 783 585 738
521 290 96 938
522 712 230 668
815 365 296 468
7 60 284 697
865 25 496 682
569 194 311 900
103 795 431 797
25 115 434 963
405 655 142 293
177 292 906 968
797 10 10 231
903 930 447 566
679 672 398 725
954 338 315 418
341 989 665 713
288 341 953 962
26 285 549 557
562 827 314 966
4 466 2 181
243 845 102 586
959 731 405 595
891 918 230 643
470 48 19 393
312 579 84 313
553 254 257 426
685 466 310 734
6 374 299 945
260 739 253 748
791 46 224 603
870 944 493 501
796 734 421 502
382 932 277 789
93 732 93 550
122 915 315 531
270 872 46 758
518 222 26 58
464 208 218 370
434 904 299 446
508 887 455 791
176 864 608 645
986 910 71 117
706 815 58 343
53 431 428 895
405 1000 6 50
601 809 113 639
621 266 181 974
716 657 95 726
310 790 522 923
397 726 569 571
338 471 151 986
206 593 93 371
358 768 348 671
845 751 654 657
761 558 299 345
658 889 848 992
868 395 196 779
711 869 143 733
408 427 588 685
410 133 109 890
326 79 253 954
584 74 483 858
147 560 417 512
585 170 444 708
426 172 38 338
230 566 607 667
326 387 515 778
339 119 654 825
974 676 442 839
241 829 391 700
56 90 143 670
827 34 73 381
58 687 374 1000
668 663 87 599
671 992 239 588
248 387 334 356
122 809 376 389
607 486 155 440
644 881 919 975
526 832 750 996
839 62 727 797
946 477 939 996
452 932 83 835
480 927 339 523
929 17 302 345
722 368 267 532
200 66 192 965
550 760 236 836
325 182 569 937
796 951 89 248
980 918 28 667
414 678 99 577
306 881 216 899
815 632 48 179
267 753 133 338
86 543 59 459
531 127 163 899
651 577 153 591
855 992 447 997
319 230 89 937
74 258 53 386
788 279 342 810
114 201 264 722
399 285 167 329
894 323 25 563
353 616 179 429
568 691 161 917
654 946 33 526
357 481 287 736
756 698 66 242
91 94 624 796
277 976 445 854
721 919 45 315
146 97 229 846
214 555 368 632
275 979 442 552
716 33 644 930
132 248 119 990
331 409 51 205
644 161 312 611
630 885 520 911
483 107 12 86
817 484 475 895
85 714 589 623
520 191 507 937
766 375 556 852
321 388 193 634
857 269 480 693
477 332 286 868
121 855 153 421
771 443 822 950
595 112 51 60
53 153 272 841
637 761 198 570
838 101 432 875
168 97 488 545
273 554 445 924
31 36 630 875
897 15 66 202
921 462 546 703
863 122 131 685
592 14 448 806
745 110 671 925
872 964 537 775
586 300 568 661
595 969 306 878
602 301 408 463
702 55 435 814
845 877 517 807
637 388 361 401
153 732 8 99
623 16 596 972
931 756 296 385
613 23 428 970
666 664 87 304
445 253 180 800
570 308 934 935
278 39 333 528
444 395 128 315
435 194 81 222
659 760 662 931
608 831 813 852
133 830 84 616
795 477 94 424
342 427 431 793
417 319 342 816
660 598 140 847
845 368 712 712
815 736 723 803
932 788 144 341
816 827 502 886
233 608 19 849
502 350 272 652
292 600 361 830
753 964 510 868
767 121 208 783
504 849 255 904
169 328 306 311
918 275 186 630
696 287 516 958
463 754 205 435
973 141 898 949
195 889 92 795
512 701 74 152
231 886 68 294
346 499 169 215
265 528 231 334
627 635 17 472
992 306 44 654
906 481 93 200
464 296 751 948
483 627 370 436
736 359 143 774
440 308 106 890
653 157 388 908
948 884 240 590
221 559 158 598
11 874 95 353
874 980 384 705
57 464 144 276
819 327 327 557
685 364 301 598
805 283 73 916
460 404 434 562
901 832 717 892
827 257 22 933
288 52 695 793
127 249 746 858
643 445 787 833
185 300 386 758
448 260 52 551
167 662 123 541
398 551 189 978
209 252 273 428
178 982 132 332
831 80 117 733
41 734 552 892
319 478 389 397
996 204 127 984
30 571 257 810
917 573 72 496
76 703 184 658
561 742 137 453
956 370 123 868
297 575 79 874
459 487 111 191
351 868 229 723
639 760 198 928
476 973 78 358
713 253 517 846
288 541 444 768
510 253 357 490
923 420 140 841
475 917 167 863
314 366 7 868
321 254 154 222
109 809 100 198
118 449 480 671
203 658 486 629
980 657 340 825
922 737 277 938
551 925 48 590
114 246 63 112
165 59 759 890
811 362 387 753
902 887 257 347
664 883 426 669
759 534 338 473
41 662 654 795
802 81 92 520
543 410 557 781
478 162 28 516
724 340 366 756
241 888 366 386
925 38 479 938
248 750 529 722
507 890 185 311
179 7 297 469
215 380 504 578
166 439 171 488
58 567 595 834
382 220 312 596
884 114 520 664
141 136 306 990
761 278 79 666
194 291 59 722
424 412 262 524
534 970 607 995
248 633 638 639
189 335 56 783
689 493 655 939
379 199 340 787
670 673 584 774
928 193 822 944
131 960 152 180
26 274 159 620
854 20 190 883
252 663 83 380
719 770 247 854
281 993 775 816
732 462 500 635
852 633 288 544
548 985 650 690
376 941 335 613
697 210 339 369
38 429 487 583
412 678 539 934
354 652 109 657
772 352 95 911
944 969 802 905
854 615 856 942
695 188 721 826
736 247 270 748
600 504 325 738
473 607 238 511
275 78 276 532
619 858 528 658
604 52 516 849
503 646 352 735
977 809 357 449
887 488 328 799
145 77 217 929
800 299 297 550
140 924 31 281
781 191 74 878
395 275 400 665
36 389 53 536
375 241 327 635
557 884 262 685
145 355 562 658
361 204 351 965
307 156 97 892
890 299 473 697
709 358 267 423
204 475 863 897
837 349 681 690
426 631 443 961
759 569 197 875
139 591 26 546
260 919 102 387
71 218 79 968
551 717 154 531
482 121 241 420
578 889 453 755
92 206 827 839
461 2 351 525
266 986 640 783
70 493 88 349
468 621 491 518
68 915 713 858
623 835 501 842
8 335 144 946
153 499 240 483
268 66 755 979
915 409 57 978
604 757 869 952
186 984 31 549
159 505 368 489
117 917 82 126
574 41 116 333
815 561 570 890
682 254 230 930
293 725 46 569
926 262 203 251
80 831 106 769
266 13 226 399
192 879 510 972
825 910 725 740
501 478 390 928
950 284 93 432
275 255 522 925
664 625 202 913
824 361 51 128
737 363 653 937
715 370 713 831
694 634 489 699
989 866 559 985
157 934 510 955
188 137 9 235
827 745 697 724
742 949 794 817
278 245 205 398
480 100 284 790
483 1000 440 456
573 511 202 819
659 66 304 941
238 940 902 951
582 322 470 929
910 32 230 643
983 928 636 995
396 271 235 813
56 764 708 936
732 618 207 481
226 867 36 83
720 569 204 489
105 671 35 866
104 994 1 450
877 307 12 69
783 780 586 742
809 226 211 830
618 929 138 215
904 578 43 226
783 320 47 692
269 713 590 670
625 132 475 576
615 604 276 315
286 218 434 540
104 94 139 328
482 768 135 829
521 867 111 468
61 28 564 789
703 143 646 731
883 799 411 831
285 196 836 982
111 929 410 682
60 918 21 233
224 57 37 118
677 815 731 736
931 397 316 444
986 42 372 478
698 453 491 625
61 277 66 373
793 167 190 352
815 521 71 789
556 160 455 587
180 182 405 946
165 398 56 708
15 133 85 663
253 824 542 742
257 786 323 477
582 260 74 566
356 605 372 890
444 126 33 774
690 889 8 77
554 362 809 888
503 121 156 334
16 251 871 987
846 635 167 757
344 723 408 453
208 882 116 662
632 104 323 495
737 97 299 991
702 233 638 993
476 748 515 848
480 302 605 847
591 774 289 627
876 778 78 250
358 190 17 23
202 299 534 738
591 389 289 293
497 486 25 850
260 81 787 918
186 182 79 135
292 606 805 957
156 785 94 961
920 65 31 90
701 959 92 266
504 548 79 624
763 197 340 394
442 510 858 862
562 426 17 859
640 252 194 350
17 87 218 760
34 300 118 683
305 894 247 700
813 428 104 443
576 779 566 986
337 977 176 771
52 377 304 522
193 160 419 610
743 758 211 540
509 970 119 872
545 35 203 596
403 428 238 847
770 876 177 840
430 930 442 945
49 947 75 137
958 567 21 656
97 770 393 929
702 426 628 671
74 530 120 186
37 63 568 623
111 920 322 430
313 489 589 675
133 168 265 793
88 299 369 665
268 58 420 860
132 775 262 486
992 869 162 580
49 130 386 976
643 842 58 110
608 345 43 400
105 19 464 951
196 430 35 496
251 11 373 598
338 314 815 822
219 546 312 739
897 973 545 795
720 450 101 497
381 876 49 441
322 53 591 932
778 284 53 625
144 858 17 376
472 455 252 306
420 760 401 749
84 347 198 433
204 964 759 942
536 990 688 704
834 291 291 719
249 280 711 949
880 475 902 965
128 608 177 381
976 647 782 974
938 377 167 754
346 210 227 917
712 184 400 511
822 918 231 871
97 131 51 272
877 94 89 379
915 546 79 369
515 551 134 608
759 119 470 927
841 975 596 952
152 332 730 868
837 252 428 437
647 889 765 809
123 431 602 647
264 740 6 255
482 823 308 703
826 211 227 729
552 27 344 373
72 694 572 879
340 506 552 913
936 336 181 978
172 712 231 986
976 163 216 646
271 662 413 482
768 131 51 269
422 284 278 856
13 646 575 640
40 829 29 428
206 225 422 434
583 127 156 949
3 73 162 535
403 494 150 925
803 545 7 42
50 657 186 554
683 633 415 930
534 137 321 772
509 867 488 573
273 171 341 556
975 265 811 895
251 371 254 779
330 260 627 821
451 39 68 901
785 846 62 544
752 228 707 945
921 564 770 1000
300 420 501 638
962 294 601 769
821 927 414 602
398 264 148 230
489 968 444 630
337 122 327 995
698 678 809 991
877 397 107 856
570 194 82 936
967 175 134 776
85 347 753 777
523 376 169 793
483 439 749 974
980 564 626 654
990 31 61 907
111 849 574 811
973 649 374 846
674 51 129 514
358 888 518 842
383 983 419 768
494 384 311 540
766 385 509 765
709 762 854 901
716 790 188 534
442 767 153 399
916 341 235 237
231 429 388 716
865 385 541 871
784 303 401 416
948 477 316 995
40 538 20 335
814 298 67 117
437 762 378 970
391 850 173 367
556 552 264 977
983 225 287 483
951 569 803 1000
247 199 545 899
219 257 188 814
338 836 645 831
357 393 663 980
120 359 471 546
977 665 27 685
151 531 628 837
241 877 611 896
113 889 97 178
279 368 87 367
434 269 455 725
381 691 156 958
131 190 437 612
512 657 241 798
330 842 445 526
538 368 110 992
474 601 143 952
97 987 223 259
964 236 45 474
224 591 35 778
893 235 407 440
694 588 136 813
530 943 323 811
525 901 155 309
467 559 82 589
241 294 594 793
637 366 154 380
329 980 158 496
982 964 184 741
752 915 749 788
177 688 539 625
521 994 27 661
669 840 15 677
120 705 557 996
241 839 694 963
984 648 138 541
487 903 40 454
347 751 160 782
845 430 184 345
500 921 213 647
304 778 319 532
932 347 483 526
495 801 70 601
858 658 397 712
655 90 26 966
363 665 696 861
851 541 37 713
779 468 264 848
947 584 735 847
917 304 389 628
14 123 306 778
468 618 241 909
272 994 281 493
242 509 156 593
210 533 164 926
886 855 311 640
212 701 188 259
403 155 247 445
882 7 163 727
73 368 156 431
285 412 390 555
374 786 190 924
462 277 42 103
100 308 226 632
929 370 402 764
162 295 303 331
347 938 86 648
489 575 524 620
161 846 121 217
37 51 573 680
848 819 529 801
171 803 442 721
312 926 340 960
561 541 776 818
120 493 540 940
332 740 153 468
483 835 771 881
386 848 238 825
363 294 26 244
711 463 13 177
609 312 151 430
14 524 554 596
793 483 579 582
191 114 304 494
287 779 144 580
994 681 644 919
167 433 263 815
767 114 166 510
748 320 267 620
240 365 586 839
872 959 421 923
218 22 278 846
635 719 92 869
448 522 91 146
857 181 645 897
65 507 15 456
465 52 224 651
812 139 226 585
916 548 361 528
652 101 69 102
929 605 321 592
486 353 73 829
103 892 254 956
429 695 34 470
424 103 585 663
518 620 730 997
293 654 411 691
764 948 268 588
458 522 140 860
193 240 333 769
153 645 36 328
880 74 418 597
825 968 113 574
14 815 148 247
56 993 611 679
729 674 592 864
691 399 26 355
748 451 21 994
694 135 375 527
908 579 294 789
996 173 203 213
283 779 676 964
420 986 219 496
925 872 405 969
800 688 248 731
214 97 126 773
579 681 461 654
421 548 73 330
481 623 532 894
393 219 206 515
359 491 149 793
157 494 10 683
927 513 139 508
887 821 61 992
918 819 604 757
868 737 105 250
109 684 109 232
53 383 224 950
818 386 74 521
304 139 102 394
689 794 230 263
692 12 463 834
33 997 78 561
41 2 336 994
555 474 448 493
477 732 256 428
37 506 71 427
898 248 347 621
418 843 87 247
131 56 325 657
773 870 309 757
46 139 513 836
888 883 551 771
41 896 425 557
482 414 379 846
123 713 115 146
641 935 566 759
281 132 590 936
696 686 378 861
962 384 314 618
608 821 47 664
245 419 293 470
898 533 121 924
742 396 333 802
299 346 36 677
342 25 585 883
613 278 9 504
661 72 465 803
674 178 71 860
473 788 812 818
972 120 519 749
449 53 84 299
205 371 840 912
236 494 174 865
991 147 517 646
315 958 118 507
12 17 658 853
62 247 247 807
108 582 328 652
150 175 279 735
236 807 847 914
760 657 516 764
729 146 83 369
75 699 342 728
20 477 589 856
156 891 370 1000
818 656 363 826
664 236 444 773
769 415 417 923
789 927 224 426
787 260 601 996
424 992 656 776
558 917 658 940
879 556 358 425
220 914 656 708
358 850 251 853
851 854 835 880
20 971 575 612
184 987 270 357
708 876 60 497
923 761 291 477
294 985 27 383
160 137 63 305
195 339 545 666
611 580 385 871
784 213 334 845
858 810 394 759
343 694 389 436
320 585 75 308
673 780 122 211
436 23 236 559
723 213 298 495
403 228 247 872
396 363 110 242
891 274 427 590
196 212 330 623
316 914 211 652
558 646 254 433
645 748 238 471
480 58 98 772
199 962 328 734
557 493 224 379
593 157 337 524
643 404 304 750
777 248 615 998
136 413 51 711
134 876 49 720
325 336 347 719
709 295 90 292
313 134 257 972
953 236 786 790
802 387 331 658
808 805 254 425
400 344 527 609
573 109 334 431
198 591 441 770
746 889 229 796
60 923 796 907
953 159 253 409
445 31 268 713
167 497 83 962
622 232 406 420
636 396 634 913
808 571 162 554
326 817 320 509
99 272 88 871
241 905 534 940
79 712 92 403
674 615 256 324
623 781 23 443
294 880 75 275
739 757 132 593
9 809 925 992
247 583 579 626
677 347 665 723
710 741 584 832
108 747 144 486
338 766 710 794
228 198 584 936
489 801 447 599
974 964 282 968
991 488 408 858
230 415 409 427
779 942 213 259
91 415 284 984
196 491 583 842
848 626 122 525
929 377 81 756
340 434 432 883
701 634 692 741
746 348 271 995
773 896 11 940
461 934 574 606
785 15 344 664
431 573 525 551
696 941 402 686
214 586 193 770
389 494 63 795
78 553 99 883
16 342 210 472
631 996 20 194
326 682 749 831
866 924 863 972
2 899 206 654
991 129 633 773
516 723 103 348
81 555 442 455
129 242 625 668
442 475 763 796
450 420 608 713
522 726 357 601
376 688 475 831
378 725 393 961
359 539 149 168
964 550 295 876
675 1 241 494
997 952 149 440
770 335 768 809
715 727 34 162
827 270 549 910
665 556 313 981
422 644 838 871
513 51 64 689
471 349 541 554
989 469 55 293
753 84 405 798
305 259 61 80
938 526 273 530
738 383 396 541
395 186 736 766
668 134 304 530
78 390 146 520
15 1 123 561
404 540 257 669
890 970 321 414
378 70 28 579
316 562 350 444
172 243 250 945
979 783 181 986
972 297 530 769
375 151 230 803
233 238 27 699
129 906 491 696
352 971 334 703
941 541 325 583
414 353 528 910
404 828 110 211
886 183 38 987
870 571 304 542
42 102 585 674
663 433 480 808
460 880 167 877
200 325 370 370
165 574 380 694
990 986 42 772
827 617 283 675
73 599 267 409
995 966 9 274
162 520 123 992
500 76 206 817
682 421 400 793
19 584 3 715
904 495 237 903
271 314 556 902
601 627 345 554
503 375 331 783
976 852 264 883
682 912 367 873
180 744 876 914
333 309 418 423
334 851 90 625
35 476 29 552
868 685 29 67
400 171 252 864
908 309 53 713
774 181 429 617
629 8 317 686
999 591 606 794
751 136 64 631
319 296 12 778
832 750 314 762
927 365 227 969
590 277 204 965
679 884 37 812
277 79 54 669
262 393 242 723
35 452 771 946
434 121 453 505
224 279 195 351
9 796 52 288
981 319 700 967
923 914 125 744
604 811 83 805
86 31 76 323
961 941 223 301
695 779 691 923
770 464 189 253
343 70 177 980
475 684 586 806
588 147 237 431
469 845 422 824
580 952 300 733
558 918 503 988
994 562 554 946
898 707 439 451
774 292 566 894
121 171 516 880
152 443 124 319
6 885 570 716
961 539 685 702
817 585 450 598
552 369 393 975
436 820 52 778
487 76 871 988
461 834 179 972
771 59 417 685
746 950 295 999
584 453 482 917
274 856 421 592
343 513 401 670
800 449 424 857
482 342 561 830
471 45 496 953
473 973 315 797
490 92 698 882
506 12 407 782
952 774 350 453
694 685 70 854
162 219 556 704
868 402 203 952
130 387 92 602
789 614 542 574
410 91 397 439
117 104 50 284
162 23 20 543
563 581 377 948
116 100 657 684
444 825 2 984
90 917 668 936
301 504 59 269
894 622 314 336
309 138 707 972
680 46 190 991
988 681 255 414
324 498 184 688
88 595 485 664
965 257 555 741
623 313 338 360
627 394 437 735
703 520 194 469
770 249 393 815
219 702 224 305
662 568 78 756
443 42 432 620
730 44 793 994
303 823 875 980
412 760 263 658
423 181 375 799
583 816 771 905
20 200 157 938
336 251 530 822
406 73 106 876
740 225 932 943
152 296 233 584
229 305 29 716
923 624 10 912
419 610 350 452
649 834 322 591
506 531 269 581
920 179 139 734
852 698 642 793
498 763 663 818
27 899 393 531
366 15 413 924
341 678 131 485
12 796 894 980
884 416 403 457
558 724 126 962
171 801 48 56
871 714 191 690
766 730 511 922
48 806 186 811
667 852 227 235
498 891 526 966
828 143 201 274
421 32 325 906
899 152 670 695
605 702 528 695
182 807 27 312
379 399 280 286
815 948 33 379
982 790 206 241
421 100 635 821
823 744 204 775
808 331 384 649
872 356 209 487
807 431 679 680
913 332 13 260
13 61 123 450
508 931 481 924
37 982 385 593
288 974 355 577
816 917 444 692
641 308 405 639
710 147 579 977
928 516 209 687
380 463 310 982
150 589 46 63
902 657 499 533
341 738 598 906
184 361 209 990
60 525 307 622
493 663 32 162
56 998 519 764
856 590 505 761
547 600 833 914
134 262 233 244
602 177 337 481
820 224 342 575
770 550 200 852
10 241 730 996
463 755 169 223
511 633 255 287
608 249 696 895
777 21 303 432
681 62 303 330
204 244 259 982
633 163 310 750
337 68 200 752
89 40 350 501
703 228 556 863
902 815 181 726
324 281 333 799
373 80 139 159
419 763 866 981
401 940 326 890
472 88 371 936
420 739 21 26
612 734 255 995
221 284 26 118
226 280 424 475
656 415 243 476
799 1 254 764
799 231 35 813
277 818 540 764
334 289 202 536
626 624 377 762
812 706 56 337
886 127 898 909
985 106 154 209
689 667 243 667
540 40 608 964
157 629 481 646
476 610 431 750
101 457 760 781
797 734 494 628
650 512 548 918
392 691 495 779
816 433 346 878
758 328 121 165
978 3 24 347
699 582 238 555
973 961 4 750
255 802 397 782
280 634 488 770
886 640 423 692
784 744 357 929
382 209 341 593
722 263 421 509
53 560 513 817
743 707 611 709
493 478 482 589
413 856 330 595
648 67 391 848
164 481 51 450
918 573 408 650
383 275 10 23
812 414 767 826
321 879 387 921
983 469 168 357
518 582 144 664
534 238 376 402
716 970 379 853
168 607 504 596
597 618 10 420
76 615 139 512
233 650 755 759
479 794 496 810
828 849 743 985
377 351 43 713
210 836 346 710
372 730 530 973
515 738 123 603
397 849 7 590
690 646 113 432
809 604 84 239
773 154 570 952
587 107 539 688
371 215 135 299
276 443 114 450
411 562 108 755
976 667 193 623
28 13 284 526
846 177 215 786
395 997 90 135
551 573 133 305
427 798 789 984
623 581 25 49
529 93 61 691
903 675 299 486
997 581 535 867
144 565 363 562
248 643 328 564
343 817 107 902
780 236 71 812
574 480 153 571
669 473 461 584
945 753 167 234
431 626 308 585
768 400 45 722
295 613 384 703
221 837 54 90
285 387 370 466
553 555 536 755
12 25 168 908
390 814 3 809
764 729 270 732
781 367 734 741
285 397 306 698
437 274 38 822
640 909 349 881
17 782 647 942
680 756 99 819
439 593 336 459
924 228 363 827
918 828 356 386
125 888 114 126
840 409 451 796
399 705 866 969
652 600 80 123
539 847 127 502
652 976 653 994
78 781 29 106
933 115 171 577
734 34 248 977
782 941 752 983
85 713 684 975
497 716 452 538
734 606 237 368
938 365 745 845
751 509 430 681
121 980 537 635
891 225 121 165
827 62 653 754
927 545 567 822
490 317 115 238
469 394 136 979
603 569 315 408
798 250 295 967
518 698 629 853
565 888 1 376
759 304 387 930
704 471 61 188
941 204 608 684
524 30 380 584
945 744 81 392
750 408 107 677
271 345 624 870
242 817 196 240
388 677 339 503
209 253 402 851
436 326 531 696
3 159 491 820
900 854 690 896
12 892 267 727
695 721 377 833
732 717 562 852
662 595 339 711
816 327 97 745
658 226 682 912
830 107 113 526
243 180 159 474
437 665 11 291
491 445 295 628
966 475 214 720
577 81 179 922
670 833 361 581
639 899 311 906
479 690 48 820
831 354 68 971
749 378 104 982
653 699 273 327
287 655 281 322
389 761 753 903
985 989 465 936
940 564 543 905
441 511 180 435
404 433 259 386
340 614 215 241
542 146 2 531
723 709 169 815
622 144 586 744
958 315 332 507
248 834 348 737
931 226 233 382
437 509 388 397
929 218 128 799
642 492 515 762
748 419 262 936
386 682 219 935
795 209 235 649
909 811 99 964
333 275 539 730
537 352 142 739
579 235 109 873
486 224 299 543
38 55 223 963
485 124 291 765
347 360 344 473
883 579 300 614
884 596 129 235
897 587 207 373
581 935 24 509
264 996 448 725
707 760 37 581
836 644 544 841
869 522 711 894
618 617 473 539
96 805 118 804
297 910 64 329
702 448 125 169
598 180 935 963
539 655 639 812
682 263 650 791
378 122 492 855
363 612 756 817
411 352 572 639
157 837 342 534
293 485 152 881
6 79 140 209
700 169 492 636
106 53 70 965
138 229 286 813
396 192 458 989
608 150 931 964
139 485 366 952
766 665 240 494
525 297 125 734
446 87 164 275
352 628 108 960
752 359 388 731
680 62 715 956
431 170 37 301
807 898 123 843
925 933 15 646
27 772 86 245
316 830 2 14
436 414 310 838
365 635 189 300
449 55 287 515
969 519 452 605
824 393 145 624
671 583 623 681
698 962 15 65
312 443 567 917
572 211 382 825
485 792 22 132
217 590 255 765
264 483 568 748
215 457 90 546
563 373 89 156
197 704 321 627
568 825 554 710
883 540 217 945
912 530 501 847
709 39 56 950
668 45 180 701
170 668 337 900
744 237 911 996
993 221 788 909
10 659 409 608
926 269 786 798
291 716 430 991
227 511 131 462
428 377 366 543
905 157 118 188
732 102 55 147
376 796 211 454
500 587 44 694
510 30 665 747
762 929 309 760
932 537 33 158
18 803 19 978
64 99 15 468
570 294 191 900
643 600 28 681
973 92 166 335
321 920 3 656
238 860 395 557
556 172 473 509
698 733 116 259
186 750 73 603
847 46 508 514
959 192 169 243
57 607 872 983
836 985 335 834
789 53 30 696
44 6 230 667
828 75 82 162
708 506 47 890
75 602 643 645
397 164 195 369
684 351 258 598
55 990 539 849
639 499 8 446
614 579 614 743
401 616 327 943
33 508 54 824
930 425 480 781
654 456 75 849
194 383 327 438
520 977 286 865
281 570 557 882
746 717 240 549
332 872 341 881
133 277 266 327
860 989 25 525
935 831 267 976
416 378 123 258
137 104 647 858
197 812 25 406
600 269 402 523
971 919 767 986
217 881 471 646
558 685 7 26
525 4 746 826
246 630 402 627
307 273 54 493
705 74 348 899
356 758 364 496
364 691 436 906
944 148 165 240
787 309 41 758
525 937 123 717
216 772 539 653
848 36 548 739
401 494 803 988
978 441 342 551
750 253 7 372
684 400 263 562
81 664 158 836
274 793 76 622
539 727 90 707
222 298 63 476
733 825 587 876
910 281 367 774
788 542 80 309
335 236 28 160
804 742 699 857
936 48 166 485
154 372 495 647
564 296 116 711
173 615 262 708
195 327 16 903
39 90 84 334
187 839 95 199
71 18 337 507
777 264 61 387
253 430 228 255
10 363 564 760
512 731 43 499
514 7 328 581
170 208 203 359
338 322 122 885
35 338 24 162
599 24 76 682
801 85 121 132
823 982 83 723
762 732 173 365
661 824 378 701
403 153 250 392
161 617 52 787
37 895 143 160
872 525 217 891
538 819 428 519
828 626 806 829
179 587 56 397
936 973 135 265
707 763 333 700
326 382 297 783
113 820 700 943
19 333 365 742
977 966 10 629
639 873 74 689
890 247 474 849
968 362 346 972
219 60 785 851
860 461 573 857
378 854 759 852
396 794 40 893
880 503 433 733
191 319 777 983
639 558 588 945
461 538 209 805
408 339 386 616
775 367 2 169
758 628 120 581
434 614 12 87
736 545 212 728
72 769 891 977
147 22 314 705
367 37 438 981
478 213 161 439
730 308 372 477
596 39 679 837
466 85 66 423
713 78 74 349
158 213 148 923
581 913 84 781
985 629 435 592
511 143 391 852
261 241 508 981
614 220 268 434
727 489 37 634
607 407 348 897
45 92 55 139
639 233 643 665
488 985 711 742
841 939 142 508
44 467 91 239
748 607 352 410
24 146 105 375
281 827 414 558
782 342 386 646
748 15 1 131
368 246 85 711
171 725 500 665
722 259 173 908
331 614 42 748
590 631 248 631
83 22 574 946
411 728 511 975
877 484 618 849
317 7 104 637
934 887 280 341
779 23 822 885
158 393 263 819
612 649 416 669
759 678 42 180
797 966 830 906
460 551 23 963
27 209 212 259
378 489 410 947
958 499 830 902
898 195 678 982
930 71 176 806
357 825 120 419
271 121 664 771
933 167 611 880
418 443 541 775
905 663 134 239
745 494 395 670
376 837 819 867
417 628 278 513
610 403 662 757
562 799 405 512
385 20 268 648
790 162 251 954
138 467 116 530
387 647 413 945
224 754 263 523
534 767 112 916
317 542 545 764
540 618 94 353
824 75 48 657
406 303 122 755
226 725 6 581
971 739 3 875
383 158 332 921
555 167 336 393
204 76 99 714
253 472 171 301
555 470 714 899
992 823 255 606
898 330 801 845
51 27 58 849
977 791 519 653
978 415 72 869
781 771 280 718
766 67 173 744
167 255 122 757
672 640 90 159
741 525 420 654
326 118 209 455
49 774 439 983
604 340 214 290
680 777 451 896
306 257 616 871
641 480 832 997
823 487 336 884
226 657 826 989
868 883 186 565
659 60 765 823
792 512 104 988
988 810 42 322
197 655 345 656
67 127 231 612
358 175 610 738
970 899 33 540
405 895 148 977
844 977 49 727
394 397 80 454
61 544 164 660
110 34 244 508
473 396 366 384
930 771 278 413
733 451 227 777
144 913 604 982
944 371 480 829
864 673 584 817
336 739 768 912
98 10 316 567
270 837 754 849
575 176 246 388
659 709 326 736
658 896 811 987
793 853 442 899
40 205 299 581
620 579 633 964
947 512 868 922
808 821 189 670
262 623 665 858
252 908 120 389
317 51 894 931
262 632 107 251
107 187 923 983
374 745 274 891
316 540 14 538
551 872 450 506
883 580 426 640
587 736 555 994
769 420 53 144
685 458 106 469
231 934 238 343
489 700 261 473
187 700 606 767
353 341 316 979
168 566 158 350
266 427 203 428
972 498 742 756
628 152 118 125
370 840 407 449
38 704 6 905
105 33 16 51
364 921 678 927
13 373 777 797
610 819 588 796
284 391 491 976
534 241 190 656
764 998 673 818
530 48 754 949
729 624 765 780
34 521 304 422
751 203 219 976
585 886 57 661
91 4 309 336
727 187 343 856
595 972 341 949
142 11 464 844
182 496 75 263
739 980 314 462
836 214 439 565
970 249 267 788
496 768 760 762
280 714 543 899
331 241 277 330
444 40 664 888
695 297 431 711
517 132 776 940
461 969 11 587
267 151 833 892
556 401 92 125
247 735 256 677
233 791 534 590
115 654 236 742
56 255 143 243
421 717 613 716
594 310 142 445
841 410 543 955
569 203 155 538
755 375 469 575
555 377 366 542
138 570 100 480
367 941 286 533
978 641 270 310
947 127 7 396
803 844 449 820
909 387 623 846
463 590 906 947
901 940 81 653
995 548 556 635
588 296 178 947
272 82 58 323
368 545 118 775
134 669 10 883
922 946 334 547
884 886 44 682
276 681 125 563
339 467 704 812
389 456 731 833
126 945 818 939
155 22 835 844
540 364 72 98
355 554 270 585
68 634 16 801
297 306 131 908
664 114 239 570
808 860 807 819
914 164 685 725
803 852 520 772
549 520 40 931
857 4 410 788
149 488 207 236
89 919 80 308
457 200 521 684
199 139 190 535
470 355 761 912
674 583 431 653
354 149 747 772
13 675 600 829
258 389 636 739
356 86 89 997
339 104 156 543
989 292 898 996
624 308 259 619
85 843 53 856
875 974 880 935
441 547 44 70
293 680 143 876
125 548 162 770
700 827 106 667
729 652 28 500
841 835 240 868
337 74 273 307
583 192 340 879
428 233 783 956
62 810 116 384
667 103 36 99
311 684 676 993
956 130 380 752
480 466 499 852
158 682 32 61
542 202 249 915
631 566 214 887
279 140 770 869
93 145 776 783
438 204 366 948
344 246 423 679
163 483 114 944
73 92 244 390
202 814 481 561
318 203 86 138
930 340 10 825
130 363 392 847
933 763 168 724
662 452 200 322
758 815 264 833
205 213 555 805
425 424 90 123
662 780 135 654
499 896 349 491
564 101 538 624
819 435 510 554
34 228 320 676
474 270 373 730
998 819 107 829
248 671 294 889
586 87 472 637
560 201 119 315
870 874 504 830
862 569 346 492
997 473 32 459
573 616 311 912
366 333 195 673
891 54 104 814
666 793 270 331
230 753 416 584
506 555 359 756
630 581 88 995
858 679 386 820
193 21 45 226
768 525 641 957
496 31 8 303
571 194 900 904
986 945 444 552
394 707 375 445
545 481 759 937
860 387 2 477
781 321 548 724
713 622 517 852
107 89 885 914
564 503 332 574
345 960 381 947
70 589 754 855
415 610 557 865
637 429 768 924
646 656 545 859
181 320 409 463
389 283 479 643
553 173 843 956
908 253 267 346
8 310 162 477
962 107 578 729
479 460 509 712
119 937 406 942
478 216 258 405
587 751 404 838
186 755 51 611
268 139 668 687
628 658 506 986
835 601 317 499
893 271 172 228
832 672 466 557
17 148 113 240
215 704 618 775
508 794 450 610
278 979 105 899
472 72 410 464
612 614 185 402
970 382 171 338
604 633 224 506
519 935 742 827
995 381 104 196
655 253 241 329
185 454 336 589
59 288 763 831
287 202 39 809
44 434 181 604
445 876 256 435
145 45 243 449
528 482 164 367
114 982 337 591
128 451 479 779
916 136 27 786
752 305 36 425
163 852 519 946
175 604 459 525
49 657 566 804
199 576 331 670
19 714 277 430
497 34 276 407
283 4 633 934
763 331 26 610
848 302 125 708
146 378 304 578
866 640 334 465
831 975 147 483
7 100 678 832
658 19 191 885
998 460 118 436
891 451 67 214
664 431 494 823
593 179 146 436
610 945 139 645
568 586 549 593
125 277 757 931
536 648 533 535
50 530 225 992
970 130 351 654
89 386 619 962
81 816 636 707
516 900 652 910
501 232 468 553
282 477 786 798
567 852 538 967
317 138 22 50
524 367 240 525
177 631 8 659
582 181 15 999
292 922 419 997
529 951 682 920
756 160 101 199
513 626 97 702
973 215 35 303
690 170 310 859
529 537 567 571
653 851 375 588
311 136 455 591
964 759 137 191
251 195 378 609
636 984 316 870
73 954 869 943
123 743 124 294
64 264 355 907
230 540 179 228
212 401 35 686
365 395 52 86
4 565 182 473
737 32 292 580
815 734 498 547
395 905 182 724
90 423 597 611
541 897 193 941
447 253 392 814
123 533 361 656
446 117 634 882
560 615 156 933
978 202 6 765
377 224 671 787
171 33 444 825
626 150 85 551
234 254 473 986
269 967 53 634
906 839 182 655
62 87 64 979
30 16 281 333
113 378 67 167
304 247 478 632
974 106 714 905
449 250 198 901
35 273 717 734
875 175 407 918
34 657 9 747
420 746 177 902
680 237 41 211
889 380 352 689
766 983 103 837
942 44 154 502
644 434 64 111
318 878 82 958
604 845 300 521
541 439 182 622
540 170 135 460
4 713 358 945
247 607 77 839
771 972 752 834
839 953 495 944
529 895 41 777
83 532 81 958
869 337 191 899
873 70 549 685
476 580 99 295
690 444 311 732
870 898 398 666
656 920 265 548
50 787 240 988
693 109 84 878
781 265 73 631
407 609 248 279
262 249 127 275
495 988 267 856
640 110 601 948
928 570 408 888
131 185 65 984
645 221 363 977
542 172 115 842
229 205 617 724
619 81 33 342
881 988 243 519
966 635 359 760
35 799 200 703
244 784 484 786
86 611 510 944
979 332 231 826
90 222 262 582
586 477 253 450
711 33 317 986
159 454 46 546
382 161 122 270
147 364 25 591
408 560 100 255
315 711 76 650
695 890 319 613
258 108 208 326
911 976 547 578
325 139 456 945
128 836 300 843
2 359 709 884
421 429 137 870
695 988 166 935
480 441 518 794
363 932 602 602
19 708 557 798
656 390 283 975
641 69 469 728
38 446 497 564
887 789 86 226
878 739 410 498
382 976 340 887
646 498 77 621
336 784 229 756
155 988 59 529
200 581 64 358
269 683 626 700
925 664 246 804
607 283 935 964
93 553 112 719
545 30 426 703
193 392 73 296
277 655 225 505
431 459 273 574
764 671 119 642
763 351 835 873
155 681 603 971
302 991 318 906
674 802 392 848
839 170 314 824
5 327 338 583
984 8 541 592
961 261 401 544
374 361 515 698
547 406 346 827
433 908 109 1000
600 291 157 782
427 370 693 805
843 336 379 668
944 85 324 869
541 288 91 238
460 937 70 485
958 162 361 574
359 470 250 882
432 625 32 816
629 876 160 777
240 999 553 612
486 405 470 498
345 844 161 261
304 683 334 987
785 373 776 864
613 372 915 924
698 806 402 470
356 561 472 852
940 123 264 544
263 309 82 262
845 587 731 777
985 785 382 734
900 824 570 852
586 534 551 748
31 224 29 775
88 496 143 264
758 915 131 927
35 521 583 638
669 583 132 741
459 331 97 790
569 968 130 717
211 30 647 730
155 957 200 744
327 507 45 672
275 806 421 964
37 363 857 875
668 182 632 937
3 230 467 681
558 389 587 690
637 723 788 852
667 351 144 603
659 579 86 772
970 682 542 736
583 952 16 583
43 435 66 632
512 223 506 590
908 928 586 913
391 142 94 832
126 389 135 353
921 608 102 106
270 29 661 968
412 868 88 571
18 541 427 784
177 499 25 614
884 970 36 595
526 67 20 539
940 347 166 787
998 997 26 979
23 482 252 649
263 789 151 364
567 826 480 757
11 408 101 200
608 384 18 282
262 346 563 642
550 228 172 989
719 607 30 818
911 291 5 71
203 604 433 918
683 769 155 790
747 761 252 800
862 636 428 665
613 424 44 342
422 490 543 554
370 548 634 945
270 194 445 913
182 501 404 489
712 551 111 796
596 246 185 825
563 548 415 869
497 111 175 458
335 550 87 390
326 325 777 800
851 197 75 592
326 519 734 775
226 645 349 657
366 422 466 596
424 228 104 725
847 53 504 793
472 584 762 771
289 823 461 983
996 772 4 891
478 84 188 286
951 938 276 578
451 828 94 280
283 653 734 911
194 443 82 918
809 102 60 761
643 648 139 949
751 956 398 545
468 4 425 940
246 895 100 639
178 677 143 656
610 418 392 758
254 445 102 643
307 812 132 927
419 310 489 722
392 870 735 794
624 449 716 903
635 249 532 565
17 651 558 628
689 140 535 546
990 840 293 362
406 272 47 929
381 759 281 910
886 137 800 967
22 401 289 942
883 733 56 445
157 302 655 932
977 26 161 433
675 402 508 880
316 822 385 810
716 760 94 264
777 720 666 851
973 67 802 803
129 343 387 793
945 537 526 836
140 97 274 344
429 491 501 673
612 306 513 625
840 627 286 395
991 664 681 840
254 778 99 453
568 638 446 608
685 710 569 613
262 580 127 381
758 369 528 988
629 76 432 516
824 795 914 925
74 254 608 691
566 853 200 236
185 577 629 678
307 809 117 816
729 948 103 846
572 737 151 389
155 783 558 886
923 742 181 519
356 74 152 674
741 939 633 834
34 387 188 276
390 240 619 896
293 133 435 705
194 6 160 820
933 448 11 77
724 765 354 846
532 486 268 705
181 318 184 959
577 970 219 784
56 711 224 318
809 391 379 886
862 770 255 571
451 329 287 701
409 96 785 821
180 12 57 684
37 695 224 623
566 341 34 460
224 711 14 920
149 326 415 798
209 25 741 873
543 61 456 460
625 866 263 936
699 131 565 677
632 952 52 529
979 606 567 682
728 87 115 309
789 585 279 315
242 589 626 741
290 590 138 211
474 423 515 819
169 983 559 921
608 379 40 821
508 971 212 294
798 219 430 509
574 698 121 894
301 264 475 699
715 387 159 380
112 492 387 530
647 485 204 676
327 871 242 501
94 290 397 736
405 295 31 873
161 592 107 524
514 204 489 950
786 451 160 445
460 684 441 824
379 357 755 862
3 610 318 702
19 645 921 930
967 181 671 755
633 254 385 594
232 19 203 551
216 592 224 416
538 853 588 787
445 554 265 424
67 705 195 355
38 461 435 560
921 388 108 279
792 62 207 865
958 90 138 302
564 507 268 592
897 800 607 981
323 615 68 727
284 316 784 953
75 659 125 648
659 638 693 734
628 275 259 514
264 619 175 546
139 129 873 876
677 828 256 392
885 421 963 993
94 742 309 855
962 343 219 858
322 530 47 793
460 175 118 330
192 891 757 804
203 778 455 806
773 639 75 93
313 854 967 970
702 993 382 991
727 518 209 588
964 800 61 288
259 384 162 716
650 262 498 641
975 581 37 976
612 82 646 836
449 881 103 312
399 319 59 728
940 354 674 993
572 676 349 445
638 825 613 849
289 374 260 713
932 687 554 972
52 250 206 703
61 534 428 523
624 227 19 774
603 470 781 852
458 842 255 458
29 858 682 994
375 86 829 871
924 761 150 322
883 421 439 967
542 312 6 699
268 461 403 558
95 767 866 877
509 487 104 720
528 63 855 965
142 634 176 320
569 270 469 490
450 350 741 882
529 482 346 600
709 459 486 934
665 287 617 950
796 958 130 269
914 192 272 757
141 505 498 650
468 50 255 571
884 406 581 772
956 802 651 676
90 779 11 365
979 612 142 983
58 509 59 488
353 780 674 891
73 546 14 766
712 655 102 871
450 59 51 337
25 143 465 468
335 1 150 635
213 298 69 292
538 652 123 259
268 912 416 955
610 784 576 636
187 998 316 393
507 213 212 555
603 527 357 749
403 604 498 670
203 837 259 858
687 595 516 590
890 653 358 554
705 473 5 981
186 773 510 607
577 885 446 976
553 78 419 620
277 304 68 513
140 669 798 850
234 290 360 612
985 639 48 234
892 869 118 909
822 164 667 791
37 739 417 811
480 374 188 961
198 383 817 908
319 712 9 644
113 573 276 888
255 327 771 812
71 216 79 879
733 336 617 970
915 958 541 902
412 718 607 608
630 473 25 190
437 940 281 547
758 898 218 340
913 403 223 359
284 467 445 622
600 215 464 927
301 970 715 842
899 817 578 723
471 322 402 584
945 489 43 906
261 175 79 316
941 855 58 581
979 219 9 898
953 51 20 237
878 519 17 515
45 365 548 896
992 33 141 721
948 802 82 385
891 206 849 996
512 204 35 873
259 374 41 528
793 267 53 514
57 584 713 728
958 46 255 857
26 272 331 921
152 308 55 589
476 208 677 793
102 390 356 458
627 24 587 992
499 91 334 864
780 726 135 441
979 471 885 950
632 386 133 373
238 954 152 949
925 668 765 829
784 16 56 707
106 359 480 545
845 224 647 816
664 876 264 342
301 983 523 876
387 90 85 354
264 185 972 973
978 574 93 118
301 49 467 978
12 935 517 817
438 257 264 369
514 262 956 988
971 937 433 891
143 409 278 526
889 192 417 883
81 783 344 913
398 887 420 474
259 547 905 929
657 113 566 886
457 651 699 907
321 320 784 959
164 914 265 852
900 394 553 942
822 459 252 451
274 57 179 319
220 154 340 743
914 861 340 815
349 368 426 973
481 674 293 747
1 253 581 840
551 24 247 581
760 992 13 253
101 862 169 838
773 920 272 579
276 328 213 761
913 193 686 707
715 867 167 342
493 746 647 789
343 626 555 683
690 581 464 939
141 377 689 738
243 59 430 762
848 374 16 406
770 758 543 686
955 437 395 826
281 618 117 171
621 238 475 481
62 573 297 372
329 258 31 586
125 574 720 867
224 114 81 963
863 952 580 670
45 997 244 862
356 352 134 691
513 769 26 70
39 56 580 820
805 874 623 982
65 358 571 611
531 575 273 348
775 828 732 755
192 210 526 716
110 680 537 989
697 69 391 833
701 204 333 389
905 247 656 945
619 187 54 56
547 299 232 608
443 513 471 990
121 830 101 262
415 692 75 910
502 189 392 490
895 879 404 515
109 318 84 653
276 83 309 592
409 389 28 392
770 623 234 604
444 307 699 865
225 586 73 915
840 333 296 772
226 986 312 800
451 21 622 886
256 566 206 760
392 487 236 468
622 681 122 786
728 463 393 835
189 536 209 967
468 996 731 957
696 78 463 830
875 679 366 560
570 271 542 647
284 209 259 454
729 42 398 509
776 728 385 781
790 197 90 199
87 807 72 883
485 722 330 354
62 210 122 262
858 458 237 344
829 505 41 609
978 818 395 775
611 447 19 936
498 333 385 620
768 548 171 591
379 112 532 903
201 660 63 175
490 893 53 987
762 473 333 548
595 306 363 764
671 755 541 958
448 81 120 232
213 871 310 699
340 439 56 608
224 542 518 570
439 607 280 900
925 103 564 802
730 428 394 729
706 513 96 701
137 332 776 938
348 210 16 874
722 517 379 438
1000 496 359 418
426 39 320 940
956 477 204 346
931 665 296 794
887 812 461 461
636 757 682 750
744 381 238 908
634 160 126 258
980 763 469 638
829 54 265 928
74 895 751 974
14 999 182 860
619 551 16 191
823 946 324 643
378 368 543 733
939 811 438 499
802 984 538 712
864 342 673 964
434 454 248 593
828 363 655 749
562 565 193 457
140 187 26 646
219 813 776 929
408 932 672 837
354 800 114 769
541 696 403 774
571 560 370 418
412 85 397 798
360 838 744 780
366 370 140 994
146 682 125 797
513 639 523 783
791 782 113 919
879 666 796 799
421 889 484 647
53 849 246 781
574 270 410 786
908 518 463 655
705 638 640 934
364 99 82 676
15 174 202 419
900 94 88 129
431 284 529 781
730 645 50 899
325 515 371 797
115 453 528 553
189 595 739 776
294 175 56 854
102 945 89 651
886 30 108 252
246 95 502 803
458 239 141 989
143 383 489 824
110 81 115 162
556 964 195 632
583 827 247 886
198 668 656 959
410 523 105 740
475 461 856 892
27 630 91 276
524 313 422 916
638 815 12 444
681 97 59 739
835 769 450 742
362 712 429 870
634 793 733 888
47 31 230 286
629 27 714 729
691 406 496 944
442 624 23 115
430 413 118 734
490 876 674 961
874 243 15 48
378 282 698 752
644 634 359 405
892 819 90 216
66 532 377 819
652 211 671 807
78 727 45 412
987 849 129 396
490 553 45 463
456 84 718 977
717 376 618 818
791 51 517 583
946 995 693 949
694 817 351 367
548 258 199 781
69 629 672 829
168 197 94 290
786 250 567 622
583 696 534 695
973 907 133 885
889 270 34 538
218 156 474 748
995 838 654 851
735 70 492 693
735 453 23 92
763 481 10 176
107 847 506 511
961 696 19 977
301 307 482 573
551 984 140 957
209 807 661 957
331 361 214 704
27 588 318 724
411 688 652 750
461 333 8 730
758 841 48 201
740 897 148 999
165 787 630 776
355 102 226 926
293 710 371 458
972 455 53 324
794 942 370 775
473 775 351 392
350 368 239 392
417 608 109 721
661 106 369 586
550 36 217 666
28 769 483 770
141 893 117 742
203 297 233 289
49 724 755 849
597 407 130 711
410 786 18 133
782 985 235 444
765 269 264 934
443 325 503 963
247 451 416 716
611 989 161 578
181 919 451 935
21 194 190 272
82 122 46 530
936 56 793 815
563 471 197 526
619 741 322 453
110 926 225 607
898 524 4 482
42 481 635 738
987 69 853 977
211 287 32 526
748 742 636 774
165 177 376 530
126 645 452 480
569 219 47 326
346 134 549 857
652 547 453 813
785 992 210 541
318 134 35 271
120 97 38 506
354 327 687 875
486 383 165 719
863 2 474 987
900 118 68 584
638 853 241 585
97 52 433 610
712 959 833 945
320 777 28 942
707 10 659 726
282 721 933 935
956 713 405 901
701 561 102 422
567 750 74 926
363 481 956 961
735 343 309 564
590 626 171 297
657 887 461 957
402 296 844 986
329 352 242 311
393 932 53 151
362 166 617 867
545 681 274 927
717 44 235 610
766 409 94 431
896 809 64 409
942 331 14 176
726 607 157 767
691 59 98 467
311 13 74 692
780 741 29 356
629 289 161 424
993 835 135 598
344 195 96 242
51 889 355 788
946 611 723 984
299 772 139 523
996 620 430 970
90 429 195 497
700 420 46 671
926 393 226 981
946 170 570 624
187 882 46 81
402 675 200 643
773 992 42 680
913 138 26 926
662 271 90 387
132 186 592 703
6 853 645 703
87 450 189 953
593 749 619 873
336 29 11 760
448 887 621 749
476 268 455 608
866 937 275 455
37 441 680 756
426 35 537 586
194 50 22 650
366 34 720 865
337 700 444 772
268 11 829 830
223 689 228 956
150 395 497 769
377 743 78 667
926 192 168 711
406 609 769 799
688 508 321 816
121 523 33 768
407 736 586 763
698 951 220 284
480 571 483 950
638 363 254 301
987 228 602 901
942 222 367 531
671 108 238 523
754 815 37 456
417 434 468 982
690 41 84 442
452 306 385 1000
232 760 573 742
559 965 366 731
835 862 238 675
369 35 312 425
866 781 336 346
181 940 142 646
83 793 472 552
836 718 33 88
142 35 339 783
854 935 324 864
523 905 324 514
467 511 64 1000
351 143 167 761
160 808 282 318
821 647 642 780
36 478 550 747
307 854 647 768
679 211 610 842
808 252 126 435
152 698 235 552
57 479 614 719
444 843 556 586
481 260 661 889
990 500 144 680
237 348 341 460
833 777 123 840
679 543 27 197
649 273 188 407
960 804 202 381
106 423 519 808
967 454 339 474
979 529 442 778
380 479 505 538
36 927 169 804
491 978 8 705
944 172 10 689
336 858 300 327
351 107 93 302
813 24 295 456
876 155 799 951
712 385 62 123
930 200 534 665
19 225 62 979
176 981 63 913
409 621 272 731
975 25 26 556
596 884 469 533
315 722 399 938
76 193 180 656
610 353 130 528
863 937 777 860
206 504 55 335
995 557 249 575
611 557 42 800
969 69 231 425
281 659 447 793
757 808 754 840
225 869 368 632
727 357 206 318
861 972 785 902
635 69 419 978
292 793 649 920
806 75 369 650
636 716 570 940
790 173 724 897
115 500 477 902
52 527 70 334
359 428 527 834
710 688 221 280
800 279 463 893
953 55 813 952
63 606 566 658
516 501 610 765
5 339 28 821
519 588 648 991
402 766 427 472
51 480 384 928
326 552 24 746
103 361 590 899
938 567 494 988
866 981 505 965
754 937 272 999
915 690 212 914
452 927 432 856
532 171 261 713
929 958 425 731
276 928 94 570
629 328 256 930
891 458 106 603
142 950 774 983
854 981 265 815
675 760 136 673
158 503 840 975
288 249 693 770
417 12 420 570
720 981 279 311
24 583 279 970
225 820 30 601
874 214 820 883
70 44 29 69
131 307 445 782
265 478 513 572
606 776 515 630
659 276 212 408
588 933 100 816
724 994 107 802
386 434 73 687
264 163 73 401
413 800 200 968
765 667 218 526
377 217 420 510
334 812 42 932
35 614 308 367
977 175 341 974
996 278 519 534
493 951 610 947
276 608 154 189
395 766 411 965
660 946 377 441
75 647 218 771
426 823 581 667
933 114 378 429
679 358 856 937
250 187 336 806
337 6 408 597
422 398 476 578
825 317 190 710
582 814 17 267
651 895 924 946
709 430 91 544
329 253 222 642
112 259 667 689
583 882 517 912
542 886 179 748
350 399 486 739
273 253 209 972
883 313 602 603
179 969 277 643
161 593 61 934
245 482 222 867
885 929 219 794
936 64 539 650
592 297 210 337
566 643 412 479
777 199 101 306
133 198 70 685
483 745 173 652
84 580 802 889
499 554 260 785
138 381 193 876
180 324 582 877
586 655 661 816
900 770 608 717
474 134 182 649
331 588 197 670
683 827 391 562
58 9 400 705
194 781 121 715
516 514 434 503
787 107 762 832
903 270 140 726
973 308 113 472
464 897 113 258
250 346 98 252
545 250 175 954
635 873 356 487
891 994 622 653
16 534 288 710
933 879 736 759
68 263 880 998
222 817 487 600
350 70 724 844
765 16 284 821
733 885 13 569
714 687 134 286
490 667 291 540
777 85 152 739
222 90 53 130
755 936 400 521
291 865 536 760
800 627 636 794
577 905 73 693
355 881 69 639
205 319 212 463
253 40 184 566
324 494 51 258
103 458 140 360
175 311 343 953
944 9 85 831
432 901 129 311
101 131 382 614
268 187 125 262
332 376 816 921
647 902 11 633
652 970 673 947
140 642 76 670
645 446 181 250
915 34 181 925
723 16 316 873
657 61 206 494
501 6 643 938
851 103 222 700
441 312 124 486
262 348 372 487
918 539 510 697
457 756 334 542
160 242 305 873
907 939 262 341
866 391 462 862
543 919 91 414
845 37 774 804
645 937 335 432
753 908 49 729
576 181 29 621
817 593 268 889
215 562 126 364
488 779 157 569
883 419 336 875
109 976 269 300
180 358 195 489
14 101 780 804
448 258 586 733
967 232 592 769
484 848 139 947
464 917 380 414
740 160 635 1000
253 399 212 399
480 580 48 299
322 231 433 776
278 218 311 669
779 840 322 856
780 748 436 706
244 744 602 886
906 972 218 801
839 269 770 896
497 840 12 710
427 839 584 690
969 809 437 756
454 117 25 658
721 999 108 805
680 541 178 377
853 770 315 317
103 98 578 900
304 37 312 676
571 475 130 850
600 819 83 158
967 118 40 514
289 298 608 787
324 69 153 372
544 907 186 492
939 900 136 184
565 803 351 442
334 503 479 816
194 379 116 317
936 948 627 767
575 382 76 274
458 169 252 590
795 558 728 996
267 744 682 948
172 719 276 508
475 628 131 663
297 555 207 207
95 291 506 942
938 517 240 850
360 341 361 799
684 640 767 892
243 396 283 284
560 203 644 769
257 650 453 687
852 723 49 459
880 301 297 423
97 898 128 922
314 792 222 546
521 772 15 146
845 570 39 400
200 550 197 813
758 930 572 655
871 232 297 788
634 330 143 347
651 463 292 830
857 459 487 696
857 762 236 478
320 270 176 876
765 634 2 132
677 97 160 794
419 851 85 858
922 9 460 766
520 608 367 402
760 504 406 468
46 137 27 88
994 728 153 791
473 776 369 832
126 454 212 449
384 494 309 413
457 175 13 883
811 324 251 658
251 779 203 946
867 200 170 361
939 447 603 918
106 262 472 903
903 629 357 851
561 748 371 967
143 148 709 974
615 233 58 517
980 768 345 836
686 133 318 752
15 834 309 785
205 32 37 704
764 933 722 980
527 663 554 887
731 848 308 778
227 43 110 234
210 499 217 969
675 622 171 701
767 937 216 593
939 19 185 568
178 950 208 670
825 346 919 975
585 273 153 283
289 907 575 975
760 929 200 550
576 530 94 634
685 771 122 360
153 656 398 546
70 844 219 899
940 832 440 840
65 810 166 629
363 195 109 147
179 305 610 688
523 95 28 196
334 755 352 975
88 37 42 882
52 890 203 926
583 740 493 935
23 904 447 818
429 177 390 619
661 988 234 490
413 169 115 284
839 733 145 444
279 247 3 635
646 732 318 943
774 216 91 878
907 572 9 679
806 111 448 920
193 264 384 776
319 991 175 768
240 99 262 801
128 339 370 540
991 855 542 940
223 661 64 839
986 260 98 651
5 252 546 654
449 612 48 843
470 995 284 614
204 522 574 950
655 485 35 214
538 791 437 558
515 742 42 163
185 557 102 376
996 256 771 986
918 961 144 286
264 148 904 999
609 765 470 587
921 776 407 531
240 535 677 825
593 192 114 327
29 245 402 739
418 507 721 799
769 403 751 979
847 337 320 622
481 100 532 733
631 191 103 285
721 694 353 772
45 893 3 415
753 789 195 852
15 802 894 959
298 251 273 732
190 448 802 828
636 767 217 407
725 46 854 942
545 423 690 742
257 592 250 682
386 332 96 235
976 242 74 415
254 711 445 975
769 280 385 679
577 816 244 641
698 230 671 846
315 11 807 964
542 506 351 807
48 984 710 759
890 816 115 412
855 185 400 601
924 76 373 559
854 885 634 987
608 935 181 501
689 865 263 608
476 165 61 801
22 639 347 643
580 30 801 921
334 287 266 373
443 489 296 698
919 425 130 876
86 511 222 838
993 575 156 618
245 67 733 804
272 221 372 597
947 374 121 661
188 126 629 800
496 791 277 603
156 72 48 554
746 347 192 775
981 27 720 724
271 286 213 972
482 928 107 454
644 138 426 797
944 630 482 652
618 776 56 162
805 332 169 784
396 659 59 778
307 736 53 604
556 922 237 301
487 492 123 253
447 297 435 995
967 7 95 135
32 874 325 396
526 531 27 468
202 598 31 497
272 555 147 812
601 985 61 693
598 936 24 670
843 960 939 996
769 833 769 787
793 936 501 734
113 508 186 626
313 169 366 955
331 267 274 461
415 222 281 287
331 334 647 857
315 891 106 799
346 268 665 865
279 231 843 900
851 572 553 670
448 466 759 885
885 551 402 940
94 393 86 820
13 83 588 799
846 587 346 487
38 902 424 535
500 115 50 284
15 201 819 889
927 732 639 853
828 830 366 976
496 476 71 892
801 165 285 957
118 431 215 242
396 730 528 910
745 907 236 905
17 8 341 828
670 724 731 840
368 500 382 428
488 324 61 669
584 931 377 451
926 406 881 987
584 751 366 964
66 444 416 804
695 453 453 575
651 903 192 956
624 30 11 730
280 253 38 959
281 871 348 816
296 882 411 437
789 708 579 752
83 840 432 979
247 809 398 759
303 936 794 812
482 453 534 992
337 86 106 702
38 900 785 962
811 957 677 731
153 442 289 340
630 922 237 910
313 882 274 876
389 16 108 617
231 722 577 957
380 123 165 216
815 642 94 527
228 313 385 732
43 595 730 872
952 274 694 993
849 77 496 826
412 245 458 458
302 460 561 959
884 598 224 871
984 283 31 797
465 719 679 963
199 128 402 549
89 459 223 701
440 228 344 962
145 475 565 720
705 875 119 856
177 96 62 641
317 28 46 962
662 733 157 424
360 770 9 798
551 260 277 786
19 83 813 913
61 247 237 486
820 743 520 637
197 408 168 508
260 993 24 99
625 108 513 554
361 80 178 713
798 367 436 993
472 638 522 766
702 300 829 841
12 391 352 869
181 603 443 968
922 624 37 452
584 276 148 842
309 394 208 928
362 471 14 779
141 534 219 359
355 41 122 468
859 52 69 199
718 78 489 698
491 671 461 542
827 514 536 645
167 905 101 819
53 631 240 338
938 233 203 699
987 149 394 451
455 649 545 920
571 413 3 413
386 126 113 117
570 98 122 629
396 278 78 735
34 743 181 755
138 836 453 926
676 392 10 230
9 369 66 116
620 578 145 173
319 69 11 251
566 918 717 852
141 304 179 674
253 607 92 655
349 82 330 982
25 174 339 854
252 520 57 95
417 986 228 752
789 922 61 296
953 75 302 588
475 83 363 978
741 88 237 258
153 987 303 539
63 298 673 900
133 169 145 507
849 889 261 552
502 618 367 978
838 939 305 835
190 249 24 139
271 880 393 669
926 658 311 554
142 457 243 929
330 72 810 909
417 629 481 932
216 172 839 976
124 194 17 823
636 726 738 899
886 365 416 991
336 762 430 796
316 943 368 469
51 385 535 837
637 233 337 488
510 175 69 996
68 343 319 364
115 518 413 467
783 68 458 686
10 151 54 132
709 85 249 991
641 661 229 643
36 854 197 989
982 683 345 487
85 195 247 511
327 39 743 950
64 211 245 786
884 155 28 139
370 901 607 699
486 632 9 991
281 564 79 713
372 27 816 985
285 817 107 813
361 475 2 986
851 865 594 745
723 29 115 645
126 480 601 683
726 278 646 707
906 990 660 882
108 32 103 768
250 463 613 704
741 677 164 548
263 202 561 577
323 65 368 648
905 587 492 972
256 676 203 475
159 301 280 516
781 140 55 160
550 978 391 663
24 102 458 862
757 340 592 875
879 857 14 996
66 981 690 858
539 142 483 727
467 42 631 987
43 949 441 654
496 168 338 677
443 272 82 674
330 288 592 817
44 235 787 882
208 968 703 968
715 150 297 757
1 314 441 989
434 660 100 361
633 648 313 514
106 284 240 718
87 488 169 892
147 355 355 533
964 668 441 620
510 545 586 986
869 802 95 959
634 935 52 269
467 658 485 490
246 843 176 719
673 456 188 224
95 444 443 460
293 511 534 821
448 530 879 927
410 156 323 839
638 664 150 737
938 361 297 772
19 339 54 67
62 21 410 694
457 715 161 795
751 447 127 435
863 948 313 606
112 210 198 916
358 143 693 793
123 101 117 134
350 454 196 658
219 658 390 714
209 937 551 660
259 389 156 521
211 348 792 869
632 555 241 963
154 163 33 220
682 140 269 486
340 802 726 848
120 424 122 148
668 163 311 658
850 373 282 651
185 326 105 749
443 961 510 786
787 505 740 856
543 374 64 559
712 116 6 149
629 985 865 949
94 123 421 712
910 937 222 495
125 667 434 480
578 142 406 463
298 351 605 827
320 506 251 302
816 454 59 453
754 247 195 471
474 773 62 900
410 234 242 880
240 759 504 872
3 372 700 750
317 102 341 854
977 208 307 603
682 952 786 984
748 83 279 457
972 508 405 687
615 353 9 142
117 799 45 413
91 443 555 893
290 105 680 945
223 746 127 751
621 607 331 635
589 655 163 909
568 530 832 998
798 377 96 475
41 281 280 366
720 484 668 726
140 795 554 765
150 579 354 410
881 597 272 990
315 835 119 802
360 883 191 537
425 653 29 392
612 273 92 203
472 110 720 846
849 740 520 547
605 432 585 863
855 636 259 434
720 226 209 472
52 642 152 266
340 790 273 877
163 973 408 855
457 431 202 825
467 102 42 912
807 346 432 548
332 861 142 290
924 277 109 654
109 767 271 462
435 877 56 368
478 57 592 971
245 406 106 944
46 5 503 733
696 187 108 225
307 760 736 841
293 999 111 227
96 109 164 932
306 428 214 359
313 307 65 973
407 42 325 620
3 318 193 803
522 146 2 291
838 630 495 973
231 774 128 865
688 91 275 907
400 542 822 859
217 28 390 670
181 944 112 181
402 338 170 393
174 698 221 288
454 75 638 885
334 769 60 220
855 530 106 747
150 794 2 335
149 743 570 689
736 709 569 990
670 896 146 567
746 537 208 475
614 31 205 389
408 441 56 110
725 138 67 302
597 343 75 944
405 688 373 888
567 670 483 641
232 363 311 329
840 988 930 982
717 837 55 799
841 640 589 791
623 169 56 815
2 767 230 915
340 572 581 885
482 490 833 871
579 72 783 918
111 386 513 664
163 832 432 774
856 817 683 972
786 733 211 929
944 114 854 896
390 139 356 482
727 97 558 611
251 647 415 516
544 930 262 724
966 993 360 848
109 819 116 764
250 269 171 449
407 683 122 711
894 9 178 544
698 476 765 996
257 742 359 981
978 511 534 621
412 104 263 268
162 789 347 790
418 678 162 568
358 24 166 175
227 300 279 407
792 795 784 930
415 693 90 887
360 11 52 693
277 963 933 1000
315 664 113 530
799 616 155 279
310 662 889 911
716 542 388 997
849 397 94 173
118 582 820 944
242 575 551 596
87 124 58 707
304 763 786 803
430 445 402 690
374 39 178 423
877 374 644 802
723 121 468 609
27 200 4 106
16 354 80 233
934 673 271 716
355 984 351 529
461 351 179 413
301 188 451 482
432 523 471 910
457 484 140 894
188 433 133 170
385 226 229 911
343 538 813 910
112 87 82 688
431 111 310 425
9 619 62 294
645 574 723 796
576 206 659 810
79 554 249 409
571 981 58 933
686 837 328 1000
921 584 107 290
710 33 255 660
100 938 101 937
450 16 194 775
995 580 344 420
77 921 632 826
772 488 659 721
649 762 430 555
976 724 101 117
619 546 374 683
871 677 709 914
877 86 134 460
29 193 50 307
855 589 163 492
338 329 315 480
251 490 820 999
838 67 533 804
723 955 173 664
299 860 836 927
285 888 354 667
35 498 425 732
204 333 627 726
208 406 239 435
911 644 572 970
803 175 792 947
810 855 278 898
530 781 337 953
895 296 255 412
148 721 541 796
778 579 8 44
65 21 187 337
70 770 625 991
646 878 637 779
33 706 36 960
347 507 405 628
120 156 32 756
644 633 583 959
271 746 1 689
741 932 540 654
856 368 393 550
223 654 148 247
734 65 602 667
130 608 302 994
198 253 708 853
409 657 33 456
510 497 622 802
357 876 100 197
312 947 392 681
433 601 708 957
445 983 54 262
797 608 61 909
627 582 345 829
26 824 404 568
986 402 514 704
705 71 290 486
661 615 68 874
51 506 403 595
561 60 450 952
250 651 477 829
898 391 205 748
969 86 41 210
299 510 60 119
359 182 770 850
133 711 307 822
917 512 181 490
193 657 233 356
787 903 116 209
31 516 741 764
419 461 901 954
36 332 118 565
34 271 853 876
833 966 143 497
994 885 342 750
694 775 162 705
23 166 2 888
414 501 22 866
185 543 167 612
575 732 509 758
677 209 45 884
173 700 59 154
782 374 519 796
358 86 594 970
784 221 653 754
434 995 23 778
243 847 116 951
311 233 115 176
802 67 233 898
338 560 50 92
606 673 639 818
802 631 158 858
498 387 582 617
418 948 243 563
387 503 356 458
808 226 507 882
558 976 717 930
319 283 686 950
256 482 23 994
520 676 45 481
572 809 147 359
504 49 493 807
385 171 379 596
226 442 35 966
10 629 4 982
832 858 500 656
346 740 109 226
771 817 254 968
245 902 21 141
41 19 109 896
199 851 253 594
773 935 269 315
414 321 592 704
665 822 950 965
718 749 677 699
755 627 491 910
292 533 457 644
310 676 382 553
830 641 78 207
925 388 598 753
871 911 42 528
31 289 802 942
486 195 268 925
115 438 265 698
443 639 221 256
919 25 165 294
240 753 15 775
758 297 5 904
128 620 808 966
885 149 333 934
342 536 351 403
539 708 592 926
294 610 283 370
880 955 245 787
398 374 134 138
556 11 99 281
141 394 30 973
865 641 748 897
439 771 122 318
12 446 125 845
592 200 447 756
950 364 147 184
230 206 74 566
355 250 150 232
750 687 675 940
79 274 276 438
256 71 647 875
50 829 706 847
312 272 35 581
674 69 463 878
111 885 446 616
795 757 872 942
384 549 337 958
218 782 249 317
749 489 333 839
853 372 366 702
227 835 348 717
783 782 188 610
327 408 327 933
942 990 71 463
465 346 471 567
630 702 440 497
448 99 60 427
806 830 436 838
445 51 586 812
921 420 690 913
137 252 205 482
124 906 266 613
734 538 12 467
784 488 486 731
152 604 430 973
631 378 367 742
42 718 287 606
90 449 422 951
461 547 138 611
299 548 285 295
309 166 48 53
894 855 295 744
656 720 152 616
592 601 745 767
786 288 189 540
316 325 23 325
203 839 59 804
542 500 644 657
307 909 331 398
956 79 668 676
680 666 541 810
697 270 466 670
903 632 120 801
730 246 5 606
723 761 164 310
619 148 409 719
128 733 87 839
100 724 199 634
633 333 550 849
332 153 371 829
285 159 132 675
343 993 97 304
379 310 113 150
934 362 138 552
182 341 486 633
873 786 497 614
243 419 51 798
245 432 31 155
29 945 500 670
540 100 619 881
275 236 8 90
564 10 242 548
128 438 155 903
738 343 175 485
702 914 11 293
764 218 26 901
977 863 664 822
847 322 953 969
605 96 925 927
293 960 174 259
582 136 60 849
221 321 230 557
725 239 222 252
473 599 522 810
608 86 114 316
984 308 527 676
688 361 548 759
622 287 147 765
376 425 470 820
372 698 247 541
537 671 430 612
566 885 279 421
338 145 20 174
874 965 454 989
165 340 347 815
681 891 379 864
612 610 277 551
278 264 437 635
147 555 270 510
52 585 140 845
148 841 539 542
440 788 578 695
440 353 289 736
7 810 478 635
327 275 93 946
390 716 473 912
400 689 96 648
253 355 586 949
56 537 590 633
619 838 365 436
772 359 311 502
107 170 634 991
641 9 306 840
691 224 109 829
591 722 299 499
559 875 440 449
4 229 697 971
511 507 349 417
159 353 279 992
165 297 503 707
36 413 58 149
886 662 433 859
541 59 565 977
987 995 121 677
142 621 412 889
232 344 226 674
232 900 509 557
93 13 177 341
274 368 605 969
540 159 30 914
943 141 456 877
335 314 79 646
7 703 130 467
971 452 51 444
671 287 721 754
405 630 592 670
458 49 337 361
683 463 765 870
476 607 504 884
408 703 301 480
96 335 560 660
762 951 421 774
649 817 22 627
428 126 119 894
745 203 127 139
368 627 51 307
192 828 49 918
839 273 6 144
906 542 6 454
577 405 717 784
262 220 26 342
169 812 169 192
706 960 507 683
939 151 330 667
541 112 281 973
744 203 563 936
280 158 393 922
593 794 116 188
363 676 459 556
664 64 162 258
86 717 577 729
144 80 428 587
111 599 355 477
459 98 163 527
906 424 311 805
150 751 77 604
10 587 908 922
379 485 306 445
301 937 41 562
61 651 144 700
316 215 279 392
686 745 476 971
265 911 292 920
176 434 641 680
572 680 211 220
521 171 581 922
648 18 387 982
547 384 89 447
155 12 71 938
859 473 578 981
176 550 716 841
931 94 90 173
555 566 111 615
323 497 253 568
175 562 580 941
225 18 221 377
101 852 639 745
887 167 92 856
292 729 96 484
994 140 172 338
96 32 131 312
720 8 339 882
833 371 157 333
19 263 338 459
556 644 615 943
704 896 718 898
527 322 20 812
978 686 869 922
18 364 67 120
395 906 910 941
803 608 462 914
682 256 233 400
120 881 549 907
433 386 319 666
915 105 551 846
489 60 619 859
922 201 90 934
689 637 821 848
498 620 129 247
806 255 26 414
149 943 297 837
658 838 186 451
380 104 363 724
818 795 289 349
844 436 726 849
866 72 660 841
742 914 106 379
828 50 180 972
117 704 207 556
317 606 224 238
947 337 144 259
878 585 78 172
952 636 157 487
247 790 113 895
627 802 68 404
515 591 290 418
286 914 178 469
702 206 492 697
867 476 523 748
872 721 734 824
803 516 454 918
711 953 258 293
542 197 358 770
444 350 241 869
167 864 260 996
78 185 397 929
176 912 232 326
206 491 27 548
639 927 117 785
52 288 23 926
876 81 120 671
972 895 354 772
287 845 6 282
409 330 512 985
178 734 30 318
135 62 180 561
247 900 104 477
701 653 452 688
905 117 226 910
185 195 111 536
752 885 159 587
702 735 518 657
346 122 74 931
648 327 80 643
861 208 180 497
315 716 353 390
350 940 285 966
343 141 112 569
122 274 69 981
462 200 858 955
163 639 485 517
97 230 8 359
615 977 236 386
727 219 230 279
103 590 7 966
316 796 445 569
72 371 315 850
764 491 39 339
375 948 544 980
57 60 388 406
53 820 269 507
756 346 141 538
645 620 143 365
495 860 153 342
364 205 183 567
428 946 85 193
178 422 328 520
927 219 59 595
184 13 273 452
389 690 550 687
629 351 155 165
708 864 233 765
615 348 154 187
824 919 144 545
829 181 733 760
770 965 563 953
590 210 454 628
813 310 359 706
136 803 418 874
610 587 316 688
371 585 689 857
774 583 81 204
183 29 375 768
893 622 466 950
81 181 138 695
826 396 358 628
117 768 414 749
71 189 97 758
974 861 106 165
76 573 37 324
651 801 530 817
658 768 611 938
410 98 369 823
98 22 302 420
505 559 74 162
49 572 804 834
737 18 27 937
140 985 571 782
92 628 246 745
43 895 487 624
530 846 259 731
803 503 110 627
500 906 390 979
952 781 816 914
921 970 210 237
476 288 126 602
167 373 37 427
121 169 876 903
569 7 108 849
336 643 526 535
945 272 469 730
531 466 737 978
213 207 129 859
309 171 359 372
558 498 130 877
172 227 92 363
772 476 36 812
231 301 418 839
807 971 380 949
258 344 77 691
490 857 147 698
548 947 67 114
48 947 172 822
695 476 31 270
787 424 38 180
329 825 142 355
832 351 184 845
286 240 481 822
283 950 577 730
471 549 330 891
565 202 553 790
880 308 513 773
993 59 786 809
882 834 215 884
795 987 745 932
853 828 617 810
924 843 874 918
698 304 495 515
990 85 176 548
634 832 245 717
565 172 701 888
833 715 395 663
921 569 28 781
175 526 674 688
1000 156 32 211
418 620 15 875
14 15 74 967
548 644 236 316
653 490 681 960
921 753 69 193
281 131 16 307
108 259 78 878
875 658 69 911
7 681 1 377
700 332 157 964
876 719 164 467
888 210 169 564
436 507 391 632
147 592 416 985
83 614 546 730
803 591 219 802
545 640 48 961
255 180 21 593
45 939 171 210
717 240 258 807
122 951 83 885
803 117 252 891
800 861 604 686
116 937 923 931
721 817 21 982
506 466 500 604
174 745 193 256
76 616 799 881
716 861 362 877
316 789 132 770
207 363 196 435
2 122 330 352
643 410 380 391
590 377 509 923
120 425 641 733
892 623 26 38
641 961 145 911
761 101 63 281
234 862 181 273
360 668 38 76
29 196 429 833
341 971 258 976
536 517 655 959
917 97 764 933
335 315 207 389
404 767 481 727
803 138 459 914
235 283 37 300
306 745 263 877
888 327 25 648
460 858 239 909
395 428 617 959
730 483 489 725
342 343 4 777
612 554 660 825
342 889 76 650
91 637 370 424
969 767 426 984
908 751 211 459
59 747 295 385
376 924 353 651
100 168 412 676
178 981 174 307
165 101 282 647
580 180 270 929
436 643 299 459
2 762 42 327
962 807 425 995
705 155 42 648
687 123 343 437
659 594 395 445
141 633 523 896
317 134 23 570
476 186 275 790
107 649 76 216
643 56 285 742
941 165 128 732
602 703 218 531
941 52 363 753
428 164 637 846
869 937 483 520
44 932 581 718
491 919 44 250
115 403 14 906
160 580 745 783
309 906 560 886
494 560 459 844
752 125 153 549
893 938 65 544
991 201 920 932
7 512 685 891
196 169 53 967
984 86 394 640
656 443 415 491
500 302 93 200
838 945 346 518
90 132 362 564
409 151 767 777
289 115 385 418
668 739 331 706
432 599 386 900
763 756 63 431
750 760 618 790
919 227 162 200
565 898 86 765
675 900 378 469
974 608 909 911
765 396 834 876
405 702 629 703
855 362 22 327
808 407 463 575
27 5 71 242
193 320 206 712
101 214 132 437
700 239 497 851
956 50 322 816
894 372 3 564
309 248 284 949
65 275 136 201
599 873 44 659
538 448 220 948
63 169 294 551
383 437 304 967
481 812 394 648
437 42 124 178
234 778 362 949
45 6 179 646
782 18 210 810
890 934 484 804
336 122 962 992
851 92 168 547
250 207 52 372
80 154 156 357
664 346 123 312
410 945 305 331
976 922 369 427
725 710 917 973
30 467 379 389
189 462 45 317
309 684 14 79
63 527 124 791
983 557 445 844
391 478 321 916
423 666 373 417
6 286 561 702
659 118 438 448
155 641 98 651
303 750 492 971
543 105 69 335
669 619 668 684
742 946 656 766
181 122 205 275
719 258 385 801
646 482 437 747
709 246 739 984
682 764 51 815
784 362 83 781
367 993 25 630
235 296 562 615
200 480 54 882
329 736 156 348
578 910 729 794
93 156 171 277
281 336 151 614
510 869 357 910
938 765 550 627
949 17 227 320
21 634 130 979
666 178 208 277
693 112 222 370
961 768 78 834
757 815 99 745
943 521 71 966
12 236 375 521
871 859 560 990
575 904 736 770
732 130 48 897
103 55 376 534
64 301 149 819
388 381 217 811
13 924 60 628
514 245 513 971
284 838 489 608
884 382 385 940
426 728 264 825
282 686 633 979
801 104 228 739
901 473 241 440
414 325 690 706
755 899 23 466
981 966 22 239
722 922 45 271
851 654 173 970
255 273 164 393
84 437 354 692
888 988 398 801
343 556 112 868
865 292 184 619
44 77 914 962
866 997 187 778
814 806 451 612
440 230 771 973
334 439 221 942
263 956 263 263
180 804 167 246
494 818 198 472
383 552 694 767
534 295 416 878
335 205 561 788
583 537 314 448
215 329 220 874
500 131 630 731
603 615 265 551
336 951 471 689
241 1 29 795
695 961 176 868
464 348 333 873
549 140 143 536
462 608 288 973
277 489 248 287
381 862 683 982
434 416 458 793
221 77 189 207
240 681 326 998
668 956 423 963
820 452 149 546
264 779 98 277
21 988 389 461
759 718 868 882
995 896 415 579
142 692 474 597
825 930 348 995
548 491 221 388
164 791 332 483
212 536 681 880
257 488 22 304
683 346 275 320
709 357 591 885
757 529 158 924
85 989 214 507
965 832 766 983
729 961 390 678
309 245 226 422
116 921 237 993
690 647 336 551
993 946 77 394
391 871 277 388
130 456 419 918
371 796 178 367
176 88 47 841
871 909 117 179
103 102 315 573
752 508 11 881
451 455 809 927
300 411 245 846
80 347 152 873
885 310 168 381
10 256 328 547
719 634 290 839
360 216 416 822
236 743 347 562
776 578 149 417
291 562 27 418
953 783 93 500
464 300 151 963
51 734 271 381
218 736 191 553
853 214 120 504
610 653 90 305
493 400 278 364
489 413 213 723
469 945 816 972
870 314 513 541
418 290 497 873
279 341 603 915
855 831 915 953
366 157 125 746
658 314 471 906
30 687 371 935
576 377 582 654
618 453 184 996
476 458 728 926
523 903 208 367
340 386 10 360
609 322 685 751
254 856 236 665
495 566 147 945
759 633 610 906
645 781 182 303
971 776 418 536
595 472 397 693
834 400 271 638
425 773 448 925
678 481 629 883
733 527 56 655
59 988 54 383
994 860 56 860
488 219 81 763
124 215 333 583
223 528 65 89
516 478 344 491
797 772 734 849
576 676 610 793
298 718 184 355
26 915 233 494
738 325 435 859
823 691 182 380
17 307 904 990
605 424 57 563
98 602 176 762
954 90 28 949
5 443 343 452
642 132 597 830
188 505 434 458
238 386 743 758
576 222 264 705
108 655 348 684
412 727 101 576
898 661 638 792
560 40 62 464
31 576 584 723
511 52 102 928
636 991 871 938
782 591 162 756
578 202 902 925
726 331 620 860
947 945 532 837
35 620 677 857
437 251 225 326
376 339 100 962
546 944 490 660
683 761 454 884
417 389 43 205
570 2 358 991
437 514 413 884
246 73 640 792
440 774 348 592
518 885 436 719
807 283 121 580
326 628 12 359
99 39 494 657
934 901 198 311
183 524 518 679
682 518 191 265
321 815 436 540
448 155 40 375
505 242 83 439
596 794 223 904
491 657 120 905
741 961 133 514
199 843 283 643
258 681 413 602
356 199 51 684
770 612 826 853
4 774 3 611
268 403 376 432
871 159 280 348
160 912 201 396
705 755 539 559
281 566 455 786
358 470 231 479
823 796 111 528
779 930 93 863
233 185 37 807
117 888 336 738
328 696 292 692
818 646 229 722
297 101 285 499
921 919 509 901
785 519 321 522
786 795 252 734
953 805 124 492
116 118 646 986
273 370 490 978
451 896 226 603
830 905 467 844
285 79 599 726
62 395 260 890
573 387 200 891
202 752 421 946
672 687 615 631
172 379 243 538
690 789 530 890
297 978 52 309
835 440 35 532
27 970 313 786
557 705 645 700
792 943 223 536
224 916 213 860
213 668 249 914
605 832 30 739
169 352 520 825
654 698 148 902
637 947 335 837
976 438 160 375
791 548 159 915
863 316 485 550
576 146 238 964
978 984 229 829
873 220 29 681
629 39 254 926
405 8 293 655
31 840 167 289
726 549 220 852
144 571 75 332
22 993 165 897
460 291 504 662
923 34 298 934
602 961 353 729
231 741 580 585
684 257 737 745
279 506 203 287
209 319 666 756
606 322 518 605
659 440 482 518
797 81 116 357
77 123 485 847
610 151 311 366
647 822 532 873
965 59 591 599
700 207 346 552
988 682 444 559
642 716 626 968
52 24 36 340
978 738 510 724
690 285 32 274
39 805 148 407
304 644 139 824
983 740 230 667
869 910 154 844
374 868 291 706
172 926 457 560
950 1 181 420
698 439 692 908
222 124 80 104
978 937 121 851
163 406 35 361
39 834 64 835
579 394 186 728
657 235 724 774
725 41 270 807
234 476 675 807
314 519 380 755
475 519 95 751
405 595 173 815
530 320 395 829
525 726 55 78
857 252 480 513
21 924 194 771
919 733 7 795
871 882 125 647
730 260 491 940
61 797 188 417
393 168 271 574
233 832 305 423
28 562 218 722
510 179 643 949
914 27 208 576
254 251 217 979
239 932 227 945
83 589 57 213
582 359 394 610
622 724 25 999
148 949 182 202
320 365 530 663
802 264 92 283
162 962 349 375
176 542 467 695
253 903 314 542
451 139 300 443
66 380 390 955
948 273 670 794
602 171 131 183
324 136 130 359
853 458 99 545
990 882 92 735
705 86 946 948
368 465 47 668
887 573 263 269
702 823 374 684
639 551 823 922
490 427 471 686
529 267 501 749
995 814 92 175
245 235 485 893
940 290 150 262
268 111 381 854
242 649 40 521
6 397 369 606
550 409 578 983
400 634 349 792
440 767 357 881
984 330 80 531
351 195 4 768
96 989 241 735
716 356 97 729
287 244 340 825
322 835 163 816
932 310 279 523
582 959 129 659
755 639 126 943
313 871 321 883
228 945 484 505
583 878 39 207
836 509 76 580
389 35 230 400
758 8 554 895
229 844 169 374
848 917 613 674
133 953 70 923
683 938 140 695
350 726 27 961
94 774 303 681
662 609 557 842
773 17 11 146
287 282 691 939
531 887 205 565
391 692 417 703
261 23 170 611
540 198 26 343
951 588 692 741
799 210 502 987
904 474 119 137
787 927 497 771
883 508 7 920
729 984 171 294
86 145 235 728
407 75 39 352
667 322 157 951
989 934 272 672
51 799 142 859
904 345 14 976
420 524 90 942
261 240 189 234
578 337 511 808
881 283 528 882
834 548 6 515
608 804 22 64
711 786 15 502
457 345 217 298
27 805 458 740
86 605 349 559
346 837 133 161
259 24 479 496
896 454 314 404
225 850 36 814
774 861 433 581
409 45 614 670
686 964 622 768
657 100 512 603
865 452 126 889
170 619 718 799
441 476 290 478
771 238 991 991
292 989 146 848
310 314 509 769
968 480 689 849
260 281 750 955
919 136 23 437
543 293 705 898
212 458 304 318
293 12 626 765
966 485 942 954
41 535 572 832
724 414 173 232
302 458 388 989
26 414 347 747
293 367 147 971
323 234 106 914
827 649 121 775
199 833 460 547
28 336 45 88
620 610 389 405
561 888 377 957
499 970 443 990
581 190 61 580
471 917 79 448
387 797 247 870
160 68 99 840
123 387 126 559
598 996 272 508
473 704 257 486
699 74 220 698
435 789 722 959
866 85 119 683
709 124 131 850
847 671 539 643
153 452 278 899
966 356 70 197
51 394 294 469
715 255 297 698
655 675 226 906
468 792 184 260
561 734 278 514
807 704 307 614
22 704 229 260
505 370 143 819
204 277 544 853
745 30 91 328
743 780 564 742
566 773 215 607
693 840 86 548
814 271 198 361
91 405 470 755
140 108 28 767
943 493 405 788
694 212 859 903
353 19 263 294
190 344 892 962
929 186 378 724
997 791 289 680
324 476 73 671
711 456 396 409
830 938 277 463
711 423 761 986
576 912 486 846
436 307 727 909
781 600 583 932
778 659 442 702
448 848 309 992
641 854 19 274
77 105 295 461
544 572 273 848
792 955 92 627
862 831 60 971
478 177 187 276
951 374 255 410
416 807 708 793
523 111 625 821
233 898 815 938
670 230 115 922
919 484 442 615
98 463 112 681
324 527 529 827
462 986 291 498
791 478 370 694
157 372 551 655
540 455 41 790
597 48 204 507
992 927 104 374
753 736 502 581
483 236 371 569
722 432 74 466
710 243 479 537
177 578 452 760
817 886 240 915
816 227 338 449
249 446 45 764
349 139 115 625
356 895 45 714
141 982 627 862
278 769 525 904
355 994 661 900
820 632 173 316
321 768 304 939
860 355 124 897
921 63 317 882
336 99 497 702
951 918 400 959
11 116 368 372
816 644 863 936
25 220 742 755
374 701 607 837
707 57 9 186
479 851 342 946
244 99 367 441
528 433 608 676
576 643 374 750
370 91 20 277
333 946 883 953
2 780 506 833
712 27 396 616
831 439 454 487
933 619 135 752
696 253 816 882
333 189 322 533
458 71 403 630
210 951 189 811
735 155 70 745
223 326 371 406
274 100 188 619
577 335 576 783
522 479 224 666
184 40 151 576
205 472 796 977
738 222 162 786
84 513 204 989
940 151 413 540
641 781 321 423
129 510 401 500
99 156 405 796
211 192 544 925
93 152 86 564
108 989 162 350
254 196 230 640
901 920 477 749
220 543 588 639
456 292 383 985
820 62 108 758
626 384 340 858
745 123 470 667
30 48 70 495
598 789 139 981
15 392 297 793
30 591 159 490
653 169 120 349
631 219 689 822
517 425 357 533
324 563 603 821
566 477 195 778
307 678 371 666
646 322 380 580
964 413 158 361
27 90 174 559
784 633 105 190
893 305 409 476
38 192 261 926
896 280 13 301
840 91 209 409
746 152 876 927
289 506 155 401
266 737 249 488
574 742 780 916
532 592 682 715
268 482 290 478
507 422 114 256
589 94 254 760
43 236 447 849
20 201 815 874
270 467 296 323
556 107 110 848
134 609 83 982
805 224 322 416
307 792 421 983
292 81 124 787
778 102 17 492
646 94 245 707
174 408 310 543
767 806 434 741
262 904 243 269
697 941 929 935
163 565 32 161
668 217 177 893
490 246 416 683
727 566 440 830
31 217 601 700
419 66 450 573
600 498 460 485
217 644 57 427
370 476 421 428
806 367 139 870
355 964 429 621
853 905 205 953
687 999 70 476
593 606 500 650
1 421 198 568
435 443 377 888
542 509 580 821
784 991 291 551
575 721 94 823
461 521 340 968
258 230 213 414
785 423 36 838
949 253 497 913
667 704 428 492
944 221 27 515
803 452 318 547
524 76 21 765
524 548 133 760
411 808 30 218
634 897 156 645
662 317 4 820
284 736 99 155
390 485 674 904
304 339 708 976
352 290 85 844
995 860 688 809
507 660 77 203
316 152 127 876
621 371 271 430
668 785 403 772
881 708 68 323
207 176 22 365
250 801 328 696
716 681 17 439
14 509 77 486
616 745 306 367
545 480 344 518
570 714 42 990
823 555 22 230
536 728 677 999
666 978 664 761
794 164 689 731
939 989 183 966
676 494 180 222
231 243 927 930
240 25 401 769
623 155 331 441
106 959 461 552
203 713 201 869
40 357 433 594
928 520 620 983
616 133 528 762
287 820 83 831
501 934 732 786
956 63 711 968
460 816 390 496
327 102 423 861
181 972 420 634
327 480 170 851
414 357 54 76
445 392 556 796
719 963 458 558
237 791 230 590
324 647 49 617
907 819 213 336
209 915 156 724
692 215 297 458
563 735 731 956
954 573 519 931
163 526 239 646
807 398 436 925
86 746 22 31
91 682 275 949
381 66 128 164
266 346 420 420
993 6 461 595
562 253 869 906
260 29 137 587
317 658 522 680
790 525 148 954
12 908 595 645
358 809 244 394
906 908 357 796
765 260 500 605
567 390 402 583
250 964 179 268
823 282 49 562
154 816 917 917
821 559 92 655
993 824 310 988
967 795 586 677
34 487 31 985
467 243 167 908
731 512 179 878
91 716 78 975
103 807 512 933
563 685 231 486
260 627 231 271
651 23 465 536
783 14 436 459
675 539 232 863
595 153 444 811
605 1000 44 204
323 95 323 759
372 650 39 485
832 365 153 331
301 316 105 635
820 314 483 997
829 88 554 771
871 769 282 599
782 195 160 265
338 384 540 686
510 156 626 843
794 366 50 915
161 502 403 983
554 701 262 671
179 343 139 775
946 766 487 712
895 876 798 996
601 294 121 519
729 457 401 873
17 947 265 718
92 225 244 833
35 397 224 487
554 390 300 674
694 687 40 970
207 196 231 996
108 815 73 847
471 260 591 944
657 961 279 766
740 476 743 856
762 482 169 364
413 887 361 783
993 833 684 923
