1768 2000
-866 148
-284 906
-667 932
-405 1117
-1073 334
-1411 1067
-753 530
-1677 26
-1475 670
-585 72
-794 1637
-1480 285
-636 203
-466 1142
-562 932
-343 1722
-1230 1586
-172 801
-228 73
-1435 1422
-758 1013
-236 894
-1257 11
-133 213
-846 1402
-619 479
-555 898
-1354 198
-1466 1472
-1314 157
-638 1214
-203 1541
-518 886
-512 623
-362 975
-244 554
-329 122
-167 109
-370 902
-1175 516
-834 1675
-91 1605
-1617 63
-392 380
-672 468
-591 343
-692 1296
-518 25
-472 979
-450 829
-871 1386
-1339 871
-505 581
-1420 1243
-1148 204
-1729 971
-1631 602
-638 889
-512 840
-168 898
-1498 181
-401 242
-219 101
-751 1759
-573 356
-885 1520
-322 425
-96 1090
-1692 149
-1620 873
-496 1128
-364 1066
-1682 484
-1746 1449
-411 746
-1043 306
-721 1344
-825 1637
-604 1092
-1575 644
-1351 647
-202 53
-1043 504
-1160 1303
-751 1173
-729 817
-1357 155
-133 849
-714 199
-688 1410
-1229 1311
-155 739
-323 736
-686 11
-1304 1549
-828 235
-1505 1510
-570 1400
-825 330
-1121 317
-1673 597
-1456 129
-76 535
-307 134
-361 536
-22 791
-590 75
-1114 85
-888 606
-1608 947
-1162 1685
-1480 755
-1571 1070
-1723 526
-1247 1135
-286 1135
-181 1754
-1416 1321
-540 291
-1661 301
-1078 254
-871 1161
-28 616
-1389 574
-366 1369
-813 213
-550 44
-1713 776
-481 1430
-1318 1531
-160 151
-1212 1640
-1559 1690
-1130 135
-1716 1606
-1500 614
-1304 1235
-1711 1613
-1753 1731
-1196 318
-231 547
-1327 1445
-95 732
-376 1038
-1295 318
-644 387
-964 1375
-611 338
-746 32
-172 357
-594 1039
-1744 188
-7 817
-79 119
-1196 1531
-991 1317
-873 1305
-1136 1250
-547 677
-1725 360
-1195 899
-18 676
-435 417
-1448 1089
-304 431
-277 1758
-482 1244
-1675 369
-723 1088
-1575 1499
-1498 389
-915 887
-417 743
-1482 601
-641 827
-489 379
-512 531
-196 1670
-1118 782
-93 1175
-1339 348
-1371 1366
-1447 1659
-141 1242
-16 1368
-478 1657
-276 1447
-1691 1195
-458 1503
-249 1502
-1117 560
-1335 776
-1035 657
-565 540
-743 1152
-916 654
-1279 1358
-1451 1165
-869 879
-1064 160
-547 462
-549 33
-153 888
-1520 1470
-528 1489
-1484 400
-672 246
-155 524
-703 1522
-653 238
-196 1340
-928 1280
-84 1078
-490 481
-1193 952
-580 651
-672 638
-252 528
-1369 1138
-1636 1466
-87 597
-599 264
-463 1665
-237 1443
-1709 104
-1455 758
-1289 768
-867 679
-1017 704
-1525 1609
-1222 646
-1655 1755
-1343 424
-1521 406
-1735 1760
-1304 1587
-1517 1147
-1266 1345
-1388 961
-222 660
-261 894
-577 843
-52 435
-1185 1374
-25 316
-83 26
-1594 1603
-577 1207
-831 846
-302 1280
-1119 1253
-1625 336
-1296 54
-877 1070
-1127 1751
-1538 682
-1091 10
-287 625
-804 715
-1326 557
-854 301
-1230 1758
-1499 1317
-44 179
-439 1515
-231 1101
-1325 675
-561 1146
-482 192
-1502 1035
-1705 614
-71 1161
-1162 840
-803 892
-407 381
-379 701
-2 954
-1607 1072
-1562 173
-113 802
-317 839
-838 1037
-302 1645
-1719 1348
-1069 1230
-978 225
-819 1030
-178 22
-1765 285
-1265 236
-30 1338
-447 972
-1195 1332
-122 348
-1234 1158
-1757 545
-1528 1458
-992 956
-19 95
-633 1039
-52 798
-1444 865
-449 1146
-1707 1558
-922 1638
-1506 372
-920 1452
-1466 1202
-824 944
-1432 1512
-1108 356
-746 1330
-1255 876
-716 1549
-1231 1093
-836 1429
-743 1689
-1461 1602
-1534 1738
-1688 824
-1732 818
-422 1567
-822 1173
-482 295
-1277 1024
-957 259
-1593 336
-649 955
-1035 20
-1397 993
-1362 865
-1018 1559
-408 836
-741 333
-146 1399
-1224 1069
-1634 1308
-412 1531
-1009 649
-926 513
-384 409
-555 759
-1719 1692
-1084 971
-1318 302
-779 1548
-1137 1438
-1242 879
-1599 469
-272 114
-1375 843
-735 97
-327 636
-370 131
-1619 675
-427 1521
-1251 764
-605 1278
-758 657
-579 418
-263 899
-364 1666
-954 360
-749 1296
-470 1736
-1183 685
-943 1059
-545 612
-1029 1135
-818 301
-1090 1335
-233 565
-250 1288
-656 1289
-633 1588
-1276 1437
-402 166
-318 1484
-40 1130
-1189 769
-353 834
-833 1121
-891 656
-477 1737
-947 1385
-159 409
-1713 1506
-604 959
-370 35
-739 1368
-352 601
-1567 1700
-746 163
-280 28
-249 1289
-304 241
-1400 1706
-283 1240
-951 1433
-1332 202
-1691 371
-51 577
-107 3
-2 1567
-358 1696
-854 1508
-1563 503
-136 566
-1667 1588
-1065 941
-708 595
-1471 900
-327 31
-28 1122
-1296 1638
-1247 1521
-1679 1083
-1360 1557
-256 1294
-1196 1410
-551 479
-3 535
-1506 1759
-1148 854
-431 204
-588 93
-783 658
-1572 722
-572 278
-967 1258
-538 207
-236 847
-914 1714
-460 420
-1179 222
-1162 1207
-65 307
-636 1005
-95 778
-309 860
-499 974
-351 26
-181 503
-1107 93
-964 1643
-906 1627
-962 1057
-1462 185
-756 717
-510 934
-1238 916
-812 1315
-1608 216
-1312 143
-1278 30
-944 1682
-152 847
-132 1383
-910 470
-673 782
-830 2
-1189 1080
-594 783
-539 1200
-117 1035
-102 109
-104 1209
-321 1317
-1504 696
-977 1410
-1640 1354
-796 1571
-82 8
-1279 1623
-991 157
-1210 1006
-1577 479
-635 1351
-174 1668
-1729 595
-181 1422
-435 624
-1315 1452
-1741 978
-575 1355
-225 1715
-1255 1043
-1528 1340
-832 1317
-224 211
-682 928
-611 746
-891 495
-1331 73
-1335 1352
-877 1759
-836 1392
-1236 980
-1153 1488
-1354 1712
-753 52
-807 394
-157 56
-721 1744
-1395 1254
-427 969
-1702 1024
-369 755
-359 1416
-1344 429
-1003 1100
-605 534
-709 866
-587 232
-403 407
-1489 251
-569 479
-436 1566
-1171 318
-1257 347
-1117 1591
-893 654
-790 837
-952 381
-1660 1395
-562 728
-275 406
-1383 1025
-1649 1624
-1388 252
-417 1327
-782 673
-1209 386
-810 430
-1518 872
-373 1671
-1483 1488
-9 486
-1160 464
-50 132
-1353 1162
-990 1161
-1410 1767
-101 152
-44 1688
-981 1476
-757 267
-1266 1278
-1414 524
-266 287
-118 1073
-1114 1399
-271 80
-788 1743
-970 1560
-1135 1291
-1030 938
-1458 1392
-531 471
-387 1641
-533 990
-1091 757
-570 218
-1358 698
-1280 1681
-1726 932
-428 665
-1168 1096
-981 1237
-593 52
-1583 1140
-394 1525
-1368 1588
-1215 150
-577 1293
-351 468
-1462 64
-1042 843
-1668 1030
-845 844
-1379 512
-51 164
-190 579
-348 1545
-522 527
-916 1352
-603 1200
-1714 222
-253 701
-1758 528
-1641 754
-1427 1454
-191 1103
-1516 500
-574 1657
-1698 939
-769 1611
-981 12
-1544 778
-1517 721
-664 1249
-731 31
-410 213
-109 1288
-765 135
-76 423
-1242 680
-252 845
-1238 143
-646 148
-1006 853
-1194 486
-1078 429
-126 1368
-820 1002
-1223 123
-875 728
-1695 795
-617 1120
-1480 51
-1007 235
-852 807
-1712 1149
-638 1200
-609 1444
-1477 281
-1185 291
-1138 821
-854 360
-355 210
-423 620
-1033 1669
-1258 1698
-786 298
-826 899
-1655 136
-48 629
-372 420
-4 343
-463 841
-1461 709
-319 899
-1096 252
-644 831
-914 1524
-26 460
-1275 746
-1633 1238
-86 204
-468 1221
-67 1347
-1465 963
-1393 1648
-1429 802
-732 1250
-752 270
-1754 919
-816 1170
-808 1628
-1431 1393
-353 808
-1489 738
-955 890
-1413 405
-1383 441
-487 453
-295 424
-996 980
-1750 290
-1018 1248
-1371 1285
-964 84
-210 326
-498 258
-1369 893
-162 1738
-369 842
-1392 1077
-1476 879
-406 107
-214 48
-406 302
-380 189
-1513 246
-1572 1058
-913 840
-965 237
-480 1704
-80 549
-1341 661
-733 478
-1588 1025
-315 870
-307 518
-1150 1469
-24 774
-876 730
-1343 672
-564 1082
-1748 380
-988 1369
-1228 679
-1403 145
-1471 246
-754 509
-716 95
-1347 176
-10 1201
-846 1250
-803 1104
-666 613
-126 283
-1523 630
-1572 795
-1045 122
-1428 1111
-35 64
-736 300
-1457 572
-1623 15
-723 1364
-114 1535
-789 726
-1461 1699
-1221 790
-1236 1740
-704 665
-1565 109
-1216 1319
-19 1211
-786 1417
-865 1705
-1546 1713
-567 1420
-1755 401
-65 1387
-384 364
-888 449
-1380 1240
-451 1582
-1408 1635
-345 974
-26 469
-1206 817
-68 1738
-500 1062
-160 1238
-115 1714
-1136 683
-1024 1083
-411 22
-569 1056
-813 1368
-694 778
-1572 172
-1135 1676
-1509 743
-1706 1574
-1722 1462
-879 1627
-509 1552
-836 660
-1471 1704
-1178 1748
-377 169
-432 1590
-129 34
-525 1622
-994 677
-819 725
-391 274
-1147 217
-1024 1429
-55 35
-76 1092
-1033 1434
-981 998
-1653 1332
-1460 79
-894 432
-937 807
-396 1084
-973 1173
-99 925
-1456 1228
-996 1641
-699 738
-421 320
-10 317
-883 1196
-717 116
-1308 1106
-1575 1124
-762 706
-448 107
-805 794
-662 866
-1761 897
-1001 164
-783 1185
-1212 1076
-307 935
-1210 639
-1144 1424
-153 69
-772 166
-320 855
-1002 1686
-361 509
-1028 1766
-270 189
-77 1397
-992 660
-583 969
-482 88
-1583 903
-656 1007
-1322 1757
-854 1485
-1567 1344
-564 1608
-1752 1103
-1631 1623
-488 32
-1661 1245
-200 1215
-356 673
-1310 1331
-5 856
-673 1340
-1313 420
-318 1348
-26 1289
-935 616
-790 588
-1183 954
-289 1284
-510 603
-927 1740
-1479 1112
-1046 1108
-1528 405
-1717 584
-1151 1511
-1061 13
-1305 1089
-759 686
-580 1583
-656 877
-522 1401
-924 1110
-969 1723
-1627 1161
-1014 1187
-1496 1718
-785 1108
-1179 953
-917 777
-1249 747
-1510 1732
-1066 858
-1440 1718
-871 169
-928 553
-921 1648
-960 579
-246 260
-690 190
-792 10
-100 912
-923 727
-714 870
-1548 1097
-369 1191
-576 1209
-1595 63
-97 928
-1160 529
-441 1538
-1494 822
-494 1017
-1314 1440
-1224 170
-760 1638
-70 434
-1105 1381
-349 272
-1496 1242
-370 817
-1063 983
-680 1208
-540 1759
-1634 185
-1053 1552
-277 1447
-1393 187
-583 387
-817 358
-1716 239
-1740 1279
-1523 732
-1084 754
-1698 748
-622 338
-271 1293
-202 1008
-19 1415
-1371 992
-711 1730
-506 932
-625 1541
-252 1765
-1284 1022
-1632 707
-954 1031
-322 1107
-1396 1304
-715 97
-823 262
-132 1547
-736 545
-1754 1081
-680 574
-1019 197
-1316 530
-1513 1309
-1566 1615
-1531 622
-689 449
-513 632
-512 328
-1352 413
-1599 590
-910 872
-767 983
-27 763
-1417 971
-650 940
-1233 1734
-862 1522
-1643 1431
-536 967
-756 764
-94 240
-687 914
-577 1236
-1748 604
-874 1767
-1434 905
-24 658
-872 365
-411 995
-1673 13
-283 1016
-424 1297
-1727 977
-1604 487
-965 519
-1590 311
-1295 614
-1079 253
-69 1333
-1219 386
-16 301
-1700 1217
-508 80
-1376 1171
-260 266
-449 1533
-516 751
-1561 1134
-836 360
-186 807
-1659 1101
-141 179
-732 1005
-996 1514
-1120 1143
-1280 1345
-1475 1317
-337 722
-1736 1520
-150 279
-604 1619
-951 1142
-617 862
-454 1636
-622 368
-1305 855
-149 762
-1378 1645
-300 1486
-463 482
-267 965
-1428 613
-1057 115
-1 224
-1616 612
-1120 1437
-834 933
-484 1453
-1533 778
-1079 551
-608 875
-1534 1175
-807 700
-1694 551
-113 570
-1341 138
-1702 1569
-1031 896
-232 930
-473 1373
-1230 768
-1593 187
-1585 1013
-562 1094
-504 1290
-922 1700
-584 1242
-1578 841
-202 662
-390 71
-53 741
-337 732
-1624 407
-437 566
-1638 1050
-329 883
-601 1365
-786 479
-1423 296
-1098 1727
-64 1397
-629 201
-474 41
-1427 612
-308 237
-1420 1061
-202 1342
-776 1197
-177 1389
-1662 1023
-41 394
-792 420
-559 954
-283 614
-1199 695
-1225 49
-882 1719
-1400 1099
-1335 256
-883 727
-480 1346
-186 1529
-759 811
-731 961
-289 193
-1764 1520
-543 630
-1256 587
-121 155
-71 748
-838 1281
-105 714
-801 1353
-775 652
-1464 156
-895 1338
-1266 293
-904 1035
-800 586
-1467 1210
-412 1715
-1494 885
-738 849
-1472 596
-905 1322
-1420 1500
-1498 279
-1482 575
-373 1556
-922 169
-1251 272
-1284 197
-1469 1377
-795 1087
-1025 1629
-1144 1420
-930 1215
-690 1530
-1302 721
-462 1539
-680 479
-1578 967
-879 903
-794 25
-1676 1553
-1425 843
-239 1319
-966 813
-1220 589
-1500 125
-872 158
-875 5
-1199 1688
-1290 1507
-28 1627
-181 1158
-1107 1066
-688 28
-386 580
-192 1536
-1129 1216
-754 500
-18 479
-1736 771
-125 917
-1231 1129
-1621 637
-180 511
-825 1619
-713 1178
-573 420
-1490 1741
-335 1600
-283 570
-1667 1185
-865 1012
-208 1217
-1244 992
-1298 227
-338 135
-1671 502
-1344 567
-841 1110
-515 1682
-718 15
-514 909
-44 1362
-1656 164
-925 831
-207 640
-925 103
-1403 1712
-306 377
-142 363
-186 1524
-791 512
-942 635
-1307 440
-41 1072
-1423 707
-781 1442
-1495 1402
-1125 1706
-615 940
-700 333
-583 462
-1753 681
-1693 976
-689 1685
-680 1269
-229 899
-337 668
-690 1132
-756 657
-1296 104
-1241 28
-431 716
-1720 383
-868 884
-512 20
-6 866
-1100 753
-200 23
-934 193
-314 993
-1116 806
-158 1302
-1571 549
-1324 1431
-430 933
-1106 1568
-1679 412
-676 623
-969 250
-886 311
-1157 718
-758 50
-314 622
-1700 1535
-1458 802
-1133 70
-62 1242
-14 62
-112 629
-975 1508
-1030 1505
-831 818
-1443 959
-489 932
-614 153
-983 256
-1389 1707
-1527 1013
-1666 946
-61 92
-1439 1613
-227 1374
-842 1464
-1704 734
-1476 265
-716 1509
-98 551
-769 1037
-1004 1340
-924 915
-1159 759
-1130 105
-1054 1641
-1473 339
-937 730
-919 1599
-1270 188
-1050 621
-143 1556
-311 221
-730 1284
-1334 1525
-552 147
-510 1039
-183 383
-1245 1006
-1025 19
-1565 133
-169 290
-937 877
-881 1048
-1068 1159
-439 366
-1657 1124
-1575 263
-53 202
-959 1656
-806 469
-1182 710
-389 470
-356 115
-90 245
-1627 106
-607 1083
-1274 1152
-1487 1221
-473 1314
-660 1173
-887 338
-1011 370
-49 519
-1173 85
-343 1655
-380 497
-674 794
-1095 1119
-1285 1057
-1286 475
-107 1286
-431 424
-612 1073
-1761 667
-15 1662
-994 32
-715 531
-620 1146
-1319 290
-871 704
-1618 1295
-1504 432
-15 1270
-955 916
-530 1736
-1739 42
-1611 806
-1308 666
-1570 965
-1592 667
-533 546
-105 256
-1618 71
-325 1067
-1143 55
-1660 1371
-444 651
-1202 804
-1054 851
-840 1241
-355 1568
-1054 935
-1181 328
-36 130
-1315 1286
-54 991
-1331 1593
-556 519
-1751 1416
-87 1204
-1209 213
-885 455
-1637 813
-1542 661
-414 1280
-1102 302
-854 1597
-1125 115
-1441 373
-1379 996
-1687 535
-1264 370
-931 861
-1588 378
-1265 474
-374 967
-588 131
-1471 855
-1164 345
-1545 261
-959 623
-928 1647
-1243 1110
-638 686
-1203 281
-595 775
-1098 548
-1233 1524
-532 1562
-319 136
-1483 782
-25 1070
-241 1141
-1613 579
-1761 1455
-752 971
-1652 1262
-893 1262
-893 30
-1599 144
-1534 2
-1391 1313
-996 1317
-1634 103
-981 964
-105 457
-31 963
-864 436
-894 1317
-870 692
-275 1077
-681 386
-1559 1037
-543 830
-231 452
-316 881
-551 227
-1054 1311
-1138 1710
-1274 1168
-1402 1680
-1196 157
-893 249
-1140 903
-509 1488
-1651 186
-780 231
-1616 451
-1542 1481
-356 340
-1025 419
-723 635
-1564 1418
-1651 1265
-1223 1232
-124 715
-121 61
-1450 699
-557 32
-1256 257
-622 832
-274 269
-426 1495
-1602 659
-1030 1062
-207 1359
-731 1713
-1428 817
-401 149
-1742 1279
-726 1653
-412 486
-47 1082
-1013 594
-333 999
-1694 225
-542 442
-533 861
-1321 435
-1349 222
-445 1546
-1428 1176
-1487 191
-223 453
-771 1509
-729 1439
-884 1325
-255 1129
-682 843
-741 1471
-494 532
-1411 373
-1031 296
-1658 1048
-1318 341
-1533 1678
-695 1392
-1039 331
-1003 789
-1159 1191
-1344 936
-710 753
-912 194
-1637 1113
-221 97
-1069 1516
-975 1131
-559 66
-822 141
-1352 1542
-1444 934
-906 1517
-86 371
-1515 1576
-442 587
-1022 1419
-974 887
-632 994
-404 364
-718 471
-428 672
-1127 413
-1295 1079
-1029 1268
-545 302
-1359 1197
-1718 1588
-131 232
-343 850
-218 1275
-880 716
-436 1406
-829 64
-1269 800
-849 1656
-1012 378
-154 914
-1679 1662
-1131 1389
-365 231
-1000 495
-1218 31
-1428 247
-398 1328
-53 714
-1582 521
-1363 210
-1748 1578
-12 1491
-1492 678
-1768 564
-196 681
-527 63
-1421 727
-213 1333
-657 1663
-855 403
-13 261
-965 1441
-156 1505
-1405 459
-438 1444
-1679 1045
-1126 604
-607 97
-1728 1600
-730 471
-1162 1109
-704 1100
-222 289
-1728 1460
-1657 805
-1568 420
-697 31
-802 1482
-1086 781
-282 1142
-1647 969
-1384 695
-1077 1516
-1532 943
-936 1370
-3 653
-966 55
-1138 1500
-1603 1150
-18 746
-1326 762
-1355 1311
-728 343
-1394 4
-951 332
-442 888
-926 1074
-418 1038
-311 1714
-111 1005
-118 830
-1603 1243
-519 900
-1051 1393
-1378 1405
-1483 960
-1048 189
-967 368
-567 586
-129 68
-1686 1411
-1756 863
-232 711
-659 339
-851 283
-255 1506
-1331 267
-889 191
-217 1155
-1430 1207
-1706 910
-1707 769
-1341 1254
-1072 741
-633 401
-480 1044
-416 684
-881 693
-1652 1189
-923 1130
-1564 369
-1659 1698
-1169 1483
-1664 1141
-1425 854
-1340 1278
-47 1543
-706 351
-1366 1139
-1743 1368
-1607 1692
-31 692
-1011 276
-1276 376
-630 287
-371 1023
-923 562
-1367 1543
-1568 953
-1521 771
-1603 570
-508 390
-404 1003
-648 687
-574 913
-451 1157
-734 1183
-1039 1589
-1271 1575
-1635 1363
-1440 438
-1530 565
-656 1253
-170 959
-135 1500
-426 1035
-721 1222
-1076 622
-1343 999
-993 379
-271 1743
-871 722
-287 1400
-1237 1331
-509 961
-1667 1298
-646 1765
-1128 741
-6 1749
-263 805
-33 138
-761 667
-1475 784
-746 845
-136 242
-906 617
-682 302
-192 398
-1573 257
-1587 420
-19 1028
-273 947
-1499 630
-203 1626
-1496 775
-1725 1173
-1167 1221
-1707 1399
-1466 91
-1284 1124
-117 1170
-339 481
-1664 1266
-868 761
-187 1713
-314 968
-1359 1603
-1284 873
-1240 96
-718 1081
-913 229
-416 122
-1335 877
-1160 160
-281 721
-846 1169
-1112 195
-918 152
-1700 1401
-271 947
-447 271
-1761 1147
-290 1167
-1525 1411
-808 958
-502 1671
-352 1566
-617 348
-1140 507
-767 1165
-982 1039
-564 1530
-1624 61
-1228 1625
-1355 460
-1491 150
-13 509
-816 678
-384 1677
-1184 1101
-1204 1691
-801 595
-623 498
-1103 115
-847 461
-932 1279
-129 450
-955 1272
-969 489
-1420 112
-1376 1357
-1544 82
-13 1168
-1092 1537
-1047 310
-703 1755
-1477 1673
-1438 565
-677 1760
-675 1563
-989 1257
-1160 1723
-8 884
-373 1347
-587 1543
-638 410
-1216 443
-974 673
-316 1666
-227 538
-1107 559
-1296 1080
-1060 1045
-1629 312
-1287 1031
-227 1434
-1264 1310
-760 141
-1238 253
-1411 56
-255 201
-575 1762
-1310 310
-173 721
-1713 1171
-1521 1138
-1131 1317
-1088 985
-329 325
-1046 713
-1325 383
-1682 566
-1061 495
-641 683
-1358 1503
-209 552
-1170 38
-1665 161
-974 1492
-1009 1692
-766 805
-1332 354
-1027 323
-1016 1314
-461 89
-1290 1338
-586 1767
-295 772
-11 1708
-110 779
-1321 602
-1013 1558
-1448 1721
-1617 1192
-1619 906
-648 1299
-522 619
-522 1408
-1520 1755
-1312 628
-761 1282
-517 520
-798 950
-1263 154
-1098 1121
-687 411
-546 833
-1073 1672
-1482 1105
-1365 1313
-1141 81
-775 516
-1296 512
-259 644
-1539 1662
-1240 1764
-134 895
-1371 1486
-159 1589
-452 1531
-1549 749
-330 1329
-1493 1240
-221 1181
-919 11
-832 408
-200 1086
-1382 52
-66 224
-1308 212
-501 757
-1702 254
-1688 433
-338 397
-644 88
-765 936
-255 741
-1607 410
-1237 910
-25 1360
-502 582
-1536 390
-299 937
-349 1336
-803 1257
-1589 1251
-382 1254
-906 560
-1237 62
-673 480
-576 1390
-1494 1599
-280 1069
-1076 1420
-178 210
-1276 678
-1266 521
-864 771
-1508 7
-1476 512
-989 223
-1672 1405
-1500 1055
-1260 202
-1620 700
-1164 1543
-366 672
-88 1194
-1669 22
-844 133
-653 1186
-1200 917
-1700 1052
-258 861
-1313 1269
-1287 729
-1706 357
-112 1401
-822 555
-428 466
-506 556
-606 693
-1663 1003
-753 808
-851 902
-991 365
-1339 83
-750 1577
-202 3
-290 1307
-1429 1002
-1155 1484
-1231 631
-995 1
-1461 1163
-906 1174
-1410 589
-97 1517
-987 473
-1417 40
-803 64
-141 1284
-296 1326
-1131 116
-576 624
-893 945
-335 1568
-1091 748
-173 1509
-169 1019
-989 722
-566 929
-438 551
-1738 981
-583 1126
-1295 81
-1199 618
-572 623
-1070 792
-483 600
-1074 29
-618 1416
-963 1295
-614 366
-498 1490
-1746 186
-205 931
-935 372
-1702 391
-761 33
-775 1133
-256 721
-458 733
-1680 1151
-155 505
-795 1470
-178 123
-1219 995
-977 640
-110 1018
-858 1337
-1063 535
-574 1265
-1219 1299
-476 367
-1722 1657
-457 989
-1599 1357
-716 269
-444 307
-1180 1144
-1137 1609
-936 85
-67 1456
-589 687
-223 1573
-736 689
-1673 1021
-1723 25
-1100 531
-848 837
-25 850
-355 763
-355 449
-879 226
-63 230
-766 657
-592 1554
-1338 638
-1299 688
-1565 391
-1098 180
-23 250
-1452 1092
-404 398
-382 843
-487 1518
-901 181
-867 976
-1467 828
-1381 826
-179 1428
-302 145
-259 996
-591 50
-34 108
-1718 1047
-1204 864
-1516 1072
-781 1755
-1534 480
-220 1327
-1722 1676
-543 1262
-954 592
-869 755
-1338 164
-137 1154
-1564 497
-528 147
-374 1099
-426 1552
-1072 1331
-540 555
-1715 1231
-192 1158
-1764 818
-1723 1215
-718 1319
-81 130
-25 1633
-1340 89
-614 1532
-1035 466
-1239 85
-1421 44
-741 204
-110 221
-1699 1287
-1291 600
-706 513
-357 15
-36 1699
-1284 828
-779 326
-764 1621
-1739 231
-874 308
-1339 1554
-852 411
-353 233
-1640 1105
-738 22
-689 812
-1736 154
-1327 532
-1643 20
-381 485
-661 969
-846 680
-1270 1216
-1205 1507
-776 1595
-1635 273
-792 253
-1283 844
-111 1622
-1452 1221
-1333 1119
-369 919
-1499 543
-1524 868
-1072 1473
-1190 438
-1014 462
-791 1669
-759 436
