2000 2000
-965 1203
-1151 1408
-1854 1694
-1805 9
-1174 1633
-281 758
-770 1416
-62 1517
-19 1762
-1211 565
-1353 485
-1831 556
-162 885
-1993 1320
-1136 1980
-292 1110
-775 878
-1892 1459
-487 553
-745 123
-1041 78
-1886 326
-1582 1162
-477 1383
-546 388
-76 1818
-53 257
-834 844
-249 523
-1597 38
-1709 1807
-554 1946
-1039 1202
-1512 1401
-41 82
-266 665
-1790 257
-383 1144
-1536 1883
-1508 1952
-235 1157
-18 1004
-172 1453
-127 1824
-1070 1088
-1899 28
-86 70
-784 458
-1428 671
-1361 1512
-369 1977
-1518 170
-1382 598
-1941 1228
-1500 1390
-377 1504
-1071 1519
-233 1774
-1182 1578
-503 1841
-481 1512
-1426 1001
-38 1592
-222 1921
-971 1770
-1292 15
-810 145
-338 18
-1545 734
-139 1630
-92 1602
-1721 1386
-335 676
-647 390
-41 1464
-755 645
-1184 1674
-1820 1542
-1932 173
-1096 1643
-1792 544
-1055 1148
-999 726
-226 954
-629 1033
-694 943
-1811 575
-367 692
-750 388
-105 412
-943 614
-1906 1643
-913 515
-1146 871
-418 1450
-142 867
-691 981
-44 1251
-1961 691
-738 1087
-1470 506
-427 752
-1894 1617
-1364 986
-1471 1727
-932 1394
-1607 1945
-1746 477
-685 1969
-1113 1773
-1609 519
-902 1802
-279 1529
-149 1961
-1957 1468
-1988 1900
-1720 1387
-1497 556
-1353 1673
-1961 1339
-1431 780
-1437 1398
-835 1593
-1690 615
-659 446
-358 1625
-1851 1378
-1521 1510
-1554 1851
-734 284
-764 1768
-1214 493
-1868 1952
-1130 526
-994 836
-851 291
-1884 1980
-330 1649
-425 101
-57 1550
-1313 421
-236 1165
-925 1473
-1024 1104
-1323 1447
-1884 1274
-513 429
-1549 1147
-947 1324
-1669 857
-1925 1094
-1444 957
-1118 614
-1992 1730
-979 1810
-1446 657
-1096 230
-1998 1189
-611 1560
-1470 1350
-1680 949
-1295 742
-1302 889
-1772 1610
-252 709
-1731 1482
-1361 163
-1280 1090
-933 415
-153 103
-9 1477
-467 118
-1638 1275
-4 618
-1474 180
-633 1440
-736 1894
-535 113
-1849 1962
-935 1445
-1034 878
-422 1802
-735 1038
-358 305
-1165 485
-127 1110
-144 675
-374 1112
-1250 1142
-763 1203
-445 1297
-928 1687
-975 631
-504 410
-1208 780
-1948 522
-151 662
-570 1032
-489 1510
-47 727
-1987 1323
-1587 821
-1826 999
-986 554
-1758 1884
-145 623
-1173 1260
-1452 734
-1275 1332
-399 920
-183 114
-231 791
-1837 76
-598 1130
-806 53
-1833 784
-1478 997
-859 67
-1389 1565
-38 958
-1198 184
-626 1175
-444 962
-1892 953
-1287 1429
-188 1327
-235 236
-813 113
-1935 480
-1042 871
-154 836
-1999 1976
-1822 1593
-182 1546
-1431 1291
-1106 1983
-490 1565
-1473 1240
-1456 509
-228 1590
-1091 1580
-1507 263
-1950 78
-581 698
-470 1687
-247 129
-1087 52
-169 1682
-1863 753
-1546 704
-1868 1943
-590 1880
-1219 761
-1351 1116
-639 885
-1311 995
-421 1880
-1455 600
-867 1838
-986 1003
-53 1268
-1253 909
-480 1048
-583 1030
-1086 729
-162 1684
-614 418
-638 1660
-1551 1517
-650 1990
-518 230
-98 1648
-605 187
-1842 778
-571 1971
-1553 1970
-359 1593
-1349 1252
-413 1655
-1659 1300
-1147 1359
-1145 84
-1724 797
-1092 1605
-693 645
-1669 1008
-1065 1446
-1079 857
-1747 62
-975 1898
-799 738
-1318 681
-768 1281
-678 189
-431 1651
-702 1887
-845 582
-471 1775
-793 1780
-747 1533
-711 1809
-539 627
-1771 1023
-950 1563
-260 215
-1293 1107
-1228 524
-1509 1311
-1317 674
-366 869
-1111 60
-1315 1271
-1163 371
-1946 1397
-1075 419
-364 1078
-1157 840
-1750 453
-1716 956
-593 1620
-1514 718
-1243 1704
-1186 578
-1682 1375
-1108 959
-1364 1233
-1306 556
-1027 1402
-461 1547
-1340 1685
-1326 538
-271 866
-545 818
-1247 1711
-582 959
-707 668
-487 113
-801 389
-1204 1135
-1232 555
-1738 1135
-1195 621
-283 1402
-301 1296
-688 1077
-1004 1646
-810 797
-872 945
-632 221
-948 532
-1574 1123
-1868 283
-89 1753
-1998 1138
-1323 1923
-1839 730
-1787 1553
-81 1438
-460 850
-1117 1625
-1488 542
-260 626
-336 919
-223 47
-542 1365
-549 289
-848 597
-1772 81
-786 771
-742 1226
-1426 641
-898 405
-1354 811
-33 1833
-1849 539
-389 1947
-27 432
-410 740
-1208 591
-1880 1143
-1043 119
-119 579
-446 394
-1921 1993
-1232 1989
-761 1402
-829 98
-753 870
-344 1061
-416 504
-703 1046
-1556 1243
-557 1786
-128 238
-487 18
-350 1696
-1201 891
-859 1499
-1121 117
-1477 421
-1969 1704
-891 829
-1758 254
-1329 1745
-805 1199
-1189 1968
-1900 1676
-1170 1845
-60 1334
-1058 1314
-1457 1651
-857 585
-182 1423
-872 1511
-671 93
-1237 1792
-1380 212
-1108 216
-1506 270
-1287 956
-932 1079
-901 1817
-251 1961
-717 502
-780 867
-877 1415
-1299 462
-1545 1279
-1427 403
-20 851
-1294 1567
-1978 692
-892 1051
-1068 1196
-653 70
-1666 397
-428 833
-960 8
-1635 1599
-773 425
-1843 1133
-1569 1639
-1027 92
-140 1958
-1429 957
-1965 1487
-1459 596
-1040 1184
-1622 824
-1047 900
-516 142
-504 992
-1545 1745
-378 575
-76 1361
-1787 1968
-1456 296
-1374 103
-829 1150
-1617 1720
-1940 1437
-1242 1846
-1071 994
-1901 11
-139 913
-363 460
-1741 557
-513 266
-1941 295
-665 1652
-856 512
-711 1688
-410 742
-385 1588
-850 1982
-1860 605
-564 1827
-1956 803
-992 425
-391 466
-1172 1292
-39 1524
-1608 1515
-1833 629
-1585 1909
-1512 1757
-669 375
-1148 58
-1562 1075
-929 724
-1118 1627
-980 1461
-1138 624
-1953 1155
-852 1836
-1365 589
-196 504
-1512 802
-630 1753
-1924 1497
-1566 344
-1697 1483
-1467 1043
-1631 167
-1623 1495
-295 404
-617 1335
-527 123
-1206 169
-498 1625
-1373 1157
-1602 365
-1697 38
-596 240
-533 584
-1153 904
-80 175
-1289 1084
-1454 412
-259 1163
-1052 259
-497 1134
-338 1198
-1222 995
-323 930
-1903 1039
-1157 1448
-307 2000
-429 785
-1732 1664
-1835 267
-793 1094
-1518 228
-684 18
-1403 994
-1418 1625
-1175 648
-1350 319
-340 275
-1446 474
-369 850
-531 312
-831 1753
-1093 1844
-1306 1969
-1762 1441
-3 1610
-807 915
-423 989
-1734 1752
-36 1436
-260 1171
-1034 1425
-545 157
-1940 456
-367 69
-217 1664
-669 852
-747 594
-1930 948
-477 995
-532 1700
-1554 332
-508 1132
-1353 669
-1129 1251
-35 785
-962 1227
-1128 146
-104 78
-1467 48
-1142 454
-741 1474
-390 1308
-381 1105
-1696 51
-153 1689
-1249 20
-185 1982
-368 596
-1657 1720
-1197 570
-1952 899
-1449 218
-889 10
-762 504
-1601 428
-1812 566
-182 1823
-894 1288
-519 852
-803 986
-1559 1549
-778 1212
-1136 118
-669 761
-848 1878
-1781 456
-1805 841
-1104 1625
-1942 688
-1687 1863
-1946 520
-1838 472
-932 1478
-1204 1216
-1145 587
-1912 949
-1207 837
-1947 1976
-619 779
-1333 435
-410 636
-926 812
-388 1877
-1802 509
-843 984
-1341 1359
-286 1037
-1373 648
-584 337
-444 199
-1322 1752
-1657 153
-1159 1862
-1590 500
-365 125
-67 816
-1222 1774
-1473 510
-1405 1606
-637 1102
-884 219
-14 321
-1147 237
-52 1561
-138 1846
-1377 1294
-1120 1844
-1885 823
-1037 706
-1605 593
-1083 1297
-1438 418
-1299 1962
-1076 1602
-423 1862
-590 1152
-1553 1305
-1974 488
-70 217
-383 193
-833 694
-1610 1854
-826 546
-389 1006
-1636 551
-1513 1653
-308 1952
-490 1454
-1619 1477
-507 649
-361 325
-706 427
-1524 117
-302 1514
-423 1262
-1612 333
-1627 1066
-217 272
-1834 1349
-1899 878
-1744 1024
-1032 822
-1943 1024
-23 788
-433 1378
-1220 785
-47 1937
-1250 1844
-628 1245
-1506 916
-1210 1215
-1188 1203
-1573 1447
-1941 1046
-1158 881
-526 1811
-1211 1541
-1504 277
-403 732
-1647 528
-747 208
-578 1669
-1684 1930
-1884 145
-1652 1781
-1907 1789
-804 1313
-336 634
-1648 691
-892 1328
-920 1726
-270 48
-1379 1531
-1847 860
-1823 1213
-803 262
-1840 158
-308 348
-1150 1171
-1769 1159
-98 552
-1030 1407
-1703 802
-1630 582
-1607 53
-961 1803
-1681 1995
-1940 77
-1566 1879
-1544 1318
-1340 1714
-1469 456
-1390 1846
-243 569
-1090 1529
-906 1310
-1768 1412
-908 1118
-108 888
-53 213
-1185 1120
-1148 798
-104 325
-788 1870
-1089 130
-1575 1110
-403 243
-504 1227
-470 253
-1895 533
-1703 971
-1228 778
-1892 415
-527 622
-657 1122
-512 1289
-1914 1647
-766 708
-1231 132
-354 1928
-1557 1703
-718 1161
-732 1960
-1428 1921
-182 782
-1647 921
-278 1008
-1139 1607
-692 494
-1815 1578
-491 394
-1304 1064
-147 1972
-88 292
-1438 227
-3 1122
-501 102
-306 315
-1711 1419
-495 825
-248 1901
-39 1279
-89 480
-1492 690
-919 1605
-1487 544
-616 1993
-475 1442
-549 997
-909 398
-1834 147
-1435 1481
-1954 1502
-1899 855
-463 296
-495 794
-307 1392
-1036 438
-1231 787
-569 1048
-1679 557
-1152 168
-1315 358
-156 29
-1868 1217
-784 475
-239 1213
-447 127
-1680 38
-1278 502
-1622 1479
-721 563
-1036 1845
-244 608
-429 128
-1477 1919
-1213 1365
-442 212
-117 397
-985 667
-622 1409
-1860 999
-1908 1298
-486 1242
-1864 1987
-1679 1824
-1735 1483
-396 1620
-1770 480
-1681 1107
-437 1815
-618 1963
-471 804
-388 508
-1149 949
-487 276
-630 311
-863 355
-717 713
-1841 694
-1587 567
-1164 957
-1647 1730
-1269 1184
-757 1957
-953 432
-148 138
-1814 965
-1512 655
-1255 1943
-41 1607
-1511 1619
-1421 552
-1981 504
-1639 537
-316 930
-174 1228
-141 1479
-1724 707
-1238 589
-451 1493
-1351 1775
-1391 1478
-1111 1939
-1576 303
-1102 567
-1107 567
-151 1262
-1132 446
-1631 1512
-580 457
-1267 692
-100 826
-1926 1364
-1816 1027
-160 147
-1697 1230
-957 435
-1653 69
-1051 823
-680 1352
-22 170
-1554 138
-1448 121
-1481 375
-1040 1117
-823 1006
-460 1569
-519 575
-745 439
-238 1975
-1822 1690
-771 1658
-1864 1623
-802 1946
-924 194
-1399 126
-883 1856
-931 112
-1682 519
-359 1439
-872 143
-1607 1824
-1328 252
-969 1283
-417 1939
-293 922
-1952 1160
-1170 936
-79 664
-355 1209
-1531 425
-834 1540
-1166 325
-1448 720
-846 1840
-130 592
-1660 129
-1722 1190
-389 184
-955 160
-65 1643
-123 700
-1263 1400
-1003 1045
-1966 1307
-1068 447
-281 1414
-852 809
-434 1677
-697 66
-885 1906
-477 649
-1571 665
-1664 425
-607 1276
-907 1724
-645 1622
-1848 890
-599 329
-1920 1613
-1984 1982
-593 221
-358 1110
-585 489
-239 248
-1557 626
-253 1234
-1192 66
-231 1836
-1001 662
-1907 1934
-758 1582
-735 1988
-758 1111
-956 904
-995 1732
-744 547
-695 1760
-1976 1759
-391 182
-1546 723
-1581 917
-240 1413
-56 601
-367 1069
-92 1976
-563 122
-857 369
-654 403
-779 26
-186 1273
-1954 163
-1435 53
-326 1202
-310 1250
-390 1311
-1340 211
-1106 479
-1620 771
-966 1953
-862 874
-1815 1351
-540 1852
-189 1914
-1247 844
-1506 1626
-1626 1081
-1735 1704
-1301 436
-843 749
-670 1926
-1246 1791
-962 1027
-997 1649
-1861 1765
-1187 1781
-1824 1948
-1446 505
-1604 716
-503 1024
-1672 103
-1487 11
-850 1926
-784 80
-909 1953
-924 1808
-509 1245
-1569 1757
-592 126
-861 688
-414 317
-1856 1246
-830 571
-1337 1038
-1481 649
-391 1876
-590 1468
-516 808
-1283 443
-825 1375
-1041 128
-1920 1030
-150 1341
-1748 1039
-397 1986
-1068 1309
-1616 227
-1844 1212
-1253 452
-906 1551
-1815 623
-1653 680
-943 210
-1180 861
-571 315
-1953 948
-1677 304
-1944 1577
-394 1297
-892 1235
-661 936
-911 1664
-1416 191
-11 363
-806 983
-92 718
-130 519
-260 1336
-1329 1708
-1928 825
-1626 491
-1749 864
-930 1529
-1182 794
-1801 256
-1292 472
-253 932
-129 1968
-115 1903
-1739 600
-1200 63
-881 839
-1300 1116
-386 1619
-142 866
-1832 364
-1231 947
-32 1018
-1836 440
-941 375
-400 613
-435 355
-1462 1054
-89 1832
-176 1922
-617 1119
-19 489
-129 801
-20 180
-573 1842
-1400 1727
-178 1742
-1770 1604
-1753 1209
-1034 701
-87 1055
-1139 890
-814 1357
-1706 1556
-1601 743
-724 358
-1424 276
-881 907
-996 255
-269 1095
-76 1967
-467 1912
-787 1765
-1243 1471
-171 768
-499 1397
-1800 1501
-706 636
-119 1596
-1716 1195
-1448 996
-1024 1812
-612 1326
-1272 15
-998 1174
-1817 1443
-1612 1963
-300 1069
-693 1345
-1034 1724
-1943 1911
-519 1784
-472 1245
-1424 605
-1094 225
-1608 1757
-815 270
-894 1302
-695 873
-158 1009
-702 1860
-891 872
-1927 6
-1579 818
-1720 46
-1835 545
-178 1489
-746 127
-1515 1519
-1318 1049
-718 1289
-293 647
-1388 1488
-1783 1157
-1684 1162
-1262 437
-108 555
-28 683
-924 790
-1203 1527
-870 588
-197 432
-998 1404
-1477 74
-1468 245
-21 1439
-1867 1409
-1848 1265
-1263 192
-665 1436
-1011 51
-379 178
-1879 581
-256 433
-31 1289
-799 1093
-1814 889
-1707 199
-1343 673
-284 1988
-1770 455
-1792 259
-1874 400
-1612 720
-1573 1937
-1567 736
-1505 1341
-429 940
-1587 1021
-1396 1234
-855 1953
-996 1832
-1845 199
-99 1549
-1988 975
-802 47
-130 1861
-696 816
-502 805
-357 1856
-171 1733
-808 41
-1031 1140
-743 1830
-359 670
-1320 1345
-1686 1762
-1289 442
-1138 370
-1193 1546
-1166 1037
-1376 1952
-1861 1824
-968 1962
-1061 155
-1294 1181
-1690 1628
-553 693
-442 1862
-55 617
-1255 89
-949 743
-875 1153
-392 1999
-71 1373
-1880 1946
-1343 1069
-1140 1280
-501 61
-1223 47
-695 418
-252 1656
-1862 915
-211 1667
-1091 1890
-29 950
-715 1545
-435 1675
-1298 618
-1579 308
-694 907
-1822 1950
-496 693
-1318 1245
-1264 187
-1960 581
-1541 473
-1545 191
-1719 764
-394 1136
-468 598
-310 1592
-358 1711
-1899 1273
-555 1331
-1629 1811
-710 584
-59 1371
-1404 573
-571 633
-1616 1418
-541 404
-1261 1608
-443 228
-1715 1589
-128 330
-557 1399
-269 1596
-1427 1950
-91 1315
-233 498
-91 1168
-678 1909
-923 18
-219 1309
-1596 1291
-72 7
-770 1175
-1660 854
-1840 176
-392 1965
-1374 1348
-1728 282
-1480 1462
-1416 825
-1974 1595
-1184 1499
-1063 161
-908 440
-316 1454
-1733 1874
-148 1551
-1492 1755
-1068 1136
-1569 488
-1208 912
-1017 6
-437 42
-580 675
-1397 888
-864 1949
-964 1605
-1857 1788
-549 1655
-1471 628
-24 1652
-1453 312
-623 65
-1482 1635
-1812 554
-1267 1943
-1352 1181
-1639 1201
-1526 401
-922 1721
-228 1177
-581 1077
-925 903
-1995 1259
-641 1232
-142 1381
-397 1420
-105 790
-1538 258
-1381 700
-1585 23
-75 1019
-1134 42
-316 1301
-859 766
-109 1003
-571 1839
-1152 1727
-222 305
-1295 1507
-361 1458
-53 493
-1770 437
-1927 449
-275 632
-334 402
-1423 513
-1794 1226
-471 384
-878 307
-1516 1360
-1658 1085
-1436 1828
-355 1837
-1998 1184
-1774 233
-444 1352
-249 1613
-928 1772
-1942 604
-1840 1748
-1841 581
-1809 1359
-478 1286
-1469 989
-992 185
-793 87
-1186 58
-1558 1584
-1966 1118
-403 1616
-797 1880
-964 984
-197 604
-1190 551
-664 605
-232 1854
-469 75
-132 422
-118 746
-157 991
-1938 275
-277 93
-1763 289
-1240 732
-1070 140
-81 1509
-1540 717
-1196 1611
-545 1889
-931 1124
-1186 1206
-368 806
-417 1899
-1024 979
-349 83
-1927 971
-778 110
-925 1487
-1719 1599
-299 927
-1501 644
-177 1909
-1024 279
-1974 1960
-1301 1499
-559 932
-1079 1732
-757 659
-157 1414
-694 154
-1650 1381
-1044 631
-1615 347
-409 1687
-1057 954
-104 1952
-1603 1062
-920 1880
-223 1640
-1586 1403
-769 374
-21 213
-1815 140
-1807 1630
-1918 363
-1871 1245
-518 1560
-1898 715
-13 114
-1885 1922
-69 393
-996 840
-896 1762
-1644 548
-68 748
-1072 1024
-330 734
-1717 844
-1121 1300
-667 1094
-187 1233
-136 1117
-1225 1131
-1690 1825
-1202 1552
-1454 329
-145 1400
-1864 1340
-1987 1861
-670 1342
-1112 49
-1908 1385
-984 476
-438 1938
-1537 16
-1961 1853
-299 507
-1324 1940
-1491 1609
-1626 357
-966 1036
-845 1822
-1772 53
-615 44
-987 1452
-1990 1943
-1225 53
-197 1743
-555 594
-620 79
-1822 878
-244 417
-1405 1188
-1741 1454
-336 846
-309 222
-1806 1878
-184 1554
-1419 1475
-702 128
-1490 339
-1769 379
-105 1080
-79 1786
-1596 483
-908 1426
-372 1583
-1328 1719
-862 1140
-465 1488
-902 37
-1151 1841
-1218 71
-1598 1965
-345 1835
-767 679
-177 374
-1626 748
-1446 350
-1635 1480
-9 995
-1486 417
-929 178
-1914 1422
-662 1329
-511 1867
-637 1482
-698 1863
-1065 1462
-202 520
-1708 1784
-1751 1380
-349 1204
-476 264
-1192 1006
-1131 986
-673 1831
-1516 946
-16 572
-1263 1654
-1732 1716
-1044 493
-1092 1396
-1146 1637
-108 707
-493 862
-1750 821
-1980 1083
-1340 647
-1236 1745
-1726 1235
-259 831
-1209 64
-109 779
-841 347
-509 1146
-804 784
-257 1941
-1953 656
-1768 77
-1857 1217
-495 708
-1769 124
-387 228
-1392 229
-1742 1678
-413 97
-438 86
-1161 1375
-735 527
-1292 987
-1517 1450
-1760 425
-162 261
-1652 1646
-440 1018
-1533 708
-1037 1826
-1029 992
-1655 362
-846 189
-1194 976
-818 1735
-472 1102
-1615 880
-589 1828
-1481 1866
-1909 1196
-951 1311
-1761 1486
-1994 1290
-1601 1095
-1971 1910
-130 1824
-1927 1813
-1263 873
-412 1320
-250 1773
-961 637
-1037 1127
-220 1485
-1171 1723
-1687 871
-1915 293
-1312 1592
-608 780
-1140 443
-1742 361
-857 426
-565 333
-1163 1105
-481 1988
-381 926
-231 1238
-1580 986
-1858 1812
-1711 1534
-490 988
-232 935
-977 756
-454 365
-330 608
-1949 161
-1186 1203
-1769 681
-1120 899
-78 1705
-167 1218
-309 1499
-490 812
-498 1021
-1999 1979
-678 1931
-1741 794
-1745 1751
-1824 1977
-1165 1127
-38 968
-418 607
-671 391
-1164 183
-45 619
-631 928
-1662 74
-571 1877
-67 1208
-1350 168
-874 884
-1848 1333
-1440 900
-1715 1560
-978 102
-1514 660
-1711 1525
-581 1768
-1083 219
-13 812
-668 1372
-1133 815
-1560 327
-1345 1437
-1011 1229
-179 445
-1446 335
-1488 697
-1705 1908
-1072 1025
-1422 1317
-1074 475
-1826 359
-157 209
-365 66
-1009 578
-797 1702
-1157 339
-975 290
-553 960
-1034 1203
-287 1777
-522 1592
-1499 1528
-951 1502
-1347 1409
-214 883
-1518 1192
-1599 897
-1490 809
-1999 278
-141 470
-1872 1057
-1850 1600
-1842 636
-529 530
-1025 965
-1933 1634
-920 81
-364 523
-320 564
-1618 1616
-1123 1377
-422 670
-1350 463
-1822 1992
-179 612
-151 1239
-666 332
-731 184
-1248 1863
-1963 1050
-1664 577
-1981 1919
-1970 306
-806 665
-975 234
-39 70
-1824 1219
-1411 1396
-527 889
-516 324
-1946 1276
-1909 1506
-1760 160
-1294 1651
-1281 1976
-642 13
-763 1647
-53 1555
-512 630
-1842 1964
-758 621
-1097 36
-1630 1060
-669 741
-1395 110
-1931 296
-1478 705
-1580 1689
-411 66
-209 607
-1784 90
-509 1130
-1741 1258
-239 1734
-1319 1798
-356 623
-935 639
-1980 1783
-78 296
-68 475
-1637 1459
-642 131
-508 441
-1638 1075
-703 1261
-894 1853
-1969 64
-321 683
-1153 60
-791 429
-1967 35
-1262 433
-473 736
-268 1134
-1329 341
-815 1289
-1738 1741
-728 377
-688 613
-1358 839
-504 301
-810 1543
-1424 722
-1005 647
-1823 432
-106 1869
-1164 520
-1349 1200
-1799 762
-209 1912
-1108 494
-262 304
-1837 1366
-488 1475
-505 1739
-1055 75
-555 1937
-2 1071
-638 612
-1440 990
-1359 364
-1365 1622
-660 946
-302 1621
-658 1566
-1044 569
-1403 765
-46 1055
-621 896
-176 1201
-318 621
-291 1059
-1459 139
-316 1535
-1669 1753
-104 847
-961 638
-1322 1822
-448 296
-1727 1635
-1460 1123
-1469 1698
-903 259
-610 1534
-839 1413
-527 1741
-1797 370
-1120 30
-1062 472
-1077 1266
-1961 1443
-542 765
-1504 1742
-545 249
-970 917
-1530 1823
-259 278
-1286 1130
-110 1763
-875 1156
-14 1045
-1985 997
-197 1457
-1546 727
-577 187
-1743 1142
-1973 540
-1828 1978
-1667 226
-433 1930
-827 261
-1583 1794
-1033 611
-1172 440
-620 1615
-702 1672
-628 1368
-1723 551
-80 1514
-215 1032
-1920 1275
-1431 102
-1276 1655
-888 1987
-1736 312
-1226 106
-396 1693
-852 284
-142 767
-442 781
-329 682
-1440 338
-1008 1377
-1727 1526
-1200 480
-1352 120
-1357 56
-1484 1912
-409 1016
-1953 316
-179 117
-1733 1810
-154 395
-561 277
-34 377
-1838 1749
-573 1008
-1103 1476
-1478 436
-1460 360
-264 1728
-304 1126
-1109 1391
-1837 725
-738 1857
-241 1492
-626 311
-1114 766
-1305 612
-1469 1965
-1423 1560
-1698 718
-830 90
-1646 563
-279 644
-180 1910
-366 693
-705 720
-1454 1670
-1122 739
-471 263
-448 1802
-1061 1848
-1382 939
-682 1083
-1085 1614
-1477 648
-1332 1554
-1753 588
-716 1146
-88 1740
-1378 952
-1474 1948
-1379 846
-406 1182
-1639 1099
-1765 583
-418 1594
-452 1011
-1806 588
-1953 462
-552 1498
-338 1048
-235 1879
-1676 1909
-1255 813
-1673 983
-718 1216
-372 1653
-411 1607
-741 836
-601 1905
-1633 817
-596 1679
-1611 1413
-623 1414
-1528 1154
-601 1378
-383 1003
-1632 1122
-76 750
-218 1626
-1984 625
-1212 1716
-1261 522
-708 349
-32 1236
-226 1013
-1140 1542
-1403 1804
-503 217
-271 1619
-1236 1341
-1052 1956
-1890 1806
-97 1394
-446 1734
-15 1029
-91 555
-1292 1250
-1998 1611
-833 1562
-136 401
-679 889
-555 1795
-428 477
-1457 1530
-405 619
-187 1588
-656 1384
-318 1473
-1851 1369
-1066 229
-50 513
-1842 1166
-1214 1146
-1301 1988
-732 1349
-1578 361
-1252 403
-513 1946
-1005 684
-219 545
-170 959
-225 1469
-888 132
-394 1856
-256 369
-458 127
-1037 979
-1574 1086
-269 280
-967 1512
-1032 210
-1097 1099
-1736 866
-555 1252
-856 1981
-1103 562
-1407 1774
-1789 223
-509 1262
-182 253
-1825 158
-1696 1019
-1568 1987
-1802 785
-169 540
-938 1242
-1110 298
-1947 1915
-1949 613
-1462 1774
-1218 670
-260 377
-440 1148
-63 1374
-1997 1909
-265 1566
-932 1975
-1779 102
-1894 1562
-296 1614
-1915 1919
-668 1352
-1362 121
-1238 652
-1185 1648
-1286 1816
-1081 584
-306 1216
-1397 455
-104 1461
-807 910
-330 935
-1762 1075
-1681 1817
-845 1256
-1273 1492
-565 347
-1710 1951
-458 1312
-599 201
-1414 743
-66 1993
-1504 1639
-517 479
