2000 2000
-1664 -75
-745 1958
-1790 1403
-1077 1616
-840 1092
-1246 1874
-941 1940
-1925 1926
-1596 200
-1048 903
-1542 1841
-1957 1598
-1121 1354
-1885 1770
-1318 861
-1344 1783
-144 763
-1488 107
-193 1046
-1964 1624
-1592 1232
-228 808
-1001 511
-654 941
-456 1260
-822 184
-895 1177
-1716 42
-1736 1037
-1301 1157
-1604 1099
-782 418
-716 938
-1467 238
-601 1613
-1207 1384
-768 330
-1948 1577
-698 1609
-86 1903
-1866 23
-1193 284
-951 603
-1737 682
-329 351
-1563 215
-1495 821
-1198 9
-1133 1156
-1939 773
-425 1756
-323 1034
-990 1966
-1360 1605
-970 1709
-1218 1959
-820 119
-1752 48
-819 1320
-1949 442
-567 476
-1181 461
-1729 521
-404 1514
-1450 705
-1254 1760
-1016 175
-602 334
-802 582
-1388 490
-1040 506
-1415 136
-1774 1862
-954 20
-1370 714
-699 624
-323 1530
-1026 1039
-587 1462
-1322 325
-420 1440
-964 1675
-671 1288
-861 49
-1542 410
-672 1550
-1717 1045
-408 1621
-1216 1629
-252 463
-267 109
-320 1543
-146 1947
-622 79
-962 463
-236 1673
-1941 1066
-1409 17
-678 184
-1750 1397
-989 923
-155 1698
-810 125
-164 1636
-828 1366
-1613 1216
-1042 886
-510 335
-694 1468
-1413 1531
-442 1041
-73 1249
-1419 397
-280 845
-1373 1831
-1286 403
-98 824
-511 1003
-1404 1956
-720 1085
-1471 75
-1469 467
-71 578
-1443 1064
-1647 1090
-660 741
-753 1764
-1084 405
-178 47
-1342 1686
-1766 1933
-1560 1739
-1963 770
-829 1919
-1223 1513
-1705 1518
-411 1945
-463 227
-1547 1285
-1981 1761
-525 337
-1211 1400
-1348 1242
-1433 214
-178 840
-1889 1924
-1694 434
-34 136
-950 1199
-528 1616
-167 244
-356 866
-369 618
-1485 148
-1971 345
-1835 568
-1598 1523
-352 1539
-620 1479
-1005 827
-1762 837
-256 944
-1815 1307
-1903 1425
-868 1750
-1126 1150
-1556 1257
-1708 1529
-512 555
-1988 839
-1359 526
-824 1847
-1684 1029
-955 1282
-1375 1144
-975 370
-711 1244
-869 1218
-205 1824
-979 1241
-223 524
-1930 829
-527 279
-424 1624
-1868 1095
-661 740
-637 1694
-426 80
-157 97
-1725 395
-180 360
-476 1788
-707 696
-362 437
-403 1406
-67 970
-997 99
-1439 342
-404 258
-959 1969
-102 1344
-1767 394
-1000 674
-313 890
-163 972
-1565 544
-1062 733
-1696 1080
-1727 1972
-1568 513
-1859 1059
-1733 1515
-1773 1791
-415 1113
-1417 927
-308 800
-616 1017
-1159 229
-721 1228
-1775 275
-777 501
-626 562
-156 1219
-1757 351
-94 986
-1134 1368
-1484 1643
-1930 970
-1861 850
-1867 8
-684 1128
-934 1914
-1597 681
-484 495
-1004 1048
-1483 651
-1653 437
-322 352
-697 662
-690 1102
-885 1943
-595 275
-1105 139
-904 1256
-740 574
-1049 693
-1460 1600
-336 21
-1171 1328
-685 390
-1980 77
-1003 1266
-389 85
-234 373
-602 1921
-1542 1527
-395 523
-1278 60
-124 1543
-1138 517
-1552 1976
-303 197
-1168 1402
-1092 759
-1305 1696
-1938 361
-207 1303
-1870 1234
-710 1994
-851 1672
-1354 1118
-1959 1199
-1032 1316
-1522 300
-1505 240
-1487 1610
-1655 285
-1376 1452
-566 1339
-1682 1308
-1463 429
-500 1254
-988 106
-646 1754
-1308 690
-1780 1710
-131 1241
-1028 1154
-1330 376
-1472 1897
-1260 1628
-1934 774
-967 899
-393 1008
-1272 1862
-1641 1339
-1642 524
-1797 132
-502 1664
-1710 1786
-128 497
-377 912
-1317 169
-1533 1977
-1612 972
-1341 1789
-742 642
-528 462
-1214 5
-344 455
-462 327
-1795 1803
-579 341
-1577 1069
-1156 439
-1602 391
-1769 585
-142 1517
-1881 1851
-1666 1613
-1820 1555
-691 1872
-1502 371
-1573 1743
-314 948
-1646 1391
-210 859
-1802 597
-794 603
-507 675
-783 1573
-1507 1139
-1427 680
-986 477
-85 1371
-426 1434
-1259 816
-469 1046
-372 1051
-1274 1620
-191 404
-940 1166
-1419 562
-939 1443
-1398 521
-382 340
-1435 1908
-745 765
-1534 1067
-492 190
-446 179
-1629 1406
-834 797
-297 1532
-1672 1519
-933 1653
-63 1617
-1776 123
-313 821
-1742 1632
-1609 1206
-121 151
-396 446
-1555 1781
-1826 1016
-461 680
-940 1696
-1854 1800
-1082 1356
-1153 1946
-1643 1936
-33 1097
-1466 786
-1726 1210
-1983 888
-102 1298
-1822 1554
-42 132
-1263 1862
-1849 1379
-1566 725
-967 1851
-1564 1397
-976 558
-1747 1810
-217 12
-1243 631
-1133 1121
-1605 1336
-939 1321
-1663 1807
-232 1067
-824 1145
-273 101
-4 616
-192 412
-1703 1807
-833 852
-888 925
-661 1706
-1584 1634
-1607 1836
-1649 659
-569 1645
-1962 1454
-242 1668
-463 1623
-349 517
-1044 297
-204 1362
-560 538
-1643 792
-780 368
-1625 275
-1441 608
-49 1352
-1946 268
-31 324
-1352 142
-1544 724
-667 1737
-778 1564
-1227 930
-430 1337
-1661 569
-1011 1356
-1491 855
-823 1005
-1451 623
-1688 626
-435 73
-177 481
-839 1893
-1750 1027
-5 1187
-1897 1698
-667 1227
-433 1781
-1183 1791
-897 606
-949 375
-289 371
-1580 186
-976 1942
-1622 857
-1048 1076
-899 1086
-671 796
-272 1951
-1167 714
-1628 1732
-743 434
-1964 899
-1403 1500
-1866 247
-1287 406
-1740 945
-80 158
-1983 1382
-1786 338
-1177 1633
-1799 1805
-1005 1040
-19 1036
-1401 1483
-1087 1287
-425 1011
-1955 222
-1280 1566
-944 209
-1957 481
-1047 1883
-279 397
-1035 1870
-127 1445
-417 343
-132 181
-1161 1613
-890 1000
-14 976
-844 1476
-782 512
-1576 1241
-980 316
-1623 1067
-929 1325
-148 223
-388 1095
-866 643
-1139 22
-513 1844
-1293 1740
-447 1618
-1544 381
-275 1188
-730 1476
-300 1678
-1204 917
-371 101
-960 1693
-303 494
-1367 1754
-1477 1661
-1067 1041
-846 609
-436 1175
-993 95
-522 1904
-730 1553
-990 1873
-457 1556
-922 1498
-1306 1609
-1719 66
-1182 1474
-267 421
-384 1829
-1335 355
-104 1595
-1597 643
-1952 871
-1339 916
-1150 433
-1663 841
-1104 1653
-1804 986
-745 1558
-563 97
-738 765
-63 1190
-286 388
-1295 321
-894 1977
-1144 852
-591 455
-1754 68
-1202 568
-599 1177
-1607 214
-1705 1434
-533 1705
-997 693
-376 1311
-597 113
-1702 915
-177 1142
-872 765
-1963 1968
-1085 1235
-22 1323
-1161 1433
-879 1157
-961 69
-786 1212
-95 652
-754 1425
-226 1371
-1929 1198
-1509 731
-1863 345
-1389 1524
-1552 693
-747 1440
-1503 1986
-1497 1779
-1964 991
-820 1540
-1224 1996
-447 1175
-152 1456
-41 1593
-528 1046
-1915 677
-1908 1422
-1868 1283
-405 771
-355 1400
-1299 1577
-758 1359
-538 1148
-685 622
-1425 1044
-108 1515
-249 961
-1956 691
-1070 1266
-91 373
-1742 232
-276 788
-769 1707
-1092 497
-303 453
-1397 985
-259 1641
-58 1802
-129 104
-911 96
-139 1578
-1007 780
-1243 1149
-24 1190
-755 941
-1513 1247
-1843 981
-1989 413
-1046 1992
-1757 1471
-1328 569
-870 10
-1482 1380
-441 347
-1900 1163
-1300 652
-1836 296
-428 1703
-1609 1119
-1016 596
-928 511
-536 805
-1555 396
-978 1116
-1201 1907
-1703 955
-1451 1317
-1823 1727
-866 729
-249 35
-1478 1387
-671 126
-1246 1954
-494 1677
-1709 1291
-817 945
-316 1554
-1859 584
-663 1019
-578 611
-959 618
-1309 1550
-395 280
-1451 795
-226 1470
-305 221
-513 268
-494 334
-272 68
-165 1142
-337 1245
-278 1801
-1116 31
-335 328
-967 525
-802 717
-452 609
-1493 473
-1300 1926
-1952 300
-1982 715
-99 853
-1777 987
-1934 1358
-989 614
-947 546
-81 868
-1447 1326
-1478 248
-105 74
-1411 796
-239 243
-1324 145
-1022 1484
-1058 1468
-99 189
-819 1743
-420 928
-1945 1179
-260 1591
-767 812
-1749 1855
-1354 1887
-164 537
-462 616
-995 1698
-635 1136
-799 1437
-1630 472
-1122 202
-12 1149
-1687 1540
-1442 1716
-1825 1692
-878 1900
-205 262
-427 1482
-395 827
-988 123
-748 1076
-1594 1228
-1242 323
-12 1584
-1075 36
-1569 1599
-742 661
-213 1522
-1347 1725
-893 1447
-1120 1362
-1205 1498
-456 1606
-125 657
-570 1960
-1924 1220
-1192 1190
-241 1174
-2000 573
-210 1308
-1805 297
-891 1721
-373 1391
-29 699
-802 16
-1827 1453
-191 978
-387 1745
-416 1857
-1333 1484
-433 1598
-147 1949
-372 440
-1198 1347
-1936 831
-1761 589
-1026 1192
-1953 1198
-24 650
-788 1655
-1399 1334
-1738 964
-596 943
-322 1675
-371 1265
-1033 683
-759 25
-1191 50
-1850 1690
-1338 1019
-1155 696
-863 1222
-49 1528
-1826 1563
-5 337
-20 1786
-1623 33
-1304 1341
-458 1648
-1741 1381
-1245 1274
-1174 1906
-46 820
-386 678
-1678 1018
-727 933
-1091 491
-957 1773
-853 1162
-1440 495
-499 1814
-1326 458
-509 392
-1126 265
-177 624
-1695 16
-1823 317
-1499 286
-71 691
-1767 1821
-1292 1536
-606 1646
-467 1127
-1123 682
-1302 789
-397 1976
-106 1679
-305 1875
-1813 1504
-850 1378
-1322 1814
-596 1019
-217 1775
-565 719
-1321 63
-1784 805
-587 133
-991 522
-1364 1765
-881 641
-564 1708
-1728 288
-469 1540
-1446 135
-438 670
-1939 1714
-1205 1413
-1461 457
-1316 1694
-30 1240
-23 1399
-1521 1452
-606 748
-1505 882
-1743 1387
-1630 21
-1464 1690
-1880 419
-1225 1790
-1806 1428
-1735 1244
-1161 516
-1149 221
-1624 1721
-404 398
-112 923
-757 982
-1582 1986
-451 1675
-1165 1756
-1961 167
-1857 1237
-799 1738
-812 917
-1977 1871
-939 1633
-741 1441
-218 1647
-1289 620
-506 1499
-664 1610
-965 9
-641 856
-137 473
-519 1861
-1421 1047
-1855 541
-652 1535
-1432 755
-1055 208
-23 491
-1789 1432
-305 1751
-449 1310
-1227 806
-1950 51
-390 1586
-1136 434
-1052 682
-1328 850
-1440 898
-503 227
-1864 1944
-1054 1685
-121 1975
-735 287
-1851 1009
-921 271
-596 25
-778 535
-1380 396
-299 1104
-1797 1706
-1431 868
-319 765
-1606 1252
-662 1849
-780 1977
-70 1811
-1352 470
-395 707
-645 1572
-806 1755
-1197 865
-775 40
-1314 675
-920 1459
-1875 1239
-85 184
-1097 702
-666 672
-1261 1617
-1720 1932
-1907 136
-393 1017
-1065 1271
-401 1258
-623 551
-1685 1755
-911 1988
-1288 664
-1717 439
-1655 575
-665 469
-246 750
-1415 328
-1307 271
-285 720
-1513 849
-1790 1098
-1719 480
-1816 540
-1662 1951
-203 1179
-1594 728
-1763 1930
-467 510
-1430 1991
-850 878
-1483 264
-768 1459
-1824 1933
-355 191
-634 823
-1372 1013
-1381 737
-782 1521
-170 118
-1537 1256
-940 1463
-1363 249
-553 1503
-857 229
-1113 438
-569 1456
-521 1619
-1329 1879
-1873 1943
-1495 485
-671 1419
-243 468
-1671 1684
-1835 1422
-984 844
-841 428
-265 1319
-1669 139
-1589 381
-677 1634
-821 1793
-459 1137
-363 1609
-283 1183
-709 773
-840 1773
-1493 646
-773 1756
-1714 227
-1482 1240
-1138 633
-513 559
-252 1174
-1318 1845
-1811 528
-1246 387
-1013 954
-303 1290
-1182 1228
-665 1733
-1554 828
-801 740
-1490 1279
-523 1617
-510 1158
-795 241
-490 165
-1223 1016
-1193 1322
-1890 787
-599 1508
-867 331
-670 105
-1751 188
-1266 881
-1011 196
-199 1122
-1085 1559
-242 471
-1762 118
-1616 1855
-1882 1207
-91 1181
-950 32
-420 500
-1543 95
-1131 585
-1728 501
-496 1152
-838 264
-1219 1693
-1963 561
-1215 1203
-1780 1016
-1189 1048
-1177 979
-1676 1511
-165 1822
-704 364
-1028 1795
-915 994
-1223 689
-1296 374
-1721 1474
-1628 442
-821 699
-260 1737
-851 1169
-777 873
-1852 1688
-1120 617
-58 593
-382 178
-590 1381
-1859 1565
-32 505
-710 209
-947 1236
-1615 343
-513 1316
-519 744
-757 857
-1040 1273
-294 1070
-761 1442
-870 65
-1791 400
-1716 80
-1148 1467
-1102 1922
-695 1161
-1823 1870
-797 845
-1898 448
-596 521
-1173 395
-574 526
-788 1574
-1389 94
-1926 902
-1242 776
-490 812
-198 1570
-1681 891
-1897 1636
-662 1970
-292 1849
-570 1087
-1871 250
-1923 1338
-56 640
-1167 821
-742 1991
-1311 45
-1412 1090
-620 265
-1079 839
-1126 407
-1693 144
-1680 45
-1848 337
-641 503
-1145 1243
-1405 1469
-1992 769
-683 1375
-517 1362
-23 1800
-1830 1733
-1465 868
-1308 160
-506 619
-1635 80
-1514 190
-26 623
-1134 1342
-250 1205
-36 159
-771 1284
-1531 720
-1071 55
-544 1673
-1278 760
-952 1180
-1780 427
-726 374
-1087 1818
-1535 284
-804 1872
-1893 768
-1550 404
-763 1041
-16 481
-1778 857
-1566 386
-1694 1773
-681 746
-1001 1609
-667 1327
-586 1627
-1876 199
-1239 586
-223 1966
-1254 1187
-1275 482
-699 1617
-1168 1668
-1077 1288
-1174 885
-947 471
-969 1262
-1965 92
-1243 347
-1036 1672
-643 1078
-1085 726
-1066 169
-1770 877
-612 990
-309 199
-1551 420
-1286 41
-778 1216
-161 1993
-1930 104
-350 1563
-1434 939
-75 7
-134 1649
-1956 212
-782 507
-70 164
-1137 32
-1407 1139
-193 1323
-245 789
-7 296
-891 996
-1026 1756
-1760 199
-1827 1523
-151 928
-316 1887
-750 1457
-912 395
-215 1775
-1162 1645
-1103 823
-255 1843
-68 367
-928 309
-1863 92
-304 1245
-1069 1234
-1456 777
-230 1472
-1370 1993
-1930 30
-202 1738
-1141 897
-1336 403
-1740 1720
-1392 709
-89 1008
-709 762
-292 136
-181 832
-1575 248
-7 1473
-212 882
-1157 1202
-1279 462
-908 1974
-1623 1341
-1414 877
-555 1969
-1969 1236
-459 1608
-473 1470
-619 341
-827 487
-1007 1229
-701 1026
-1209 1918
-1361 343
-900 391
-123 853
-1041 1166
-1151 829
-1948 416
-1029 1595
-569 699
-919 771
-824 1785
-1271 279
-814 1383
-1655 1375
-1420 1218
-1857 1936
-1122 424
-1058 584
-1444 1201
-1076 1255
-176 292
-1211 1494
-239 1237
-695 1522
-1278 1283
-998 1271
-800 1893
-964 1186
-658 1520
-298 1021
-1118 1865
-780 985
-1789 690
-672 1314
-1548 911
-1033 1759
-888 887
-1175 686
-1301 1685
-670 1930
-1583 1396
-420 1723
-1434 1380
-915 445
-36 1523
-1833 13
-1973 720
-96 78
-1516 1648
-1626 1417
-1270 1467
-1721 147
-1094 93
-1047 935
-381 1462
-1433 593
-1676 691
-531 1855
-1281 963
-1930 235
-243 1569
-1337 973
-336 1350
-1896 1226
-1549 179
-646 1700
-1870 470
-411 1405
-958 896
-337 1314
-1492 1724
-316 1737
-1329 1705
-1280 996
-499 401
-1600 1627
-1408 858
-1736 1806
-223 1480
-1826 1301
-1226 265
-835 100
-703 1186
-590 1528
-1850 1867
-841 443
-1751 1182
-254 1038
-443 550
-1042 71
-630 1808
-955 1382
-439 1806
-441 1834
-1535 1941
-204 1548
-293 1554
-160 528
-605 1470
-1644 436
-1649 73
-1791 1761
-553 307
-1854 439
-520 1553
-11 1400
-1573 1147
-1353 376
-1883 995
-745 1489
-1527 175
-108 1416
-597 1463
-420 1671
-1894 1220
-358 1459
-1667 1958
-583 1966
-523 174
-266 364
-713 15
-341 16
-267 654
-588 471
-1614 543
-92 1087
-1388 1362
-24 1651
-450 848
-1850 1003
-1757 273
-1 905
-189 260
-353 516
-231 382
-354 1806
-106 265
-12 1405
-1473 1947
-1506 1281
-14 1813
-1800 749
-1808 1291
-175 1009
-945 280
-1908 832
-1603 1867
-236 711
-1657 31
-1530 1190
-521 1677
-442 1060
-632 439
-1780 1214
-1054 662
-1556 194
-715 960
-1249 86
-1694 1721
-1740 1944
-267 235
-633 391
-1182 1589
-1335 1996
-1607 737
-1280 947
-51 112
-912 820
-822 601
-567 1457
-1397 1165
-1973 1699
-193 1616
-623 214
-1495 748
-309 1400
-1729 1766
-794 1146
-421 534
-524 1919
-1495 338
-1353 1697
-1112 1153
-611 1708
-1216 1224
-1421 1972
-948 567
-903 1488
-562 1936
-137 1801
-841 1427
-441 382
-1250 1296
-292 252
-862 1524
-1103 492
-640 1259
-443 28
-596 1293
-172 1149
-854 1420
-362 711
-1086 1023
-1262 1299
-190 1959
-1301 234
-1803 1284
-110 1018
-1126 984
-1058 1295
-16 749
-122 1823
-1544 17
-1192 890
-1818 933
-1227 1614
-1868 1745
-1159 714
-1346 509
-1012 586
-872 134
-1342 432
-1068 388
-1941 739
-1091 1023
-1849 1316
-997 1185
-1511 150
-1022 1181
-126 97
-517 1659
-778 998
-1753 818
-1125 550
-970 297
-409 1226
-1010 139
-510 207
-150 812
-576 1749
-1452 1384
-1033 1423
-541 380
-357 1246
-675 194
-412 1886
-790 1608
-346 524
-349 551
-455 621
-1972 1158
-1665 1581
-1060 1298
-1287 817
-1737 328
-916 1550
-1344 1316
-1525 1195
-48 684
-1519 1272
-186 663
-132 1992
-1457 881
-1288 787
-1228 1130
-764 1533
-1229 957
-526 1198
-484 1952
-1353 1459
-862 1613
-1689 1590
-97 914
-309 1868
-1801 1445
-1167 748
-1376 259
-364 79
-1581 1737
-1417 1834
-1420 1634
-1431 836
-651 1825
-1540 104
-242 1326
-1672 39
-1656 1155
-1502 1396
-1138 678
-404 804
-1881 402
-22 143
-1729 1588
-1398 342
-1288 1862
-52 163
-1881 723
-1446 327
-1718 799
-1390 1122
-1660 1616
-127 361
-798 698
-1078 5
-385 1429
-354 1580
-862 837
-769 860
-1874 1630
-1376 140
-296 1780
-1799 1353
-1518 400
-1101 450
-659 857
-1096 152
-1583 1992
-358 1777
-1669 171
-1648 1228
-518 515
-518 787
-1076 451
-32 518
-881 969
-30 1112
-572 414
-647 758
-477 1986
-1932 1300
-1071 1772
-766 1500
-1924 959
-1794 1922
-148 1121
-724 1053
-997 780
-1109 6
-806 1271
-1220 460
-1711 543
-509 1934
-23 1367
-1582 79
-1214 1588
-662 1349
-639 1312
-1969 959
-1681 602
-3 1054
-632 1010
-1960 991
-638 810
-1659 1645
-801 1924
-623 392
-32 1785
-1858 1300
-111 1465
-44 1505
-1876 1397
-1206 1743
-1208 1741
-239 891
-578 128
-953 1050
-195 430
-1346 619
-1319 201
-1519 453
-817 255
-995 180
-822 1819
-740 666
-928 1504
-1800 1863
-235 360
-496 1281
-1943 1086
-1309 1472
-246 358
-1702 175
-1393 1671
-776 829
-1778 225
-805 1659
-407 790
-1017 1668
-1086 454
-886 1414
-1393 1966
-1559 470
-370 908
-220 1900
-10 954
-228 1732
-269 444
-867 927
-1499 811
-1670 570
-304 1428
-1872 1065
-1885 801
-842 589
-1954 1784
-1103 1756
-941 805
-122 1903
-1074 539
-1500 505
-1029 1829
-920 567
-1963 1502
-356 1094
-339 113
-1414 895
-178 1607
-1639 1151
-1098 67
-1150 407
-1797 1840
-966 1386
-1349 1108
-1108 673
-187 918
-519 1038
-5 1360
-1394 1313
-24 1616
-1938 1112
-1242 173
-895 1496
-71 313
-1568 1790
-553 1455
-1920 138
-1070 1675
-1628 581
-692 79
-300 1767
-1147 30
-705 78
-1872 1714
-360 1856
-1273 546
-8 1990
-1639 235
-1452 1946
-690 1908
-1028 208
-221 1742
-1572 780
-118 1698
-111 539
-1956 1295
-1064 1613
-20 1928
-1707 1598
-361 1465
-1052 1289
-625 616
-1393 1603
-1612 312
-404 19
-299 867
-1635 28
-1956 396
-1019 61
-521 781
-655 1513
-1424 548
-1971 376
-1416 1522
-243 723
-1546 893
-489 591
-57 1565
-1444 1754
-946 1537
-859 1861
-258 1527
-1266 1052
-786 1812
-1820 1593
-1698 1485
-63 946
-158 415
-1130 1066
-190 326
-1412 1768
-190 752
-1047 1286
-1399 1118
-1268 1775
-1282 80
-528 839
-1319 1855
-1919 1023
-228 1514
-109 1007
-1135 1130
-279 501
-1034 553
-1363 362
-1602 318
-1701 219
-1457 1162
-715 1416
-357 1456
-1860 573
-1165 1799
-522 584
-56 1210
-248 918
-273 404
-441 215
-175 1837
-1793 1549
-517 980
-1657 1730
-861 1827
-91 144
-395 409
-1125 548
-1844 78
-1283 1590
-2 1561
-1519 364
-386 1434
-885 1060
-1276 1507
-1428 172
-832 156
-1458 1658
-1719 1257
-302 430
-1396 1909
-115 1078
-1157 901
-1138 1771
-38 1220
-1171 53
-1527 1583
-205 407
-1375 1448
-1612 1369
-1089 601
-219 351
-1014 1997
-1038 906
-94 659
-1143 1005
-1832 90
-1124 11
-282 152
-762 680
-1144 422
-682 1030
-1176 360
-469 192
-888 89
-283 1236
-652 1204
-1561 1486
-127 939
-1080 1568
-1612 971
-1357 1878
-1998 957
-1001 1115
-736 1301
-527 5
-1088 1610
-1116 710
-90 398
-1437 148
-19 1597
-1792 1137
-1812 842
-440 1808
-1627 446
-1044 1395
-226 1513
-1246 534
-1494 899
-208 1259
-330 1753
-1057 1872
-456 939
-1170 1588
-1397 1055
-954 1676
-680 1692
-1807 635
-1223 480
-305 1069
-1332 1255
-831 1454
-645 1866
-1646 757
-1614 51
-936 375
-801 857
-1414 927
-843 826
-1232 773
-267 1966
-156 347
-603 1327
-46 398
-16 96
-1513 972
-1716 786
-662 755
-814 332
-1539 1310
-1781 1077
-285 1685
-1767 616
-628 659
-982 373
-386 408
-904 1822
-1707 1241
-737 1452
-196 511
-317 1040
-520 1739
-1352 1495
-462 625
-782 913
-294 668
-1897 1253
-279 1854
-1598 583
-976 106
-1427 982
-1024 947
-40 1902
-1192 1429
-1358 1803
-457 1506
-915 1584
-1792 121
-323 411
-1287 1440
-717 481
-1007 1341
-639 623
-71 1603
-649 1714
-1744 1011
-800 742
-1558 1407
-1517 1714
-758 39
-1195 1737
-1934 265
-1278 153
-899 651
-871 692
-1606 1048
-282 1414
-1872 1880
-1563 205
-461 1565
-1447 1769
-60 578
-1134 1617
-1762 1746
-1142 533
-564 852
-1349 682
-906 1167
-1431 1433
-1042 1140
-124 1412
-775 1676
-653 835
-1976 172
-14 69
-1816 162
-530 1792
-1536 1867
-330 9
-1242 1485
-1800 788
-1082 1897
-1104 1399
-614 209
-1342 1428
-1030 692
-186 384
-651 527
-980 123
-123 456
-954 1021
-1170 641
-1665 1115
-1673 642
-256 1745
-1215 35
-1919 1153
-1152 1674
-687 360
-1627 1465
-1508 440
-1849 336
-1289 1403
-624 1918
-1365 1077
-424 322
-1898 502
-1962 1679
-171 1394
-1521 1927
-1029 1505
-295 682
-1067 1535
-1028 268
-1298 1227
-1892 135
-1045 1417
-530 1850
-1677 310
-1550 1624
-1921 614
-1406 1959
-1036 483
-1425 1457
-559 645
-1386 279
-348 1446
-1816 328
-503 1072
-1133 1155
-1599 1583
-1653 1409
-39 1581
-1411 1933
-1897 1275
-895 249
-1426 946
-1383 935
-1241 1462
-1260 1435
-489 499
-1709 1383
-1888 1531
-416 1923
-865 916
-1323 418
-1872 26
-1967 1800
-1841 1367
-1847 962
-939 1951
-1921 957
-439 1822
-1281 315
-1612 751
-344 1993
-1883 1026
-1199 666
-1952 1996
-825 256
-1784 1975
-709 1852
-1914 887
-1048 1116
-1475 1212
-1380 547
-1177 1609
-1419 159
-20 136
-1574 1491
-1076 1360
-1673 1607
-1461 1078
-1391 539
-741 143
-580 58
-1473 1502
-123 1354
-785 797
-410 472
-562 1490
-1313 1258
-1906 546
-1061 264
-994 1437
-809 1254
-1836 1509
-73 1943
-1503 536
-1020 610
-1755 1532
-465 232
-1852 1929
-1232 1142
-141 672
-466 1099
-429 618
-82 337
-1178 142
-1658 334
-1653 1864
-259 588
-2000 273
-146 1258
-1498 24
-198 1687
