411 2000
-396 1
-252 36
-338 248
-322 26
-182 28
-384 330
-95 382
-89 242
-141 365
-69 371
-47 130
-295 71
-368 83
-49 362
-213 150
-216 92
-341 303
-62 411
-356 363
-42 97
-14 213
-261 196
-90 220
-364 231
-93 302
-373 191
-252 180
-399 238
-20 14
-324 90
-232 29
-49 278
-90 6
-80 158
-25 391
-77 310
-310 364
-333 119
-228 186
-221 74
-400 379
-386 81
-286 120
-390 332
-362 195
-166 384
-235 196
-89 334
-245 370
-338 238
-258 101
-377 149
-67 255
-254 267
-102 110
-121 304
-134 253
-400 67
-63 90
-165 92
-84 277
-159 391
-37 138
-152 310
-387 47
-183 127
-42 96
-25 79
-247 159
-290 84
-23 102
-304 335
-212 216
-317 225
-74 17
-172 17
-267 151
-118 233
-201 360
-51 259
-366 227
-173 335
-21 52
-246 72
-411 177
-169 99
-216 160
-372 408
-179 81
-123 385
-193 227
-110 307
-355 335
-151 157
-344 72
-190 358
-259 151
-277 58
-394 334
-185 210
-4 142
-93 186
-160 403
-182 39
-326 299
-105 175
-150 353
-388 43
-388 190
-84 325
-73 123
-192 73
-6 279
-218 134
-411 347
-271 306
-214 2
-226 306
-112 262
-337 197
-344 236
-70 7
-48 334
-231 402
-268 166
-82 260
-310 79
-338 364
-252 79
-159 106
-350 73
-55 177
-97 168
-119 364
-71 234
-292 103
-156 190
-44 193
-47 135
-286 304
-272 212
-95 328
-163 57
-271 347
-237 147
-279 278
-365 329
-321 62
-401 261
-145 291
-68 208
-234 362
-177 152
-70 6
-76 280
-40 66
-39 260
-55 288
-252 375
-14 340
-125 35
-212 133
-274 127
-173 263
-321 88
-184 314
-8 371
-299 350
-260 46
-158 235
-231 372
-103 80
-353 181
-282 384
-11 389
-387 97
-65 114
-329 162
-282 351
-143 288
-369 300
-197 359
-335 60
-6 329
-284 267
-266 174
-17 386
-135 174
-197 381
-350 365
-40 98
-88 7
-317 275
-155 46
-207 143
-156 82
-22 255
-153 45
-14 261
-27 2
-348 317
-393 120
-399 242
-29 212
-389 47
-351 345
-127 332
-294 36
-359 204
-275 366
-173 68
-231 228
-310 133
-241 280
-237 22
-160 239
-144 204
-366 221
-295 345
-16 233
-187 303
-220 230
-74 407
-157 394
-208 85
-223 327
-210 199
-253 324
-344 382
-385 167
-67 312
-175 57
-345 7
-13 366
-349 8
-382 224
-292 158
-295 321
-363 314
-141 9
-322 204
-155 75
-97 198
-307 10
-74 120
-168 362
-333 149
-275 145
-253 194
-165 164
-170 227
-236 196
-385 229
-277 383
-287 235
-297 72
-358 27
-33 95
-130 281
-209 395
-350 312
-389 273
-370 145
-174 315
-25 16
-4 241
-181 388
-125 269
-314 268
-369 16
-318 41
-238 407
-362 344
-385 156
-309 411
-73 138
-100 319
-248 347
-197 368
-168 70
-96 249
-18 399
-328 14
-58 269
-316 277
-225 367
-20 353
-171 113
-294 282
-292 277
-292 264
-73 33
-4 6
-31 118
-182 213
-269 23
-339 223
-143 199
-199 41
-249 123
-293 326
-216 249
-194 162
-297 113
-12 397
-166 208
-15 279
-275 213
-49 211
-287 112
-130 308
-330 197
-118 31
-372 293
-376 211
-103 321
-1 359
-185 346
-331 203
-86 24
-230 249
-343 13
-54 157
-249 216
-208 330
-219 65
-396 307
-118 375
-107 347
-255 355
-69 252
-195 85
-218 362
-329 176
-223 356
-225 16
-26 22
-411 78
-40 375
-251 331
-337 145
-121 58
-271 109
-388 380
-278 235
-267 332
-390 123
-115 143
-263 67
-239 252
-369 392
-289 306
-20 361
-305 103
-121 74
-295 160
-20 394
-380 234
-106 219
-193 127
-378 76
-160 137
-129 372
-216 318
-237 109
-216 381
-191 132
-331 251
-4 341
-5 184
-272 376
-90 299
-289 116
-75 99
-112 53
-312 28
-179 106
-112 27
-195 145
-254 362
-317 265
-161 274
-347 373
-252 5
-183 38
-191 194
-198 118
-35 393
-81 104
-211 294
-393 397
-189 383
-57 89
-30 226
-122 222
-349 166
-3 134
-400 171
-310 278
-1 316
-133 233
-73 348
-177 244
-109 281
-90 198
-187 70
-373 328
-194 43
-180 291
-349 409
-212 96
-304 168
-10 244
-95 298
-230 137
-146 215
-322 161
-137 344
-92 297
-311 205
-99 343
-407 277
-3 278
-262 11
-215 103
-292 290
-348 380
-223 202
-44 122
-358 271
-62 92
-164 59
-337 208
-110 141
-380 311
-28 62
-193 349
-332 285
-75 294
-65 21
-341 223
-185 321
-390 378
-52 112
-78 363
-83 392
-49 8
-259 103
-16 44
-277 197
-284 334
-91 157
-382 239
-347 325
-73 136
-197 123
-35 303
-361 180
-39 193
-244 300
-242 63
-86 342
-378 261
-391 396
-390 43
-107 152
-333 349
-369 173
-130 96
-216 346
-258 170
-359 379
-250 124
-203 399
-317 400
-81 44
-201 121
-258 112
-176 192
-396 271
-335 221
-165 31
-44 69
-26 356
-228 367
-337 392
-184 336
-154 34
-214 220
-403 10
-270 170
-321 32
-250 337
-119 204
-5 387
-302 260
-408 204
-106 44
-75 276
-359 324
-51 134
-47 143
-328 181
-221 156
-322 245
-51 70
-313 191
-19 60
-399 387
-50 388
-133 255
-150 13
-261 265
-298 235
-209 205
-161 357
-216 298
-400 191
-293 89
-165 58
-264 25
-284 164
-49 361
-67 409
-232 7
-106 129
-178 219
-242 314
-217 175
-31 330
-300 321
-301 238
-181 171
-276 174
-81 196
-159 19
-21 361
-62 205
-385 71
-311 19
-213 55
-368 172
-185 159
-328 231
-229 221
-167 292
-234 123
-351 238
-405 203
-47 311
-162 259
-104 383
-400 365
-348 354
-1 384
-312 306
-156 133
-354 153
-42 361
-48 218
-402 128
-254 162
-87 286
-44 299
-375 211
-343 24
-174 8
-98 322
-363 284
-338 163
-346 38
-394 150
-390 154
-230 37
-316 347
-150 334
-5 9
-400 248
-19 220
-109 193
-382 384
-97 364
-63 48
-114 278
-271 344
-56 84
-362 307
-392 109
-298 376
-74 25
-223 97
-386 335
-145 171
-313 133
-166 57
-67 171
-172 59
-277 280
-93 156
-309 31
-298 23
-211 188
-48 84
-79 60
-17 231
-243 326
-219 116
-138 156
-214 345
-351 81
-302 294
-303 180
-356 248
-110 48
-312 129
-334 82
-343 113
-263 349
-205 357
-339 278
-230 204
-134 212
-318 119
-251 47
-12 337
-119 281
-90 292
-364 209
-381 133
-243 333
-287 10
-140 179
-79 389
-138 383
-165 400
-294 180
-408 104
-258 189
-279 371
-157 59
-272 154
-105 170
-389 16
-32 62
-403 351
-54 28
-288 381
-24 259
-360 14
-300 46
-49 227
-358 220
-356 266
-75 218
-206 215
-204 371
-302 104
-335 361
-161 347
-183 44
-212 387
-226 179
-209 389
-80 336
-272 26
-159 281
-7 205
-81 363
-180 77
-114 81
-281 259
-359 127
-407 24
-264 127
-301 134
-304 166
-178 26
-159 331
-171 173
-76 206
-23 317
-212 299
-255 178
-240 312
-294 241
-172 149
-259 372
-267 35
-213 323
-47 21
-92 277
-84 224
-304 222
-409 164
-200 101
-328 308
-60 249
-85 180
-11 62
-45 370
-265 18
-29 251
-89 275
-373 237
-139 142
-256 191
-93 351
-398 154
-242 390
-410 211
-315 317
-23 45
-327 177
-265 361
-375 149
-329 274
-82 246
-83 42
-134 314
-109 130
-309 12
-375 83
-146 354
-207 19
-400 324
-363 227
-277 351
-157 70
-278 168
-3 358
-86 82
-368 320
-245 8
-359 183
-26 407
-122 96
-252 137
-75 127
-105 213
-123 77
-265 74
-404 293
-279 245
-89 21
-291 316
-27 409
-327 232
-375 133
-153 239
-314 28
-328 85
-3 227
-50 164
-390 402
-58 373
-41 233
-226 66
-207 334
-211 192
-28 390
-336 92
-212 66
-52 126
-147 243
-171 93
-126 125
-389 410
-36 203
-63 263
-314 22
-205 282
-20 54
-12 279
-125 66
-250 304
-154 392
-326 225
-221 130
-42 142
-17 312
-35 44
-162 237
-371 323
-108 342
-361 280
-199 170
-282 279
-304 49
-346 31
-188 255
-134 273
-376 174
-344 155
-24 108
-55 298
-203 140
-236 374
-164 350
-63 44
-247 68
-293 55
-22 194
-380 411
-8 235
-55 124
-149 274
-180 190
-53 65
-102 34
-118 24
-361 189
-208 138
-184 83
-38 68
-218 185
-39 409
-249 43
-24 133
-138 38
-245 377
-396 32
-149 281
-258 186
-245 78
-322 347
-66 352
-24 316
-93 55
-157 118
-119 95
-222 180
-404 381
-28 233
-129 223
-180 33
-175 346
-29 288
-411 384
-142 181
-354 227
-99 268
-333 37
-262 317
-252 92
-365 403
-169 159
-359 242
-138 325
-251 352
-291 53
-256 389
-385 14
-339 152
-268 272
-296 321
-96 215
-347 141
-79 149
-307 86
-366 251
-233 110
-141 135
-266 363
-99 73
-331 245
-227 268
-206 161
-7 72
-354 380
-186 400
-353 117
-288 280
-19 133
-80 300
-26 351
-400 347
-358 21
-60 204
-274 42
-238 291
-224 171
-411 313
-181 76
-347 277
-402 90
-62 35
-108 118
-145 228
-67 106
-337 131
-166 333
-95 322
-317 60
-143 99
-365 249
-80 25
-309 296
-343 17
-346 51
-82 333
-241 99
-227 324
-68 242
-116 161
-294 33
-339 342
-183 78
-238 2
-263 126
-140 264
-233 128
-372 262
-268 139
-68 160
-53 334
-122 347
-232 387
-194 200
-48 21
-197 255
-351 289
-398 164
-228 27
-123 393
-18 102
-206 97
-178 134
-346 69
-319 162
-305 217
-3 141
-56 152
-410 275
-77 132
-268 183
-208 338
-288 319
-383 261
-181 184
-248 306
-379 82
-132 317
-257 331
-70 237
-174 263
-260 248
-282 143
-311 77
-138 205
-289 112
-80 230
-227 257
-89 270
-238 316
-82 252
-58 333
-208 139
-324 240
-55 25
-285 148
-107 8
-299 289
-275 215
-309 211
-80 259
-86 202
-221 265
-168 252
-264 301
-70 113
-207 175
-190 177
-301 144
-239 193
-406 410
-285 210
-280 354
-253 199
-124 219
-364 177
-67 116
-117 165
-193 315
-182 67
-333 229
-64 333
-54 161
-383 2
-110 287
-190 221
-219 112
-252 63
-199 244
-198 219
-37 8
-301 335
-152 299
-201 244
-358 95
-356 247
-358 184
-61 396
-355 346
-48 11
-7 302
-125 386
-11 122
-77 259
-8 328
-288 223
-314 338
-375 359
-63 398
-373 34
-34 122
-210 163
-38 266
-212 324
-261 95
-64 284
-403 201
-328 155
-200 366
-20 338
-84 293
-67 204
-108 408
-310 265
-31 59
-336 152
-94 49
-246 244
-304 103
-191 136
-249 150
-131 369
-316 342
-241 10
-267 21
-24 321
-10 208
-329 85
-132 411
-108 134
-299 40
-101 279
-46 90
-286 116
-336 345
-150 351
-43 177
-164 157
-25 162
-410 205
-279 390
-72 273
-52 93
-390 321
-259 358
-371 13
-208 103
-55 125
-88 257
-115 132
-86 217
-51 5
-307 17
-391 409
-382 168
-355 353
-371 88
-322 167
-171 187
-399 143
-26 382
-62 332
-360 63
-157 372
-175 403
-315 181
-27 115
-75 352
-281 66
-110 261
-223 222
-234 216
-395 299
-293 46
-266 305
-249 70
-339 215
-333 298
-259 209
-260 315
-116 250
-54 251
-220 86
-36 282
-393 155
-64 249
-381 302
-54 183
-300 77
-108 33
-373 189
-373 166
-355 374
-101 313
-385 91
-21 31
-168 86
-35 187
-31 12
-348 211
-401 200
-53 332
-246 195
-90 196
-348 61
-157 358
-393 147
-346 95
-350 186
-390 302
-135 15
-395 317
-372 328
-396 78
-343 5
-170 124
-233 207
-35 288
-58 76
-250 23
-313 104
-329 363
-38 156
-225 37
-142 170
-137 296
-192 250
-180 229
-364 117
-164 326
-401 101
-230 187
-172 64
-28 339
-372 244
-326 122
-313 142
-366 199
-283 278
-79 143
-249 213
-346 365
-322 225
-167 340
-316 165
-335 90
-334 216
-273 111
-345 309
-189 111
-409 203
-381 102
-219 171
-40 313
-312 267
-201 44
-176 36
-139 331
-75 349
-20 99
-408 371
-204 360
-47 221
-308 387
-234 231
-196 168
-367 324
-245 72
-113 375
-226 338
-213 404
-192 231
-95 373
-157 164
-377 126
-83 232
-152 166
-305 280
-213 131
-17 219
-362 183
-352 326
-92 238
-386 156
-156 70
-299 390
-18 218
-331 170
-196 398
-344 58
-352 329
-353 98
-41 68
-279 181
-64 138
-273 364
-212 365
-112 399
-303 348
-192 399
-352 375
-127 206
-365 93
-237 66
-396 21
-272 218
-198 272
-25 394
-207 242
-203 215
-311 270
-248 302
-244 260
-56 47
-20 186
-8 231
-62 334
-228 289
-277 251
-291 109
-268 211
-389 87
-291 358
-358 303
-300 238
-165 357
-133 201
-177 224
-397 48
-100 88
-345 163
-408 237
-397 270
-302 373
-348 344
-154 259
-111 206
-208 143
-343 124
-398 184
-126 319
-326 259
-167 351
-35 100
-240 191
-167 164
-239 196
-231 337
-33 290
-321 279
-267 274
-23 387
-38 100
-366 319
-95 125
-172 181
-129 106
-298 247
-9 281
-78 145
-292 383
-93 124
-345 11
-148 280
-331 318
-379 383
-411 353
-323 17
-296 27
-315 391
-6 352
-187 407
-344 392
-166 218
-25 132
-37 331
-362 63
-234 266
-17 399
-10 375
-198 111
-410 19
-342 390
-312 159
-302 134
-156 134
-371 3
-9 365
-238 101
-240 309
-108 262
-238 189
-118 126
-288 102
-383 317
-279 320
-170 372
-62 91
-259 313
-376 310
-64 311
-337 164
-145 396
-46 338
-191 349
-244 59
-101 61
-74 369
-311 95
-304 165
-344 86
-191 333
-25 363
-297 344
-182 382
-231 107
-341 71
-108 273
-399 328
-309 289
-205 19
-92 213
-334 69
-209 11
-348 327
-22 97
-168 59
-257 209
-316 188
-50 30
-56 312
-21 218
-115 204
-248 385
-314 248
-80 23
-243 194
-10 267
-149 19
-137 99
-163 152
-187 340
-222 289
-36 159
-295 318
-80 325
-260 103
-397 273
-114 337
-87 325
-374 174
-303 49
-83 404
-156 364
-27 46
-29 192
-214 92
-95 73
-195 224
-268 57
-332 175
-42 288
-296 299
-226 36
-62 24
-249 63
-26 145
-340 243
-254 271
-61 130
-87 317
-153 369
-87 381
-158 161
-42 198
-161 262
-302 44
-37 10
-189 278
-280 63
-347 45
-251 403
-33 350
-347 317
-27 58
-360 347
-190 120
-329 142
-376 55
-257 263
-160 40
-303 65
-127 174
-77 235
-231 187
-80 188
-384 371
-299 54
-238 143
-219 272
-397 354
-186 396
-84 401
-354 199
-170 277
-391 307
-132 127
-197 394
-13 204
-201 77
-179 308
-4 249
-399 371
-343 332
-97 60
-397 129
-319 46
-411 362
-219 177
-221 318
-251 60
-247 321
-245 77
-137 157
-394 199
-338 317
-312 406
-189 317
-279 47
-311 348
-22 353
-191 235
-61 52
-103 162
-262 25
-76 291
-12 174
-174 110
-347 242
-166 226
-122 60
-353 142
-225 140
-374 88
-162 59
-235 212
-363 409
-252 59
-188 184
-107 20
-392 273
-276 187
-368 398
-362 410
-330 315
-113 302
-197 370
-105 271
-305 126
-267 183
-206 48
-204 321
-49 125
-116 308
-109 397
-229 91
-288 166
-331 138
-405 18
-242 47
-267 1
-152 55
-64 219
-97 167
-178 153
-325 235
-52 83
-331 36
-363 170
-396 44
-37 243
-354 125
-289 212
-185 300
-290 44
-99 379
-179 1
-175 12
-397 341
-19 294
-33 191
-280 22
-174 351
-67 59
-134 265
-186 121
-47 346
-303 168
-352 109
-149 337
-164 260
-256 94
-204 153
-322 13
-46 320
-251 35
-132 47
-172 178
-310 233
-26 173
-215 191
-385 257
-133 85
-231 199
-50 228
-2 388
-89 336
-26 68
-7 286
-358 339
-201 271
-332 163
-290 63
-74 73
-264 284
-77 221
-331 49
-22 388
-20 90
-273 332
-373 57
-386 148
-325 66
-227 345
-59 410
-328 367
-153 291
-202 177
-295 29
-229 222
-161 204
-71 143
-143 278
-120 83
-254 378
-411 316
-224 39
-169 354
-311 262
-201 22
-3 396
-77 379
-323 135
-238 242
-336 168
-237 235
-348 178
-398 232
-336 12
-193 32
-386 307
-104 331
-246 250
-242 90
-391 355
-292 9
-119 83
-120 319
-166 68
-394 136
-8 357
-376 31
-360 74
-200 175
-162 291
-188 330
-119 376
-348 219
-333 22
-155 63
-26 219
-159 364
-188 323
-23 229
-227 404
-358 26
-215 121
-248 168
-171 198
-331 8
-203 114
-338 26
-35 150
-282 352
-309 307
-304 101
-141 296
-110 337
-307 12
-109 46
-385 87
-402 16
-389 176
-65 387
-40 400
-225 81
-255 185
-157 317
-114 315
-303 221
-96 259
-325 129
-66 359
-349 101
-259 124
-241 107
-162 26
-409 255
-208 395
-207 386
-245 265
-140 161
-306 182
-242 334
-257 404
-296 218
-332 317
-9 374
-220 131
-392 17
-388 80
-304 375
-359 365
-40 84
-162 231
-138 171
-200 349
-371 386
-401 189
-216 114
-323 334
-382 391
-76 124
-246 135
-44 132
-270 138
-178 263
-7 153
-134 242
-388 175
-285 242
-73 3
-283 321
-252 149
-113 135
-379 263
-111 104
-365 139
-222 187
-373 87
-227 172
-360 139
-234 27
-36 27
-191 63
-97 305
-173 151
-262 22
-145 201
-349 29
-343 36
-45 190
-283 371
-156 121
-278 136
-214 48
-300 88
-375 89
-70 34
-225 407
-246 54
-98 77
-111 38
-279 196
-143 19
-80 319
-143 85
-283 280
-320 354
-26 15
-277 372
-197 149
-150 204
-142 123
-88 123
-145 205
-340 171
-147 349
-219 55
-333 178
-153 135
-33 15
-347 408
-22 336
-200 151
-305 303
-18 322
-211 381
-167 349
-282 148
-48 217
-299 290
-126 263
-279 391
-396 59
-259 268
-163 305
-101 150
-366 330
-152 66
-123 167
-175 251
-384 196
-18 212
-11 215
-126 110
-173 252
-57 302
-178 357
-321 373
-287 309
-78 98
-26 224
-17 161
-85 404
-55 393
-132 158
-17 167
-216 221
-279 238
-273 201
-82 359
-84 136
-299 144
-278 29
-164 53
-12 392
-278 70
-218 35
-127 312
-39 405
-22 169
-102 376
-95 371
-134 301
-346 150
-116 246
-52 127
-183 306
-281 325
-131 102
-270 40
-58 52
-316 145
-184 119
-159 113
-337 119
-119 264
-327 90
-179 113
-236 406
-259 132
-353 290
-191 29
-253 174
-13 223
-152 64
-15 60
-21 75
-63 103
-76 408
-359 214
-48 129
-366 226
-195 362
-315 220
-6 46
-124 381
-239 312
-72 89
-214 101
-182 74
-326 181
-364 289
-243 212
-131 7
-82 130
-100 85
-22 186
-353 220
-133 98
-300 272
-169 39
-251 190
-405 207
-234 52
-169 351
-157 27
-286 100
-390 22
-367 55
-205 257
-145 365
-163 47
-202 293
-244 42
-167 57
-222 396
-381 206
-170 185
-207 282
-147 407
-388 283
-247 183
-122 283
-160 41
-203 123
-323 400
-45 27
-214 250
-393 205
-396 171
-247 199
-146 51
-390 244
-304 117
-82 375
-371 305
-200 203
-230 30
-392 407
-266 405
-332 405
-268 300
-204 138
-150 343
-70 213
-153 151
-139 103
-243 224
-8 316
-110 122
-271 160
-322 197
-286 198
-390 241
-408 405
-379 220
-343 323
-187 92
-201 372
-285 101
-16 95
-249 264
-217 133
-303 72
-208 181
-164 186
-160 326
-126 358
-151 60
-175 352
-218 370
-250 63
-179 366
-409 64
-37 241
-275 319
-130 330
-222 12
-270 151
-63 337
-248 53
-349 347
-96 310
-84 87
-313 73
-303 344
-294 268
-235 172
-376 53
-99 180
-323 314
-263 399
-306 36
-366 283
-10 333
-323 278
-305 77
-324 401
-137 254
-78 165
-66 86
-93 154
-395 341
-409 362
-84 281
-79 259
-40 339
-142 261
-54 355
-62 40
-109 255
-211 106
-156 67
-282 164
-362 45
-23 275
-379 336
-332 154
-239 219
-348 298
-147 323
-89 55
-181 325
-236 19
-179 69
-111 382
-407 189
-256 352
-180 7
-363 361
-367 395
-292 97
-361 368
-185 176
-143 200
-87 63
-83 257
-126 369
-122 33
-187 144
-396 152
-321 206
-298 110
-322 155
-376 57
-132 404
-22 411
-312 339
-238 129
-236 242
-220 261
-356 25
-23 338
-17 259
-238 159
-28 362
-253 49
-147 181
-226 241
-36 131
-265 314
-239 224
-341 314
-275 400
-59 66
-28 284
-369 61
-277 409
-339 340
-321 246
-296 183
-42 53
-156 356
-113 7
-339 399
-361 212
-316 124
-362 201
-403 340
-72 133
-145 79
-287 30
-117 90
-218 84
