2000 2000
-1832 63
822 1858
-1401 -1160
-1394 -116
-1989 1308
319 1095
285 1418
-808 1150
-893 1438
-134 -118
-184 282
269 1542
881 1776
-1982 132
-259 1189
792 1078
-1324 1176
431 1989
-1951 1413
538 979
-723 1970
-1834 -22
682 1812
-1748 -1576
87 191
1138 1652
-551 18
22 587
-890 1302
1194 1456
-865 -288
-1694 -1006
-1560 1046
-1885 653
110 1458
254 1476
981 1469
871 1530
-1435 974
-1833 1921
88 588
-332 710
-1439 251
-469 1507
155 1645
-687 1571
-1042 634
-1882 1008
1325 1963
348 1091
-778 667
474 656
561 746
91 1783
-1939 1284
-1987 1847
-267 -132
-773 331
682 863
-1605 695
-1879 -1762
-769 1829
511 768
-654 1095
-1985 824
-88 958
-1992 1591
-824 -163
1163 1953
-789 1795
895 906
1234 1522
-104 1950
-1364 862
-319 -75
1210 1366
-530 375
89 1731
-695 -221
-80 805
-1534 913
154 651
-1864 223
1112 1132
-1101 -322
266 820
-1475 -564
-740 1708
1360 1940
139 168
-1503 -236
1640 1654
41 1843
1048 1780
-897 -768
826 1009
-783 -537
-1246 1456
-1977 -801
-1349 -558
-661 373
621 1328
-1288 533
1216 1506
-121 1048
-1944 -474
766 1253
-67 257
-1334 1712
-1385 -1154
-1178 21
-1200 1513
-186 22
-988 -281
751 1640
-1245 1188
835 1761
-359 149
-625 -337
-1610 1789
-1554 1843
828 1479
-1866 -1450
-1101 701
1309 1800
-2 148
-981 235
-1879 1959
916 1465
-1393 -1207
-1820 956
-419 1692
262 1907
-163 468
830 1330
-80 1376
-1459 -1283
100 818
-1094 1952
607 1413
-372 1743
-648 1745
-999 -902
-114 259
-583 838
-280 82
-1809 -288
-270 -184
-1514 -283
342 1141
-802 144
-1382 1771
-559 1755
30 1864
15 655
-1771 -540
-1436 70
-1770 -31
-1303 65
-1662 -301
-1902 142
-798 8
-1598 -1431
-1370 -1217
1466 1621
-1702 1579
-1350 -1282
1319 1858
-1954 -1940
-1561 533
-156 1224
-1569 1365
-235 964
136 1834
976 1136
-316 1056
444 1482
-1671 -1106
-196 1764
795 1831
-1197 -583
-1325 737
860 1400
-1608 -1167
-780 481
-93 1013
-1944 862
102 1860
329 1324
-1044 -774
-955 1505
-827 1288
-1922 -609
-1844 -886
-651 -537
868 1204
-1627 1700
-1435 6
290 1261
-1811 -1083
-1820 -695
1795 1960
-424 293
-275 894
335 618
-280 567
-1374 1643
-164 936
-1505 1425
-1946 793
-1758 365
-1166 29
1636 1828
514 861
420 437
-1536 -779
-1138 268
-1512 100
472 1240
-769 -147
-1349 1530
-488 920
-1177 -940
-137 129
-16 609
-1993 -1514
-491 992
-947 -473
-1506 -277
765 1159
-1550 554
-1845 943
-1164 483
1638 1880
-1988 941
-1185 857
-1350 -628
-1326 635
400 1869
370 841
-1993 -1387
-355 -28
-1414 -1082
1116 1601
-1389 918
681 1330
-33 717
-1165 8
-912 1339
-765 318
-1188 1545
1054 1689
-1427 218
25 1309
-455 1156
-1786 -1055
116 1919
-1423 944
-3 1093
-1963 -19
-1939 -1130
-139 1047
-913 1815
880 1695
1852 1998
233 967
-547 1882
1096 1367
-94 1098
-1197 -790
-958 1402
-582 1413
-290 -49
-1931 197
-229 896
-448 1981
780 1899
-255 133
-1770 623
-315 166
-1086 -927
26 1539
-1530 1418
-1701 -1082
544 1378
-1592 -686
-1716 -535
-708 -380
-1726 -43
1362 1648
645 1888
-803 1172
-1333 -570
-984 719
-905 -575
1903 1990
-1399 -184
1526 1652
-605 1950
-822 481
-901 1306
-1999 1714
163 838
-1903 -845
-1103 258
-149 902
972 1602
978 1650
-1391 845
-1897 -1232
-956 90
-1684 1788
644 1343
-1631 -229
505 1039
972 1558
210 1350
-1804 1420
-1266 481
-1886 -1565
-1919 603
584 1401
-513 1492
51 816
-1256 -220
1015 1324
-233 187
-764 1904
-1029 547
50 718
-1810 129
-173 1595
-446 1262
-998 1416
-1816 -1684
-912 1244
-1640 -1227
165 1099
-1214 1078
1510 1530
-1973 -326
-1386 53
-360 797
-1950 -1913
-90 843
-1769 -129
-270 1921
-1428 -574
-1440 -1227
-997 -834
2 589
-1672 -275
-604 -431
-246 814
-399 1401
-1603 138
-1485 -346
-1495 -1237
-1141 -840
-530 967
-1741 -1469
-124 480
-1037 1844
-1091 -693
66 1752
-1989 235
416 709
1105 1559
-1443 -1074
52 234
-1617 1381
-1086 115
-767 1460
-771 -707
-1802 -936
-648 1572
-762 -681
-1364 1744
-720 -697
16 105
-1404 576
267 540
170 258
-1451 1091
165 315
-1052 -549
-799 1857
-4 1671
-1520 -717
553 1106
-672 -672
681 1334
366 518
-536 474
-1475 256
-979 1382
-307 177
-303 -215
-546 947
-1892 959
-41 1549
-228 1195
-208 838
-1588 1240
-1908 1883
1324 1413
-1222 512
-1603 -740
-181 137
1281 1520
-1803 1179
111 972
-1675 -1571
139 145
-1562 873
-1163 363
-824 11
221 723
-875 1264
-1864 256
-1844 -1718
-752 667
-1533 1279
1453 1822
760 1634
400 1974
-1706 -1550
523 1453
-97 1748
-1081 1200
-682 -253
-1142 -667
-466 886
-958 1180
-1545 1260
-1224 -972
-344 1205
696 1718
666 1736
-1621 11
-650 -295
-1347 -1190
806 1453
1151 1583
-737 854
-1010 1186
-1445 248
-1679 -205
-1853 -1399
-1026 1748
-1132 1884
-822 447
-810 1837
292 1909
-559 1632
-300 1821
-235 1078
-154 1370
-581 440
-1863 -1077
-532 77
-1725 761
283 592
-1596 1917
-1736 1702
-1352 1075
-1658 -1379
-1507 1004
1371 1852
862 925
-1517 169
-1731 1739
-967 -705
1039 1466
946 1651
-861 90
-1974 1926
-3 644
-1690 1873
-1153 523
-571 1867
-1496 1998
1705 1927
-822 1615
-1535 1153
-1141 1325
-1842 1315
-1801 1765
474 882
-1091 1013
-1096 -665
-424 1360
-196 232
-1303 1164
-1265 -941
-538 664
-1673 -550
-1547 1652
-360 901
-324 1965
-1102 -972
-66 522
-139 1452
247 1344
-1194 985
-1031 -869
-1438 -270
-1013 994
-1661 -1526
-1222 1072
642 1421
-1542 869
-375 657
-1577 1031
-1667 -616
-968 1463
-550 1054
-1991 1323
-1618 -18
-1140 -22
-390 -373
-1917 1031
-616 1140
-732 889
-1642 -633
-1249 1046
-975 -686
-1438 308
-1803 -1395
221 420
580 1565
-222 1504
-92 1180
1443 1939
-1814 -1744
707 1754
-1090 -768
-673 -616
-1554 484
373 580
-195 778
-1657 1062
-1077 1160
-1964 1454
-1512 461
-659 426
247 1346
-623 1309
-283 132
-79 788
-873 1307
1396 1984
-1018 1653
-1631 -824
590 617
-1558 975
-275 540
-1737 1418
-1342 851
-1647 -383
-548 798
812 1792
-270 1593
-962 -116
-1842 -439
-981 959
-1993 -846
-1400 -249
-1948 237
-1706 -1287
-684 -453
-1193 797
-162 1502
-148 652
-63 475
-664 1561
-1314 1562
-1579 -169
-251 635
-1034 827
-1235 378
721 1917
-460 1875
-1909 -72
-1877 1611
-1698 -1268
-1144 1469
-1020 -917
-406 -377
-862 -855
-1397 1949
-1151 -170
-1976 -1536
-1962 -1007
995 1489
1240 1789
-1535 1686
-1204 -409
-1567 1307
-40 163
300 794
-1920 1546
-403 1637
-622 -227
-522 -396
1339 1755
-873 324
-1711 -1226
-1849 -567
-1519 115
1258 1308
-1076 -688
-968 -579
855 1054
-876 148
928 1466
-473 797
-633 -500
-254 885
-784 -180
-1886 -1472
-1707 806
1640 1992
654 992
1234 1554
1009 1021
-1006 1331
-1798 -1275
-1633 -1620
-915 793
479 1183
-1593 -1432
1371 1985
508 1151
-1111 -531
-1818 1341
-1984 41
-199 -6
-1568 1032
-1600 1001
-388 -304
-658 1725
-1328 1159
-1409 -768
-708 77
785 1321
1270 1650
-1243 846
892 1204
-1220 -1082
192 806
-1531 -1307
1142 1397
912 1403
-798 -108
-1879 -294
-644 233
162 701
-546 1849
-1512 -377
-582 370
-1628 -234
-1639 -501
-687 560
-208 744
-1928 -1473
-1873 1195
-1969 -855
-619 1668
378 783
-1279 385
-178 1413
-839 -768
-1432 -1169
-1168 -1160
-1680 1330
-440 -59
-1894 1278
-1548 -1269
-926 -29
-231 209
-1577 1306
-1613 212
-819 -421
-1624 1891
189 313
-307 434
1 1573
-1765 -711
707 993
219 422
-1024 -684
-1781 -900
159 261
-1844 711
926 1679
-1846 -1600
-984 -793
-894 1160
-1593 808
85 1297
-340 1452
642 1569
-1139 -837
-1849 1393
-951 1294
89 1884
-1969 1946
-1816 -1019
-1589 -356
-1567 -442
-1307 360
174 1377
-515 210
241 809
-411 284
281 768
-479 966
-1910 -890
419 1992
-797 849
-852 1461
1043 1408
-1413 1286
-1359 1602
1180 1624
-1038 1803
-1617 -198
-285 -76
-1232 265
556 761
-1176 -298
-896 850
-1853 1247
-1795 -1545
-1881 19
-1959 -276
-974 -16
-1357 -526
732 1933
-1992 -1298
-1760 770
-409 255
-1455 -618
-1647 177
141 1353
-1504 -767
-1563 -1375
-1591 255
-1923 -953
-1667 1549
-1255 -249
-1322 868
116 262
-1507 1456
151 1182
-1925 -932
-1330 565
1294 1699
955 1991
-1615 1943
-909 365
-1609 1325
-1844 1181
-879 -67
403 1235
-1204 607
-1171 -786
-229 1919
-1891 718
-322 1146
-1958 -1570
-1456 1628
-1691 984
-1652 545
-504 1055
1206 1968
1321 1726
-852 784
-360 935
1305 1627
-1793 -467
-814 149
1034 1276
133 1893
-1516 340
-1152 304
-674 92
-1911 -434
-1422 984
-1870 1573
-1090 706
-1867 -1737
-10 189
-679 -34
422 1394
-817 1242
-538 1345
440 1969
-1281 -279
-1749 -98
244 1102
-1085 -382
-242 1399
32 1510
818 1331
279 1371
-379 1052
-1495 1923
-928 874
-144 66
-1017 -37
-115 1908
1419 1761
-356 1878
-937 -357
-405 1159
-1921 -1448
-801 921
1560 1652
-1758 927
-1245 6
32 1401
-967 1302
1030 1125
-1743 375
-437 -136
257 500
-1291 -747
797 1816
-1604 -721
-1528 1793
224 1657
-329 1963
-486 1834
-1165 -223
-1918 542
515 594
-1805 -256
-1577 1706
1128 1513
276 845
-1571 785
-1051 -792
-499 1408
-509 1193
-90 724
-1831 -479
953 1128
1283 1287
-1019 1423
-198 118
1169 1635
-984 -945
-1850 1543
-1812 -935
-175 -147
-1962 40
103 810
-1489 1796
-438 1660
-372 906
-1897 -1634
-1605 1821
-1253 1595
-926 -833
-1970 575
-1867 -903
-414 -72
-1684 803
-1566 -1276
-1751 -1627
-135 1442
1824 1856
-1357 748
-1302 701
6 811
953 1801
-1778 -676
-1569 1401
544 1548
698 1826
-567 998
-965 -567
-1529 139
-367 525
1573 1739
-847 1620
-1317 1736
-1376 -946
1064 1929
-47 1693
-1870 -213
-723 1657
-623 -532
-1133 877
-1552 -222
-1197 458
95 1017
803 981
36 1457
-1819 533
-1293 -863
-1269 1752
424 1557
-1442 -404
248 1290
-1832 -1130
-1702 -1100
-515 1990
80 1171
-1924 1099
-1519 -211
-1127 -950
897 1778
-1333 -1162
17 634
-1153 -773
1274 1844
-195 1698
-181 1325
-1509 1925
-158 1144
-1363 -373
-704 -139
-1451 392
126 1726
-830 698
-889 1604
156 1705
-1025 791
-529 -271
-717 239
-1890 -406
-819 469
-1573 -1357
-1941 -1067
568 1480
-303 848
-651 964
-1546 563
-570 -162
-285 1729
-11 716
-1554 1565
-226 -10
-1748 -1625
-490 906
-1576 342
-1557 963
1278 1770
1306 1792
-1798 -1628
-134 1806
-1097 847
774 1762
-443 168
-421 973
-1475 -709
-725 -411
-900 1113
-582 20
1723 1933
-989 1937
935 1386
1836 1966
-1538 1484
-1280 342
521 1061
-1827 1333
-1040 1201
-321 373
-1528 -21
36 1164
1212 1439
-1369 1857
-1642 -1107
938 1602
-813 836
510 853
-1726 -1071
-273 1972
-1975 50
-1742 386
-889 622
-1882 -1191
478 521
-1203 -233
655 722
-1767 -1163
-900 94
232 829
-1441 1456
-1979 -847
-1624 -1583
-1984 -413
-897 495
-798 1823
-1623 -392
-1627 147
-1494 -1282
-975 1892
-792 481
132 1011
1313 1570
-81 1956
-636 1898
-1467 1460
-1309 -540
-1040 400
854 1402
-1590 1236
-1848 -304
-1631 -1497
-1344 -692
-968 -421
-1986 -1814
1458 1610
-69 841
-1251 874
-1361 1899
426 476
-1972 -1806
-1561 1417
-1841 1796
-1716 862
999 1995
-256 683
1218 1472
1556 1595
-1945 1230
752 1857
646 1540
-1083 -965
-1845 412
-687 1810
-1753 1432
-1901 -206
1211 1665
-223 1644
-1683 1083
-1337 1331
1292 1797
-1114 787
-76 685
-38 1988
-1322 1180
-18 1994
992 1048
-957 581
-436 -415
1495 1580
-1718 1169
-1194 1490
-1149 1913
-720 1666
1167 1862
-1914 -1460
-858 1016
-1980 168
-1193 648
1353 1449
-1705 -326
-108 154
-1781 -520
-109 1034
-1583 -1542
40 1215
1298 1931
-1065 -322
183 928
-1450 650
-1783 1554
-801 815
1672 1883
-170 591
395 1296
-872 -130
-1208 1449
-1135 -1101
817 1245
-27 1821
-1667 -1437
-998 -907
-1617 -152
225 724
-1690 -1090
-849 134
-1096 1449
-1589 -987
-792 -608
-567 1298
-1115 -830
-1823 560
-498 615
-1696 -469
971 1918
-1504 1031
-971 1134
-685 565
-211 1642
-939 -403
1530 1733
-409 1651
-1827 1440
-1882 1828
276 674
-521 1487
951 1720
-996 704
-1452 -467
-94 1681
-1299 856
72 1419
-71 1365
9 1751
1040 1630
892 1152
-334 -308
-515 523
-1417 -1295
-1150 -615
-579 1627
-1650 902
-1625 327
-1724 -745
377 1948
-1113 301
-1345 13
21 901
-745 1350
926 1109
-504 1839
426 871
-69 258
1088 1856
-855 1645
-965 1820
-1231 1607
275 782
-260 204
-1413 -309
-1232 1036
274 1926
-1036 410
-1109 1355
-888 581
-1683 -7
-234 1753
1103 1265
-1638 -877
-897 -870
177 1309
-1928 1197
-292 85
-962 705
472 568
754 1022
-1405 1912
-1073 74
1457 1686
-27 1664
-753 284
1563 1683
-856 1945
-1554 1259
-1185 1450
-931 -154
324 1270
-1502 1959
-1358 -61
-1576 924
-1693 -1560
-1016 1978
-511 -112
347 964
-143 128
677 961
-544 -518
-807 -210
-153 1971
-608 132
-674 122
-1908 1804
-450 -177
-992 -812
769 1054
-191 1843
-1010 1975
-1783 1761
-1612 -254
-343 577
-111 1965
-1944 -1352
-223 -73
-1303 1686
-431 -94
612 1455
789 1452
888 1438
557 1546
456 1057
236 1673
-414 76
-1641 1363
-1322 -835
354 855
-1048 -466
-493 -58
197 943
-1875 804
-976 739
-1582 284
-318 467
-201 587
-549 563
-1413 659
-1226 1075
-1808 850
-1227 -997
-1775 762
-1469 431
1047 1198
-230 849
-662 -97
-232 1397
-1787 -1247
496 1704
-1485 898
-1611 610
614 675
-195 199
-1588 -1355
-603 1652
1248 1664
-1677 1433
-477 1370
144 783
-1232 711
-1005 1184
219 1944
1283 1442
1793 1976
-1114 1672
-641 -114
1612 1685
-653 420
-615 1663
-940 1370
-322 515
-1504 -69
-69 860
4 1796
-475 1770
357 1246
395 741
-1783 1160
454 1945
-1041 1538
-1618 -1419
374 810
-1170 627
-1990 404
-1095 -185
-1834 938
-782 -124
-1066 1733
-703 50
-620 1828
624 1852
1345 1455
-280 1794
-1536 1787
-1459 688
-1804 1335
-1194 1437
-1499 1965
-1654 -969
1911 1976
-1141 829
-1065 1696
-1007 718
-138 70
-1688 1646
-688 1912
-1218 402
-669 1667
457 1692
916 983
-1163 -339
-1096 1712
1475 1767
-1834 225
-1551 1507
247 762
-695 911
1165 1200
-501 -471
-1875 201
951 1540
-600 1791
-1762 -48
925 1266
733 905
-31 925
-932 611
491 836
-865 564
-1965 208
330 701
-932 -565
813 957
-1250 -900
-1868 1885
-917 -618
-458 1037
9 856
-1525 1558
-564 1902
305 783
-1499 1300
562 844
-846 1671
-1967 554
-975 1856
-1196 1180
-183 1625
-1643 -1364
1291 1696
-1281 1334
1771 1998
-632 1824
1115 1427
-1014 1122
156 1183
-1048 402
-625 -446
-1878 1919
-1658 1324
-161 1347
-1016 1928
-1672 1421
-1412 1164
-231 228
-681 -194
-1389 1167
-1155 1068
-1196 1517
1394 1605
95 1994
-1081 930
-1916 1301
-1201 1881
-1214 296
124 1677
429 492
1135 1259
-1378 1234
-874 -182
-621 1883
-770 1999
-1990 1045
-231 1559
-1305 907
335 1099
-1582 1664
1173 1482
-1473 1088
1173 1961
-462 465
-1725 -1509
-904 820
-1418 -678
-1855 -198
-1324 -1251
-100 291
-1394 2000
-1752 -1236
-1821 -1199
-1850 -56
905 1348
1384 1476
-717 648
-1941 527
-1461 1380
-487 49
-1030 1390
-1171 28
-811 273
382 1106
-1977 1007
-1959 -919
149 933
-1442 1394
77 1236
211 919
-1855 1780
-1051 836
-1922 -187
-1597 -1279
-1465 -987
-1483 -963
226 1847
-242 1592
-1810 -767
-1751 -453
778 1325
-132 1736
1133 1455
-121 1378
-1518 1608
-1566 -427
1239 1870
-1706 1053
775 895
-988 824
351 833
-530 -363
-740 1446
502 702
-323 734
120 1842
-1710 -460
-1256 1789
-1710 1206
-1352 -1057
-526 633
100 662
745 1382
-963 1173
228 1379
-803 725
634 1902
1853 1899
121 601
-1317 1551
-1991 353
-1949 1315
-900 -395
-1496 -17
-1740 -404
1028 1486
-1970 597
-1703 -552
-145 1499
1203 1468
1515 1677
-1611 -27
1247 1374
-648 -406
1445 1881
966 1280
-1247 1417
-1523 -1085
-996 909
-1107 1324
-1294 1954
134 168
-1385 771
-1129 91
4 677
-1365 409
411 958
-545 709
-1788 1697
-1041 1451
-1904 -106
100 1412
-502 -232
-110 643
316 1879
750 1900
-1 926
831 1971
784 1789
902 1824
-228 1685
1428 1943
-1771 1925
-1356 -769
-952 481
-1998 -1937
-1629 1236
339 1137
-1972 -853
-1832 -150
-1843 -732
-838 511
1660 1765
-1339 262
-1410 -113
-1260 288
48 182
-1625 1041
1026 1272
-1512 -1260
-1239 1116
-712 -228
-1823 929
840 1636
-634 -209
-1328 1034
-925 -199
-1732 1943
-54 1302
-1978 -1876
-1416 -534
141 412
756 1564
-353 1552
-63 755
-1251 -373
-488 1560
-863 401
-171 831
-1002 1255
-456 947
-1920 1086
-30 -3
-894 478
1750 1781
623 1673
-766 482
-407 1686
1327 1915
-468 666
-1600 761
-491 664
-1203 338
1107 1268
-1701 418
-1762 -1106
805 1092
-55 279
1483 1576
1131 1298
730 1049
648 1607
-679 774
-1804 -579
-1405 -591
-416 1545
62 385
-750 272
-1789 1628
-1236 726
-1145 330
-1283 -1258
-1830 1749
-1743 1593
-792 1182
-1239 468
-1528 1242
-1538 125
550 1901
-809 81
-1251 852
-763 1562
-2000 -960
-270 1932
290 852
1601 1852
-1809 -206
-895 1683
-1512 116
-602 1233
-1547 -462
-1093 1489
-866 1979
-541 1526
-15 153
740 1988
-34 1138
-520 1725
326 768
-245 1881
-1051 335
555 1960
-62 1887
-603 640
59 172
-914 -829
-324 1986
-620 954
-1785 48
-1819 -819
-967 -806
-136 1894
-374 1108
-1777 819
-11 1297
353 465
360 987
-520 -61
-235 1220
-994 1649
124 527
1369 1963
357 1028
838 1158
-1599 -283
-1873 1318
430 1450
-1326 -1022
-1234 -318
1257 1600
-1693 575
-1124 908
-1923 1152
-1180 167
-1216 -1162
-1391 1226
-1495 809
-1507 -977
-1544 -6
-1294 1284
-829 451
-1836 353
355 1388
-208 1826
336 380
-1425 -459
224 581
-1856 -1532
-1115 1685
-133 162
-815 118
-1338 289
-636 -201
-86 878
-374 -6
-522 588
-1174 -102
1821 1937
-811 -643
-533 92
-1636 1058
1725 1940
-1520 -1334
-971 -535
8 1243
-1232 1966
-694 700
-1680 954
-485 705
1802 1874
454 709
-754 327
911 1000
-1120 575
-411 738
-1545 688
982 1192
-1923 -160
568 843
-1199 950
39 946
699 936
-679 126
-322 1673
-1917 1770
-607 -317
-1443 898
1556 1754
-1787 -1048
978 1509
-969 233
950 981
-5 373
-1685 -995
414 1068
172 1181
810 1894
336 1164
1296 1374
-927 420
1302 1794
705 971
850 1117
-132 453
-827 -313
612 705
-1930 -1496
1422 1716
-623 1019
-1946 -1470
-217 1807
160 1411
695 1896
-896 1621
-1233 -425
-79 410
19 692
-1987 1839
-1659 -1486
-181 1123
-1771 404
1128 1947
-991 -278
-1 8
-1653 1334
153 278
-144 765
-1413 -1386
-1736 884
-706 42
-1181 119
545 733
-1896 -1528
-193 1259
-31 462
-1590 511
-1885 -1491
-1635 740
-1828 -1191
-1505 1314
-620 73
97 715
-1380 1474
31 693
-288 1606
-1720 388
786 1902
-1925 578
-1489 -312
498 585
-1500 76
-1612 1886
-1934 -1153
159 403
-1341 657
-1619 -731
394 1484
-1193 1150
-1408 981
-1591 263
-364 594
-1954 -924
-1456 719
-1753 -32
-829 320
-1616 1342
-688 680
-1715 -810
-1243 -1147
-584 1141
-905 859
-938 -341
-755 308
-1774 -508
-1502 292
-861 799
557 572
10 1199
-1512 -561
763 1690
-1525 77
-1323 1963
259 1435
-1625 747
-625 1295
381 1329
-947 1361
1108 1456
-330 1428
-828 -279
-1363 689
-1028 675
-1560 -1262
-1865 1777
-1113 1243
-964 476
-1036 149
-1287 -224
-1069 -615
427 587
707 989
-493 1637
-1076 182
-707 121
-720 -304
-1818 -1473
-952 1848
205 1579
-919 1948
891 1724
-833 -519
700 1461
590 1304
-412 160
-986 233
-308 546
-474 1473
-1782 1595
-12 61
-1752 -999
-1823 1235
-802 -253
1296 1979
1214 1854
-775 66
-598 -382
-1844 -1605
-1811 -595
1238 1530
600 1567
-1164 215
-834 -524
-1613 1312
-1828 809
-1715 -1529
-642 1814
-1029 734
229 908
-1895 -370
808 1423
-1955 432
135 1371
-1361 432
254 968
-1355 -607
1460 1546
-1117 780
98 596
-160 1586
992 1903
-1090 1404
-1231 -657
-258 58
-333 211
329 729
-1574 1015
-108 1433
-531 869
-47 1935
-397 408
-1154 -673
-1486 -602
-1069 -535
-1662 701
624 1573
-1844 1109
-1509 -465
-368 1844
-1022 731
-204 1118
-409 983
-1193 -1047
-1721 333
-1209 -602
809 1965
140 1243
1287 1687
-1395 1555
-1267 -614
-773 68
-946 627
1164 1275
-709 1760
-1532 660
-1328 1208
-1025 1292
-1407 -995
-1490 1708
-1352 -367
-721 1626
272 1507
1182 1921
-995 -365
-249 683
-982 124
-1108 -1106
-456 41
-1604 -215
-619 1971
-1640 1939
1250 1881
-1747 183
-376 197
-303 1226
440 1251
612 1975
59 99
973 1944
-960 1394
586 855
281 1823
-1375 -442
-1125 617
367 1041
-293 686
271 1230
-1387 193
-1271 -617
918 1764
-448 -45
-1685 -1134
-1395 -1190
-1610 721
-423 -52
-117 1694
-1605 1606
1071 1526
145 718
-122 1933
475 908
1605 1897
518 1327
-1423 -649
-1541 -459
-1324 -432
-1963 709
-264 695
574 1819
-1484 1181
-1623 1377
-366 1788
-1806 759
-72 581
-1448 643
-977 11
-783 -13
595 858
-1043 606
991 1538
-1271 647
451 1566
-1802 -1312
-825 -483
-231 333
-214 966
-1572 1615
-1811 -1630
-825 1853
-1359 1774
991 1401
-1388 1326
-1492 -88
-888 1866
-578 1904
-305 860
-1647 256
-1700 1130
-480 989
1857 1867
-1020 649
-1741 505
101 1980
-207 1233
-1637 198
-1740 -1405
-1407 1048
980 1874
-1183 -385
-1834 314
1413 1425
-1428 -642
-943 1639
-990 -665
395 723
-753 298
-1729 1075
355 1929
-192 777
-413 292
-904 1794
-1251 -1237
142 1254
937 1370
-49 451
-253 -154
377 1141
-26 1757
-426 1286
-1207 -788
-887 -438
-1346 1096
-986 120
-338 -125
790 1471
-1331 1321
-478 -84
-1627 -1477
-1334 1067
630 1432
-609 429
835 1689
-1935 -82
-1630 1233
-574 1373
-1289 1054
843 1513
-1194 489
-1795 466
495 1905
246 1140
-51 579
-1340 1282
-74 1454
-1595 1761
