2000 2000
-909 -407
-1604 -577
-1687 -906
-1865 1576
-105 1355
-1409 18
-1612 -795
-1117 435
830 1689
1584 1912
-1991 673
-1244 -730
-539 1891
-978 221
-1739 -531
-290 1770
1153 1870
-1597 -829
-1324 767
831 1996
-560 -504
-1886 -19
-609 765
-1301 -1256
-1705 -1150
1309 1323
-708 1945
-398 954
1381 1543
-75 160
-1404 1713
-840 571
-1653 703
-1162 1436
-822 725
1075 1735
-515 815
-778 1250
324 498
-1985 1642
629 738
-1213 -1047
330 738
-232 1935
-1282 -609
459 1151
-774 -716
-1197 904
-1853 -741
-339 221
-601 1336
-303 -20
-1878 -321
-27 1043
-1191 1040
-1764 541
-1652 -1485
-822 1109
-1527 803
199 558
1058 1640
-1146 -292
-1250 108
-268 125
-1781 -421
-1159 -527
-520 32
-1769 819
1276 1453
-1410 386
628 1539
1163 1570
-1266 1706
-1218 -1128
-1324 78
-1952 -120
-586 1152
-1832 488
544 829
-1443 1404
-561 100
-852 25
-64 135
1191 1313
-973 693
-479 738
79 152
-1680 -114
-1441 -1291
-504 354
-1798 -688
622 1933
1090 1414
662 951
-1340 981
-1979 1977
-1214 78
-1944 1623
-508 893
-1138 1890
-1465 1557
-1061 1287
-1616 -392
-1167 1087
-1775 1881
-1779 212
-714 12
-766 1263
-1183 1485
-1919 -771
-1085 -488
-552 234
-449 632
-1466 -281
-1384 -215
-1472 1097
-537 -108
1013 1969
-1633 1384
-644 241
-1036 645
-1608 -1339
-1213 1694
-813 1771
206 1945
1252 1948
-1480 1055
1159 1447
-812 687
203 759
-1095 -250
-725 -647
-1693 105
-1737 -1704
-700 960
1759 1858
-1663 106
-1129 992
-525 625
-1934 530
-6 194
-1556 771
-624 -467
-1136 399
-1504 -826
-839 1492
-847 -657
-829 -74
-947 784
38 1300
-843 -329
-1215 -451
-1667 -1565
-838 1774
-1151 -464
1319 1637
-1052 -406
-1755 1304
188 874
-1106 1066
803 1692
-576 983
604 854
-1992 -246
-693 557
-1732 -1617
-1520 -1046
-648 21
-1494 560
-1930 800
-1130 -1070
880 1389
-581 -464
-740 -702
-146 498
-222 -9
925 948
101 844
-1677 617
536 910
-1246 56
-103 1857
1043 1544
-511 317
-1827 393
-1403 114
-1008 -231
-1364 -1070
-201 422
-364 484
-1722 -145
-173 9
730 1400
-1986 -410
-1734 1283
-1857 126
-1039 1502
-874 -367
1099 1562
-1280 -763
-1393 -638
-1707 -1542
-949 253
-927 -247
-108 1375
474 762
-1356 1684
863 1026
-1851 689
-170 1270
-1394 344
-489 1583
-1706 200
-1084 518
-1258 1582
-1911 135
524 914
-871 84
621 771
-672 -136
-160 443
-450 956
506 1692
-222 -16
-949 1862
-1797 436
-1446 -432
-157 932
-1645 -544
-1103 -453
1090 1668
-1980 1563
606 1755
-536 388
-265 1384
-954 1169
-17 1722
-1115 1157
-1610 1946
-1573 213
-1914 -990
-843 -731
-1971 1397
-440 519
-1778 843
-839 1640
-190 1382
-738 1607
-531 1485
-1924 297
-352 692
-350 919
-1089 -396
1361 1755
-70 885
-294 -93
-1432 -436
-80 1841
932 1914
-512 -19
70 364
-1926 -448
-1241 1678
-428 -84
-582 652
-801 -394
-789 794
-1602 44
-26 331
-1541 1311
358 1954
-1441 395
-500 1154
-1597 1797
-1878 -980
-1708 1265
-1176 268
-890 1743
-1857 1002
993 1489
-975 -816
-1835 1154
-1632 -1268
163 623
302 562
-295 1992
-167 902
-1406 96
-1527 415
10 779
-1971 84
-1611 542
-837 783
-1441 -353
-455 372
-1806 -406
-1952 -779
-1953 -108
-143 1820
-5 236
-1729 -848
1495 1891
-731 1913
-821 -142
-1462 506
-1299 299
-1901 -493
-339 1694
-1339 -319
-1812 499
639 947
-1899 1417
-935 -752
-527 1159
-616 1154
-225 250
-1637 -576
-1883 1645
-1652 -225
-1833 1817
-45 1302
-1717 1292
1352 1987
-1860 -1186
-823 1738
-1406 -902
-68 100
-691 1505
-1300 1909
-358 -111
309 738
-1805 937
-1097 1606
-1165 1608
216 1266
-1581 1896
-1671 221
-1150 776
-438 617
1500 1990
-1389 818
-1204 -1142
-1988 1841
969 1217
431 1656
-1757 107
-536 -413
-231 1750
442 824
-779 1344
274 1220
-413 -64
-1681 769
964 1012
-255 355
-132 1784
-774 -153
-299 879
-369 628
828 1855
-1149 524
-1874 801
-1840 -921
-399 -297
-138 349
-579 199
-428 1293
330 1117
-493 220
553 970
-828 -351
-1213 1294
-1111 -964
655 1865
-1755 -1466
-556 730
230 977
-109 470
18 574
576 1272
-238 -149
-1259 -1145
-1473 1719
-713 860
-240 1810
-1278 1401
-1555 679
1555 1915
249 1360
-380 426
669 1452
1360 1574
-1095 1050
1105 1523
-97 982
-778 1961
-1156 345
-235 159
-1755 848
-1602 1476
-1904 1427
5 1312
-157 592
800 1624
-1559 -1100
282 1671
1610 1724
-689 1350
-856 -620
139 626
2 82
-1624 -276
180 767
-1449 -681
459 1313
879 1971
799 948
-1390 690
-125 1273
-1220 1562
254 847
-753 363
-1358 112
685 943
-244 1807
412 1927
117 277
1288 1686
-1355 151
-1613 -623
1010 1073
-792 294
-1457 1183
-1149 1248
-1089 669
-1626 1516
-204 1936
-1066 -397
-203 1848
-862 -611
-189 1715
646 964
-284 136
259 1349
-417 1279
314 541
-410 1530
-1477 1445
-766 1556
-418 1070
-1339 -1160
-1470 201
-1247 -626
-1493 429
-1970 -501
-1188 46
-1911 673
-1856 409
-1164 -732
-1159 -179
389 450
-1459 1440
405 806
-1985 -1089
597 1302
-1013 1372
-509 -82
1567 1925
-1005 -864
-1623 -332
-1118 822
107 485
1068 1397
1334 1593
-336 242
-1794 679
44 1100
-1543 -772
-572 110
-1196 276
-1406 698
-1520 1414
478 1024
-1788 1287
-1543 1198
-1391 1918
-1248 1181
-977 1412
-1028 -58
-1291 -381
-562 1383
-1841 -142
-1613 1163
-1196 -148
-1529 -975
-1163 738
137 972
-393 1419
-1898 498
96 1520
-463 264
91 696
-446 -183
-556 -202
-1865 599
-1816 -1717
505 1389
-1589 803
-1490 -441
133 655
-779 862
808 825
-1245 112
-1297 245
-843 1488
423 1006
-1659 -1593
-351 1653
-1695 1198
-1733 537
-983 -439
-740 281
-1499 -946
-1356 296
605 1307
-84 1182
530 1791
-1270 -796
643 742
-1861 -634
1717 1745
-1650 1683
-1690 1823
-1814 -336
-1943 -1245
-1308 -753
1373 1543
-1953 -1672
651 1784
-1556 -486
-429 774
175 1306
-1831 -1656
-447 1913
-1045 1601
553 1358
-966 -269
-281 755
-1816 -231
324 1428
-1163 -876
-949 -25
-1569 785
-1789 545
-1109 114
-319 1729
1053 1487
-1235 239
428 813
561 1516
435 899
-1662 244
-1547 44
-1094 1428
468 843
-1381 56
-1745 746
-966 728
-1975 949
-656 -491
-1928 1453
-1382 1869
367 623
-793 105
708 1588
-883 1926
516 695
1044 1441
-825 -337
756 1687
562 687
-1022 -670
-1165 1876
-1496 -391
908 1007
-203 1375
-1301 1100
-1964 251
-1229 1790
-1684 -582
-1007 1424
-396 430
-1856 -1573
209 1344
120 355
-998 -500
558 1314
-1275 -351
-1699 1905
-499 1832
-248 1798
-330 1845
84 1305
-1347 -25
759 1817
567 653
-711 1215
-1765 940
-845 507
-212 1717
-1634 508
1217 1605
274 553
1177 1555
-919 1528
-1122 939
-1420 -367
-1669 -1361
-1638 1132
289 621
-1965 188
-1448 348
-1216 812
-312 1656
-346 38
-47 1307
868 1202
-1049 -327
440 1539
-1183 -464
-1163 -987
1007 1493
-1696 -984
-1375 1913
1014 1966
-1911 -1748
-612 -264
261 416
-513 1874
-254 468
-1957 835
-1837 1669
-432 1220
-1341 -993
-273 705
-1307 -613
-724 1827
-1744 -850
-26 1645
-987 675
-512 1658
-1799 1179
-1306 -259
-1864 597
-203 1311
56 236
-962 567
-590 1419
-1064 1907
-1337 -1124
519 1314
-1454 1310
180 513
1152 1804
-1784 -645
-1039 902
-1500 1406
-865 -778
-598 -218
-1600 -323
-950 1271
-519 -341
-1701 1359
-1209 -239
-263 735
-1381 1131
-93 401
1093 1734
-1711 -64
-879 118
-829 841
-40 1466
-1178 683
631 1099
-651 1421
-960 309
-749 1335
-1457 -641
-1661 1523
-841 -537
1008 1781
265 344
1690 1729
1256 1691
-1547 1557
-1880 -1182
-1850 -633
-1075 1766
-182 342
-771 735
47 1652
-1254 -1156
-335 540
-1577 -1234
-158 1703
-920 416
-717 971
-524 111
-341 810
779 1136
-1865 -1173
260 1312
-143 512
985 1055
1287 1607
428 884
-1500 560
-1933 -279
-1679 1348
393 1177
-1590 1446
-1597 1257
-1273 1250
-1473 140
28 861
-1501 1741
-1365 1576
-1441 1716
303 1689
-1879 446
-819 1360
-946 1508
-1821 -1765
-1795 -971
1464 1611
-940 1408
-1958 1501
-1748 724
657 1151
-1407 -693
-1355 -713
-180 734
-338 1793
740 1051
-906 1741
-112 441
-434 -62
-1941 1145
91 1768
-589 -57
157 1946
-1848 1308
-441 74
-989 -754
-1272 1665
-1316 -254
-1098 1830
-1784 -372
-240 1586
-1353 1582
-411 28
-1521 1210
-1654 1917
1536 1561
60 1612
-1301 1871
-1088 114
-1676 -9
-588 -453
-1313 939
-1534 859
-918 1882
538 1553
409 787
-333 1763
-276 391
191 995
161 364
756 1682
-1664 -339
-94 -24
-1566 100
-1625 -285
-1911 24
-982 -179
1728 1899
1056 1880
-151 1110
-865 -271
-1702 -322
-1411 -404
-1869 1953
-1831 -188
-122 654
-201 1934
-1478 344
-1946 -708
-775 951
673 996
462 1400
-708 392
1197 1349
-936 -872
-912 586
-1492 677
279 1877
-1034 566
-152 976
178 1536
953 1050
1477 1933
-450 524
-159 -23
-704 1771
-1278 -988
-1106 894
1489 1523
-1603 1150
-1502 -431
258 267
1036 1367
-1419 1970
-1067 -707
1457 1887
-546 1465
233 1694
-1953 1461
-1342 1820
-1746 1369
-12 821
-1284 6
-1994 -1122
-1346 459
260 1809
54 63
931 1271
-1933 1791
-1118 458
-28 1277
-859 1536
-724 1216
-1529 -442
-928 -473
-811 444
992 1470
-628 -140
1163 1417
199 631
-1991 974
-1959 -443
-1160 1080
-577 55
-1970 -1308
-1328 46
-1101 658
-486 1023
-1016 -135
-1262 1520
-1196 235
-1841 -339
475 1417
-937 630
1714 1951
-219 1040
-1783 1599
-1566 -1194
-144 1320
-1570 969
1131 1899
590 1423
-1406 -843
785 1570
-599 1626
1283 1448
-331 1736
-408 -402
-1529 -1286
-1070 -25
-1165 1063
-1422 237
-989 -176
-662 -599
306 1120
-1418 -1242
-1747 604
-505 1550
177 1208
-1364 1815
-601 1412
-1395 -44
-1634 1438
-1699 1142
-1958 496
-1710 -345
1577 1967
307 1743
727 1756
-340 1810
-1571 871
998 1132
-741 842
-470 691
-943 1276
-1173 766
-434 1515
1025 1250
-696 -416
-323 371
1204 1713
-187 1064
-1912 -1021
-1220 642
-1081 288
28 1776
1009 1694
-1950 -1920
-65 557
939 1904
-1627 575
65 379
681 700
-206 1670
-411 43
966 1418
381 896
-1680 169
-836 372
-1834 1736
-1762 -802
498 1247
-705 1768
-866 -104
-282 201
-1382 855
298 1827
-160 1330
-1919 1971
41 617
934 1727
-1306 118
-1231 1408
-1566 1072
1551 1578
-1695 -1630
-1157 168
-1601 1059
103 1192
-1000 1079
540 1342
-1583 1271
-1049 1026
132 866
-372 248
401 1922
-69 1231
-1368 331
-1292 -926
-1623 -673
-513 -333
55 543
-168 92
-908 490
697 1484
-1288 505
-332 473
162 187
-1393 -984
-781 -367
-1327 -1271
-1220 1158
-988 644
-901 458
-1400 -1017
-516 -130
-1592 757
-1633 -1181
-328 819
-578 -417
121 697
-1311 727
-746 -339
217 1064
-528 1023
-1572 -945
-1759 -299
-1199 -437
-1026 -293
433 1270
-685 208
-595 -327
-1717 1205
125 862
-1968 -1791
-1658 20
-669 1095
-299 -159
-1707 265
-1988 885
514 743
-885 -333
-1519 -1251
-1805 -939
-1466 -650
384 683
-943 -694
393 636
-37 1551
-1966 394
61 1630
-1766 -1117
306 1343
-641 1162
-912 1804
-940 -837
64 178
-193 837
-1150 208
-1131 -546
-291 -287
539 1174
-1871 1175
-934 869
-1960 -600
-670 1368
-999 179
993 1265
-920 -454
-465 1850
-1272 861
-1322 509
-1996 1300
-483 -61
-1341 -288
-1079 1182
-735 1015
-1952 1758
-812 186
-1443 832
-175 1513
-787 841
1419 1509
489 1194
315 994
-1844 1271
-794 -388
-1377 1447
1464 1729
-1120 -173
678 1214
-1102 579
-693 1182
792 1033
-1624 1305
364 1571
-1468 443
-1475 -1400
467 470
-1457 -819
-1961 1531
991 1597
189 351
76 183
-670 980
-655 235
-1107 -180
-800 194
268 1821
-1717 -1691
-1905 994
-1670 -317
94 1610
-210 85
1131 1190
-308 103
-1615 -1214
-1754 -17
-981 -192
-1049 1062
216 1049
-1860 -1308
33 1080
-1023 1617
-1865 1255
-905 377
-996 -681
269 1349
-1037 1494
-1918 900
-1637 -498
-987 1734
-66 1231
-81 660
-875 1041
-398 194
-999 1475
-862 450
1255 1884
369 583
-1241 1746
-1588 36
329 1476
-1695 -1558
361 927
-1363 -1058
-1652 -1547
-523 1596
-1790 -1343
-1422 577
-966 1076
1112 1796
-686 814
-1363 -635
-1357 1582
-400 1271
-910 -791
83 773
-1477 -202
-495 -328
-631 1127
352 1412
-71 852
-695 -106
-541 -505
1072 1790
-312 527
1043 1984
-1254 41
-274 256
-1625 592
-1565 891
-966 1999
-330 1203
70 553
1455 1569
-143 914
-1426 -1402
-1222 1908
-985 1281
540 867
-1206 1633
593 1588
-1028 1409
1614 1888
1080 1896
-1857 264
-1469 927
1027 1842
-303 918
-1493 1465
472 1102
-1960 -1123
-1895 -658
-942 1939
570 1750
-287 164
567 1464
-1389 -719
517 1392
-776 -615
-996 -311
616 965
106 414
-854 738
-626 1770
-1947 1136
-1145 1341
-292 678
734 740
-364 1936
-589 507
1615 1862
-531 1977
-1258 -135
-1777 479
-292 1523
-1495 34
-1407 -1212
-503 809
568 1537
-872 451
-811 731
-207 111
-1180 1350
-1850 -1504
-1061 -334
-1241 -815
-1645 1401
889 1812
-1919 1206
747 1352
352 1809
1266 1559
-863 1824
1586 1635
-381 1478
-143 1801
-479 1628
-778 -664
-115 592
-127 1699
-1798 86
-403 1608
319 1863
-750 -33
227 1045
1169 1457
-623 1670
-1876 -1809
-1815 165
-1254 917
-644 855
-1527 -1238
-1539 304
-1349 -952
-1736 1288
-1026 -1002
-443 1581
-905 1226
-1059 1512
1134 1931
-433 1834
-1272 -81
-148 1357
-1002 51
-1740 -24
728 1349
-438 112
151 590
-1285 903
-636 41
659 1376
1460 1777
-792 1635
-1486 464
414 1341
-687 687
-943 629
-1733 1156
1184 1289
-1950 -503
-552 1153
493 1859
36 88
-1761 -407
-472 554
-1692 252
-251 521
-241 270
-1554 -1333
-1735 652
-920 -420
-1199 244
-1681 1581
99 594
500 1697
-1523 1608
-1537 -649
34 387
-1765 -855
-782 1784
362 1398
-327 -13
-926 -268
369 953
-1273 -937
-1289 -467
-1355 833
-1198 1100
-1342 1245
-698 1144
-1290 -665
354 1840
-90 1546
-336 900
1023 1391
-726 836
-1091 -298
-182 1036
-778 859
65 1125
1043 1985
-1272 1498
1154 1466
-581 62
661 899
-17 769
36 221
459 1281
-1781 -1069
-1607 -171
-552 1018
-1705 -1082
-1579 2000
644 1673
-701 -563
-188 141
-1279 -353
-1652 907
370 1245
-258 1993
-1357 163
-1307 -809
1058 1721
-1997 -1004
-1582 -739
-744 1837
-1527 -1004
-1665 -1085
-836 1902
-1368 -650
-1492 19
-1322 1950
-18 776
-436 1251
500 507
-1950 -396
783 1932
-1417 901
413 918
-1279 -197
-906 1648
-1204 1031
-480 1343
-1161 1575
-624 -469
-593 -15
-1928 -613
-1575 1943
-1326 -260
-361 1789
-1054 1632
-1058 1932
1264 1604
-1899 -645
-327 1465
-697 -372
-990 -405
-660 241
-997 1752
453 1233
839 1920
-603 1937
1140 1550
99 1064
316 1895
-1346 1053
357 439
-1393 -84
-928 1828
-530 1837
-1304 1762
-26 1201
-339 -21
-798 -23
-1557 -1539
-1181 -904
-1684 -1137
-1022 -674
-712 205
-1230 306
-1462 363
-1439 1910
1222 1714
350 1357
-1929 -855
-566 1977
-614 414
-171 903
-1556 -396
-1803 -30
-175 1649
-1702 -1148
-1052 345
-960 -690
-1891 361
-660 -179
-1787 1572
-1788 1598
782 1576
-527 -55
-765 1794
-539 239
1507 1969
-1834 -716
428 1559
-1010 871
-658 118
-1657 -1558
-152 571
-1548 1380
261 1988
-496 290
263 1083
-1520 -868
-1942 -1227
1505 1889
-276 1188
826 1658
-794 1288
-1375 -1171
-10 911
-1292 1230
-17 1352
1692 1930
1543 1682
-547 723
-1866 -564
-1688 -542
1263 1483
-1528 -1196
622 1899
-392 1811
461 1770
722 1820
1389 1943
-1718 323
-1415 -754
1617 1830
929 1370
-1825 1776
76 508
-1253 1638
-1508 -1229
228 1583
-590 -175
557 724
-1559 265
1580 1650
-1394 121
-1542 -526
-1942 -545
-1506 -736
-988 449
-1471 516
309 1925
-1680 -981
-1243 580
-927 1816
-155 829
-1970 1614
-567 1118
-741 1720
1395 1539
-1856 -1391
-1240 233
-1349 -819
-1672 851
-1303 412
-1997 1043
-1571 51
-96 1423
-706 1471
-101 274
-1406 -373
1410 1889
-160 1501
-1661 -1023
-1544 -660
-697 -662
-572 381
-179 -153
-1916 788
-721 1365
-406 -120
-740 487
-1208 -290
-589 -283
-1922 354
-1288 -869
-877 334
-1202 380
708 1140
-524 140
-1711 1281
-371 82
-741 629
-1113 -853
-1473 583
-288 150
-1872 1505
-1636 -870
-663 278
-305 780
810 910
-1796 -847
-1936 -1839
-1496 450
-164 112
757 1315
-1231 -634
266 352
1520 1708
-983 1489
-1120 -761
-1861 -1548
-1596 145
-243 726
1455 1504
-1526 195
-496 304
157 788
-809 1183
-145 -28
-844 200
-1684 -44
639 792
-1760 -1746
-1324 -25
-1885 -1855
-1748 -1129
-212 -129
-1730 1270
-45 574
-1874 888
-808 -10
-1759 1458
-1387 1490
-403 1024
791 1365
265 586
40 602
-1575 306
365 846
-1485 548
-1172 -860
95 1449
492 1554
-1969 612
-1860 825
-180 1091
-452 1128
145 826
-773 -264
-976 1977
-1748 1609
-1969 671
-684 -164
-1539 454
-1438 1039
-553 897
-1480 -70
507 1437
803 942
-95 1002
-273 1682
-1073 556
-559 1526
-1339 -907
-170 1712
-1303 713
-1604 1645
-1358 -864
535 686
-933 219
1891 1996
-696 -328
-1651 1367
4 462
-316 709
-300 174
-542 1557
180 534
535 1444
-230 -70
-767 1026
-337 550
-522 -245
-1586 341
-1716 586
-345 14
532 1542
782 1034
-600 651
-1727 1860
-1538 1247
84 1016
835 1153
1809 1842
-60 114
572 775
181 1980
-553 1383
-1590 -1172
-1306 1924
-1591 -534
-1975 -264
-1300 1609
571 1346
-969 759
302 328
-36 1149
-1224 726
-875 148
-1277 -46
-1319 -234
-1156 293
-883 569
757 1126
-908 -533
-1433 962
1258 1783
-101 1959
-1738 1971
-1751 -1079
-442 1730
-1043 489
-1792 -802
-80 1652
188 1272
937 1944
-1893 773
531 1868
-2 283
113 956
-1814 1012
1467 1640
-151 1388
-128 1608
-1583 847
-588 271
26 1095
-1003 -596
541 1007
1269 1748
-1757 1973
-514 744
-1314 -1113
-686 1923
-873 635
-1386 -323
-306 1890
-1426 -682
1507 1567
-820 28
-1628 243
544 952
-848 650
-917 -355
228 1456
-1354 28
-1128 1637
-718 963
642 1173
-1765 -1230
-1720 1548
-1947 -1212
-813 1726
-1444 397
-1000 -888
-887 1758
1385 1482
-1348 1458
242 951
-1802 -1087
169 1534
470 1070
-1976 -1348
62 1120
-1431 1146
-1452 -418
1282 1808
-655 1524
-1018 -986
-1805 270
89 1747
1434 1635
-1532 -966
-1615 -199
-673 1960
496 1947
-1861 449
-874 1607
-144 172
-1664 1446
-11 910
-666 152
-668 -277
-1528 660
-1684 659
-1486 -1070
-1261 -951
1046 1709
-742 535
-1635 -259
-178 1177
-454 1894
-1455 -715
-1426 -183
-1257 -866
1145 1494
-1185 1033
-1074 523
-939 -392
-1316 217
-1559 809
750 1881
252 316
-1774 271
-337 1021
1386 1767
-673 911
-1473 1727
-1579 -1274
-996 882
-784 -141
-1884 -1401
326 376
-1113 -899
1000 1344
784 1963
1018 1376
-272 1619
1086 1457
-588 420
217 1514
-1480 338
-1271 1533
-546 1988
-496 -288
371 1553
-208 1818
-773 1647
-511 1658
-1310 1499
473 1276
-1632 -1179
-598 1096
-1545 261
-904 1782
-909 1531
-1876 545
-1709 -917
1500 1834
-813 1778
-281 1912
-546 664
-1400 776
-951 821
1760 1915
639 921
281 1779
674 1743
-1725 -1219
-615 1748
499 1781
-1175 711
656 1033
980 1226
-777 -123
-803 -275
128 936
-1933 -226
989 1905
-666 -281
-1669 -566
-180 1369
-1249 1364
993 1234
784 887
-1412 -293
-1264 899
1053 1590
-742 1488
547 921
-1539 675
-1700 1231
985 1099
-48 1239
74 723
-1045 -897
-119 406
-422 1239
-1971 -666
-1017 1122
-310 400
1076 1683
-1208 1351
779 998
-1064 1312
-587 -405
-1252 -291
-409 665
-742 1850
1672 1673
-718 204
-518 -129
-120 1458
-1223 -40
-134 1195
369 1176
-1092 -550
-653 228
737 1162
-808 -328
-274 -11
-1207 -201
-1365 919
-1538 -643
-382 1147
-1601 854
-1544 -1501
-1924 -1441
-1934 -551
-57 -43
1031 1901
1073 1519
-128 1124
-567 1925
-1817 -821
513 842
-1932 -1223
-1710 1082
513 1029
311 1131
516 869
-205 38
-958 -57
-368 1952
-5 1088
-252 919
-1944 -863
-1151 1301
-145 833
-1367 -1343
-1348 746
1133 1741
-878 -532
-1731 1312
-1670 -31
-1889 -430
-1260 1892
-1128 1851
1300 1768
235 1936
-1430 276
-872 1755
-1295 1208
854 1715
-1009 342
270 1721
539 1721
-1297 653
867 1039
-241 1039
-1680 1317
-771 -541
460 1811
-1200 -515
-1818 -1343
-1507 14
-924 859
-752 1894
-349 1490
-1638 1298
-1762 -1695
444 1321
-1729 -904
-1945 -1715
-1103 -1027
49 170
-1075 23
-1093 -623
-1065 514
-843 -574
-1018 270
-1172 260
-867 769
91 1239
-1246 -726
434 913
-553 822
-1025 45
-1540 -498
-1493 434
635 763
-1177 -387
1811 1859
-873 1517
1440 1825
128 977
-1563 1248
-76 857
-1630 -1504
-1300 285
-1064 409
715 945
-1269 368
-1581 -611
-1142 -308
-1098 1419
-1573 -1478
-1294 1102
-1484 -476
-1832 1680
-356 1454
-557 434
-528 -249
-959 576
-1250 144
-1888 -1123
-1149 -256
-1264 1800
-319 1345
-1813 -1489
-1184 -639
1306 1756
244 1417
-1974 582
-964 -397
-1975 -1367
-1790 153
752 1860
-1852 1396
-1059 1682
-1651 1840
-241 547
-1007 -385
-1800 536
-293 936
483 1604
-1622 -1288
534 1529
-1169 57
-950 -84
-1143 1852
963 1026
122 1468
-127 1841
730 894
-1977 580
-826 1319
-343 1218
-1897 -794
-1615 1487
-234 664
-1394 -1001
-1173 1913
341 570
-641 1727
-1840 -1515
-835 1446
-930 1233
683 1136
-1239 -421
-1768 -198
-595 -412
-1491 -940
-1238 -1092
-1154 -1124
-862 1237
-833 645
-1999 1868
629 1549
-1278 1611
-1026 1511
-1289 674
-1147 1366
-98 849
-1602 -190
-1744 284
-701 619
37 604
445 1028
-611 1724
-1536 -373
-1243 1203
991 1484
-1724 -847
-885 -400
-772 -421
-1722 -1484
-1269 -343
-1123 309
-1965 -588
-767 1949
637 645
-1782 -1261
-1595 -453
189 953
-1392 -546
-311 1892
-1933 1954
-307 1225
-758 1889
-1023 -578
-774 1160
-342 1728
-1593 -159
116 684
-932 1151
333 453
-1771 874
-1917 -1209
503 1866
-474 1286
-1740 -782
-1429 282
-1989 -85
-1442 1444
-217 718
