1543 2000
-1325 -193
-645 48
-569 1078
-345 700
-479 292
-1284 235
-343 302
-682 593
-780 259
-1362 797
-1093 116
-412 1053
-913 909
-4 1518
-1098 529
-571 755
-693 889
-80 113
-185 361
-93 1249
-149 1410
-63 168
-833 1133
-265 1455
-1361 596
-1024 256
-777 981
-32 1364
-1266 905
-508 1080
-1248 386
-204 1258
-735 161
-398 1023
-870 1116
-1049 1083
-476 83
-1014 254
-1040 785
-783 321
-506 1117
-1515 496
-1137 1052
-747 750
-1050 568
-1336 1154
-129 227
-1509 1471
-299 414
-1308 675
-1175 171
-517 301
-403 513
-992 1318
-1117 473
-219 264
-686 607
-118 668
-917 632
-1129 443
-10 1054
-477 76
-637 603
-507 579
-664 502
-1072 1440
-249 1279
-1313 418
-890 590
-1518 359
-1277 1364
-128 457
-1495 1146
-769 420
-296 1066
-1246 87
-451 1181
-85 79
-261 14
-1026 1041
-1225 508
-253 168
-1260 647
-1228 1115
-1248 790
-276 833
-1368 709
-581 671
-618 151
-1199 1299
-673 162
-1054 271
-672 17
-1067 848
-272 263
-1059 1150
-912 893
-889 738
-1396 25
-1247 314
-708 1152
-936 866
-1473 1136
-1424 593
-1171 1301
-1443 76
-1124 515
-620 898
-847 1358
-1402 522
-1497 51
-1219 1151
-521 646
-629 698
-81 230
-403 19
-1167 1399
-285 1482
-1374 1096
-1090 1387
-1369 541
-227 1400
-1532 253
-903 586
-238 972
-1540 1455
-461 997
-478 472
-1069 542
-428 1044
-376 892
-1207 522
-1501 978
-1018 699
-781 600
-76 274
-133 813
-124 470
-589 1515
-794 1356
-863 755
-645 1406
-230 1101
-744 593
-1105 1314
-856 1289
-1059 1163
-192 389
-1109 129
-794 792
-577 149
-1227 87
-1297 377
-927 1124
-551 1188
-202 382
-1079 1387
-879 1496
-1053 677
-1477 1296
-588 1130
-1329 754
-389 1195
-939 712
-351 1430
-42 452
-938 643
-139 1335
-1278 15
-482 57
-291 1241
-45 1087
-891 166
-270 900
-606 370
-162 1321
-1055 34
-94 990
-67 381
-1042 83
-1308 953
-1045 367
-295 60
-1156 160
-1064 666
-121 334
-400 600
-40 268
-1150 919
-1353 1180
-560 95
-1309 564
-198 540
-160 815
-620 351
-184 1424
-637 1429
-1066 1251
-145 968
-1034 152
-1388 1052
-1380 477
-1481 101
-274 844
-1297 1105
-117 69
-682 863
-170 1196
-647 481
-1164 1362
-173 711
-430 539
-1278 831
-888 259
-962 174
-153 1497
-1158 1517
-336 748
-1400 447
-538 1459
-1378 1179
-262 1368
-1276 432
-990 138
-484 980
-1364 1298
-1159 143
-405 1056
-583 1384
-824 381
-191 823
-1500 128
-837 1333
-300 455
-103 1142
-728 828
-939 14
-317 635
-959 444
-303 756
-1501 798
-1301 1365
-975 779
-878 1130
-432 305
-294 387
-330 593
-16 1086
-73 59
-1280 373
-1370 772
-381 1447
-685 1107
-1460 165
-1340 645
-1179 177
-163 1006
-1260 1507
-414 111
-707 463
-1332 497
-128 1033
-1398 933
-1492 297
-30 215
-1497 245
-1296 1104
-123 507
-1155 1081
-814 742
-239 379
-621 1128
-1219 711
-594 707
-1380 321
-572 768
-1405 927
-1015 1245
-528 218
-684 509
-103 766
-1296 228
-452 395
-164 900
-1120 1080
-599 699
-596 478
-723 1470
-13 894
-927 1245
-1010 1424
-686 370
-535 590
-1442 427
-821 1470
-1157 638
-61 1480
-1482 103
-795 244
-1043 101
-821 181
-699 288
-1368 1253
-868 1297
-212 126
-1092 433
-981 849
-1098 794
-829 1316
-609 1242
-831 1376
-365 1257
-1414 252
-26 380
-566 708
-806 922
-118 522
-941 631
-1279 870
-996 1260
-222 989
-708 144
-879 821
-658 886
-109 21
-15 260
-1380 999
-1366 157
-387 1509
-396 1043
-1317 1134
-1034 550
-381 702
-80 1481
-1323 1235
-827 464
-37 1232
-1160 470
-710 862
-836 966
-117 1518
-555 509
-1466 692
-1142 138
-979 1206
-1503 777
-640 1155
-141 16
-592 807
-1106 134
-256 1163
-1058 1335
-8 1045
-1360 361
-599 1271
-213 422
-116 559
-974 741
-498 444
-81 584
-566 1498
-1116 134
-429 1048
-274 1293
-445 849
-1536 917
-528 546
-109 432
-795 750
-199 497
-1194 1058
-905 778
-1148 762
-1439 876
-1163 1182
-484 266
-436 1327
-986 914
-1028 653
-403 1442
-395 1094
-1047 926
-1540 282
-873 1163
-15 880
-1315 622
-944 351
-913 223
-94 1388
-1315 1369
-1454 1388
-1028 474
-1129 889
-885 498
-618 347
-1521 780
-1446 674
-1247 814
-458 390
-583 9
-1230 360
-422 1285
-776 711
-138 593
-1116 307
-1530 18
-431 597
-1461 313
-1348 1368
-1305 556
-1153 96
-838 880
-507 154
-279 488
-107 103
-1285 886
-482 1101
-365 493
-73 955
-915 1286
-208 1492
-1370 239
-738 393
-766 52
-602 714
-515 1043
-1300 395
-1238 1315
-133 796
-356 613
-764 1015
-166 1451
-987 1358
-49 5
-1101 1527
-1529 1078
-578 505
-987 1024
-357 236
-465 786
-825 1158
-1239 294
-928 1054
-794 12
-684 17
-928 1353
-162 13
-4 150
-583 622
-610 1252
-199 556
-1144 281
-652 1152
-200 388
-872 866
-49 213
-1205 1242
-537 1238
-1205 1091
-1228 1234
-1296 621
-92 814
-420 549
-95 668
-992 1465
-693 1455
-595 57
-251 1533
-80 1276
-1320 1489
-340 1510
-821 563
-1040 885
-858 227
-1352 672
-1245 970
-941 790
-365 1343
-1444 1223
-556 476
-1009 1260
-1125 744
-1174 97
-1408 1449
-861 1041
-27 1167
-642 1008
-582 648
-1051 671
-568 1541
-1488 1538
-1185 133
-14 668
-943 282
-134 473
-1297 1002
-1018 912
-172 1476
-778 827
-479 788
-1296 838
-383 410
-1354 623
-339 140
-1400 357
-1460 605
-848 58
-259 27
-1432 238
-427 1003
-815 1394
-612 56
-551 842
-1031 1456
-921 233
-1188 427
-225 262
-61 440
-953 1423
-1368 1399
-144 1514
-1365 8
-1316 1275
-1379 251
-234 280
-1406 774
-1238 910
-1150 711
-62 1343
-220 1022
-1217 309
-88 1429
-687 97
-1391 1324
-544 208
-651 766
-643 1312
-607 858
-1436 1289
-687 839
-1032 933
-391 897
-836 189
-563 243
-1300 368
-1422 1266
-320 1213
-684 1505
-1529 1412
-992 237
-362 1250
-948 1
-1366 288
-628 228
-353 1
-943 64
-692 1073
-914 175
-601 65
-435 1435
-1137 603
-459 827
-825 1189
-1156 1080
-1160 1053
-1374 1518
-1272 1449
-770 29
-1507 131
-1469 937
-516 281
-579 1103
-1157 1432
-1045 1540
-187 801
-1195 904
-1403 1504
-5 773
-110 318
-911 98
-825 351
-20 499
-256 1412
-336 216
-845 54
-848 1436
-1522 858
-1421 1245
-90 1247
-1078 396
-690 314
-909 155
-1458 844
-1262 332
-36 658
-1364 221
-153 729
-926 1057
-219 1188
-297 82
-1366 1402
-1145 184
-1000 1410
-113 658
-988 781
-501 620
-1104 34
-722 592
-1226 980
-49 974
-1369 1519
-1213 1488
-359 1225
-615 1460
-1125 1138
-923 1057
-5 1172
-848 753
-981 1046
-1236 160
-666 67
-786 404
-582 1104
-1113 200
-659 437
-501 455
-1013 351
-787 1309
-273 802
-973 1120
-275 861
-736 1524
-48 1091
-154 914
-514 590
-1091 928
-1540 419
-1071 620
-1485 844
-4 429
-106 85
-80 184
-216 438
-454 149
-912 80
-1543 767
-1086 1286
-1424 578
-879 964
-834 826
-1282 115
-981 1069
-1010 75
-450 800
-150 467
-1512 907
-1184 148
-1381 708
-1445 677
-1425 237
-38 1352
-638 675
-38 799
-1178 517
-1423 1277
-533 1438
-1210 196
-791 131
-931 1083
-1511 36
-1428 601
-1406 25
-459 130
-487 304
-649 908
-832 938
-1501 170
-254 1152
-228 96
-1066 1097
-876 1532
-709 1504
-437 718
-894 258
-1038 1084
-996 371
-196 776
-839 1037
-1471 1378
-62 356
-1514 111
-534 1496
-306 213
-1284 343
-1464 103
-322 347
-554 1433
-1516 415
-1394 490
-533 893
-475 1318
-1493 1539
-638 231
-688 1448
-610 979
-1381 276
-689 1519
-112 707
-935 1178
-317 402
-706 707
-801 887
-1104 825
-375 742
-781 1120
-692 326
-380 71
-72 667
-1201 624
-11 1107
-914 610
-1474 1516
-245 72
-513 321
-247 954
-1133 1244
-829 1413
-33 560
-777 538
-1451 781
-436 909
-507 118
-391 281
-674 694
-395 496
-998 1465
-1156 990
-1292 1072
-129 1054
-1455 1423
-1392 786
-232 176
-338 277
-84 1060
-228 1151
-696 1430
-305 1379
-997 1429
-809 218
-1465 1074
-1184 123
-51 1254
-1469 1375
-1322 579
-1410 1389
-168 950
-608 900
-76 820
-1334 797
-531 1336
-530 804
-599 117
-1251 668
-1329 795
-854 1466
-59 1
-61 57
-1379 1086
-1209 409
-1332 634
-822 949
-263 1294
-936 53
-312 74
-1505 622
-676 721
-1538 1277
-414 1103
-1207 763
-611 1431
-245 1483
-454 47
-1338 153
-291 669
-137 139
-237 757
-1350 1486
-452 869
-255 1021
-122 207
-1033 1314
-599 488
-7 1486
-1381 179
-1258 89
-833 158
-471 561
-1320 131
-750 1208
-759 740
-515 1472
-1402 1429
-48 1166
-1433 1502
-1110 362
-1099 393
-1524 154
-306 663
-1091 1186
-221 1135
-578 1470
-1470 846
-1098 807
-141 1471
-719 385
-713 952
-261 1478
-1469 231
-1254 650
-1455 1299
-1199 860
-337 1132
-775 979
-359 929
-316 859
-220 1341
-1248 972
-849 1173
-349 211
-591 1165
-708 172
-466 1104
-607 1271
-925 1168
-778 1145
-1160 317
-685 792
-564 165
-184 848
-785 298
-263 1326
-885 1010
-416 1047
-187 823
-123 1462
-191 588
-1036 685
-282 521
-601 1437
-1294 1359
-1361 800
-1218 928
-1374 393
-744 396
-304 1011
-258 1232
-408 357
-416 730
-147 183
-1133 1030
-1370 1542
-517 925
-478 482
-5 878
-280 1389
-294 1170
-509 1469
-1092 1251
-1342 808
-1083 1142
-1184 71
-1050 545
-702 1121
-263 916
-467 72
-1389 1299
-1375 1229
-1232 1070
-295 654
-1188 995
-469 578
-437 1
-1386 393
-1062 1022
-741 782
-565 1233
-6 1312
-99 1465
-1419 523
-1466 1134
-445 972
-99 361
-1435 1226
-1206 31
-33 1285
-923 924
-579 739
-1481 1498
-449 689
-629 334
-1345 412
-1485 125
-964 330
-1280 45
-156 265
-1038 1066
-887 511
-1252 1518
-226 603
-1014 859
-680 500
-406 797
-1127 1350
-1212 994
-510 877
-329 319
-212 50
-1407 166
-1143 115
-782 876
-158 295
-1033 863
-1084 941
-1319 1185
-809 652
-785 244
-396 3
-575 1283
-1496 1062
-1271 21
-796 493
-1162 1211
-943 983
-1277 917
-1523 1339
-819 10
-1167 583
-49 625
-1516 180
-790 465
-779 1515
-504 21
-840 56
-152 430
-1134 1195
-1061 749
-759 933
-118 1169
-354 1491
-508 240
-1329 328
-1224 1099
-27 1512
-225 329
-98 1118
-1430 775
-375 1142
-1375 572
-637 706
-1531 1274
-1011 793
-723 1061
-499 227
-63 348
-1327 67
-386 710
-714 1284
-973 1250
-1373 878
-557 1296
-783 42
-1178 86
-273 554
-780 48
-745 262
-906 361
-121 215
-732 455
-274 231
-255 1071
-136 365
-738 34
-35 397
-212 918
-60 174
-231 1358
-359 1193
-361 762
-1488 1081
-1446 644
-403 1033
-1092 286
-1249 819
-1255 1370
-199 549
-1064 988
-756 140
-764 719
-813 716
-188 1242
-1509 98
-122 1430
-1386 1506
-1216 1465
-247 1103
-152 542
-1486 200
-1213 30
-324 1130
-1070 770
-1383 401
-213 691
-131 143
-231 240
-1034 216
-65 810
-902 142
-1471 242
-851 1072
-133 1430
-5 613
-752 1051
-515 1523
-1092 633
-132 1412
-569 1488
-1204 453
-1060 230
-253 1049
-905 256
-1194 638
-217 154
-728 1266
-1341 426
-1508 1358
-140 1136
-163 425
-613 639
-627 450
-634 181
-1037 148
-232 309
-1037 1012
-1176 1184
-500 1026
-39 506
-628 347
-727 726
-1319 465
-1522 508
-572 1498
-129 1182
-380 1534
-957 1231
-425 666
-937 440
-1012 1271
-553 866
-339 1243
-1219 105
-984 1030
-284 723
-920 1425
-674 1398
-132 1458
-104 142
-794 1372
-166 862
-1272 1051
-1216 1335
-898 1145
-1410 562
-586 448
-1463 151
-562 1446
-777 829
-1305 1018
-1219 1231
-610 381
-261 1412
-433 1329
-819 934
-1120 742
-1091 1242
-809 497
-533 949
-181 421
-926 443
-865 1085
-54 790
-39 1186
-1387 345
-554 552
-223 646
-235 1234
-1396 1191
-989 1389
-418 570
-617 625
-1131 1483
-1096 1329
-995 1
-594 128
-996 879
-575 1040
-1377 1217
-81 95
-499 293
-19 801
-501 1182
-143 559
-314 1416
-633 1254
-516 649
-1369 78
-1063 1524
-1311 784
-738 901
-898 447
-1348 637
-1359 1210
-536 950
-639 1540
-304 1226
-382 1500
-1125 302
-1039 3
-852 464
-1164 243
-463 327
-616 926
-849 1169
-1178 1074
-859 1529
-167 1477
-1380 663
-622 584
-1343 1274
-1087 1364
-1363 799
-507 1230
-950 743
-295 726
-471 1228
-1257 91
-30 1450
-1022 1316
-863 941
-485 1296
-256 193
-1390 355
-589 498
-1482 862
-900 1059
-520 1390
-914 263
-335 803
-1322 1426
-287 1203
-260 162
-537 461
-1379 1431
-1006 438
-477 314
-1233 1386
-1103 103
-1162 1145
-480 362
-1309 1511
-775 394
-169 1181
-505 1098
-650 41
-1448 669
-1503 874
-908 1349
-40 80
-384 1224
-742 920
-191 1001
-384 417
-176 1389
-816 126
-927 284
-1016 382
-1475 1388
-1252 1122
-1480 469
-1317 1028
-1407 1258
-1050 502
-23 1027
-35 800
-485 1065
-1198 377
-637 1102
-1113 350
-103 72
-896 330
-248 1439
-1341 683
-351 717
-854 1184
-136 279
-97 285
-990 493
-96 261
-1275 143
-978 131
-1461 1163
-311 913
-1166 499
-1003 848
-700 108
-927 478
-313 429
-480 897
-247 632
-118 1284
-242 917
-642 651
-468 632
-990 38
-306 677
-711 587
-845 175
-1133 1420
-466 372
-990 390
-1216 1044
-1211 472
-576 882
-1056 745
-1475 298
-232 833
-1541 1341
-1068 488
-500 1517
-1110 1020
-1496 1251
-191 964
-1312 107
-876 1143
-822 1346
-1399 1483
-1499 1235
-599 1255
-244 1317
-686 1321
-273 1485
-1271 1080
-108 90
-712 552
-18 1083
-1365 560
-1448 1537
-116 926
-268 976
-237 1075
-1201 406
-827 1521
-797 483
-497 1410
-334 466
-524 1463
-278 1294
-752 337
-132 1076
-102 1034
-939 183
-1016 879
-362 724
-1430 313
-84 1237
-1051 164
-411 762
-737 3
-494 626
-1144 925
-1029 1287
-360 410
-393 885
-896 1011
-331 358
-793 1430
-1435 532
-340 1485
-534 910
-325 838
-1145 1364
-409 1038
-561 457
-953 285
-678 1352
-216 802
-314 490
-37 277
-709 194
-1487 1498
-1354 458
-1318 837
-300 113
-927 887
-488 854
-242 604
-681 409
-905 1465
-523 809
-1272 1083
-247 284
-1415 1214
-909 1091
-636 1236
-979 1086
-1301 1003
-852 272
-285 741
-1392 23
-69 1016
-115 1177
-1351 723
-981 124
-1047 1052
-1268 1229
-333 860
-330 132
-1009 1194
-1089 429
-1001 974
-710 1488
-550 1010
-183 208
-438 1110
-454 961
-639 596
-279 633
-226 1165
-1523 903
-1468 401
-166 184
-153 149
-169 80
-246 872
-452 1034
-645 1466
-146 1322
-230 1485
-187 1489
-959 160
-821 1364
-98 616
-1443 1454
-337 470
-1336 1472
-1094 1297
-512 1490
-175 1395
-503 576
-794 1
-564 169
-1467 770
-453 1160
-282 6
-204 1241
-397 147
-195 101
-310 210
-1416 674
-1170 1239
-968 1066
-1330 1169
-541 1435
-134 516
-900 1412
-1172 600
-1125 365
-300 1160
-85 1330
-677 655
-716 1057
-731 131
-1328 120
-1140 590
-1488 755
-900 181
-227 1406
-353 1017
-595 598
-823 13
-435 129
-656 1329
-1349 949
-970 1269
-731 1224
-1076 818
-427 28
-237 387
-94 38
-1102 1397
-581 1402
-926 1243
-1226 963
-1445 244
-142 727
-1383 1446
-994 989
-198 1333
-167 1408
-120 1222
-501 1166
-604 817
-231 994
-500 103
-813 818
-927 458
-1157 680
-720 1457
-656 333
-729 449
-1064 326
-24 53
-377 534
-89 206
-1467 111
-397 534
-879 1200
-891 92
-359 901
-57 433
-646 1499
-767 1523
-248 1366
-124 850
-1435 1343
-742 1525
-1407 71
-1408 1081
-244 532
-146 200
-1478 273
-344 1065
-984 172
-349 1382
-1343 476
-1040 1225
-827 137
-1410 240
-1248 169
-545 55
-564 1114
-827 255
-1042 447
-34 922
-690 434
-408 625
-643 1392
-6 150
-717 588
-833 1055
-272 445
-1239 500
-702 1423
-1198 1319
-1081 717
-1165 886
-1064 1514
-523 443
-1474 59
-772 1140
-1453 460
-1419 344
-41 456
-1396 1122
-202 1046
-904 759
-591 1087
-608 831
-460 338
-336 360
-1050 1415
-250 1153
-380 1049
-741 164
-1058 284
-71 1125
-1330 127
-944 1002
-551 693
-1106 180
-240 121
-654 883
-313 531
-1112 546
-1007 311
-970 498
-1325 1441
-58 1248
-223 312
-239 748
-320 1512
-272 1475
-1343 773
-836 1438
-984 555
-892 1137
-714 945
-203 1519
-111 768
-469 846
-260 124
-343 913
-459 1336
-487 137
-953 420
-1394 107
-303 1080
-503 973
-897 750
-597 854
-1123 734
-774 339
-1437 481
-1450 715
-1295 852
-896 7
-39 857
-636 1381
-104 1268
-645 756
-874 783
-739 33
-826 1418
-1514 343
-1357 1494
-829 990
-907 719
-198 1297
-1292 84
-1235 397
-1025 353
-160 457
-200 491
-1101 882
-960 1047
-1440 652
-451 485
-1122 1155
-1330 223
-222 383
-37 843
-305 693
-762 493
-693 214
-496 984
-1026 367
-94 1166
-293 1083
-413 1221
-1258 1498
-515 777
-563 248
-288 992
-935 1267
-1314 1106
-1316 690
-547 390
-1026 478
-946 6
-1486 539
-1165 329
-1253 30
-1105 123
-934 876
-46 260
-1494 1121
-813 964
-434 267
-1444 1299
-718 1211
-678 412
-116 447
-447 572
-1192 406
-522 1005
-848 1529
-1402 1157
-1262 79
-665 1523
-828 1195
-1002 59
-1151 1006
-832 1474
-1276 1296
-1125 618
-875 304
-503 531
-1121 1258
-1478 224
-863 1536
-1534 750
-770 474
-1031 1224
-418 1013
-1300 319
-207 829
-731 1216
-250 1121
-346 1124
-450 1159
-1070 247
-82 782
-1027 1232
-1122 233
-1542 763
-1159 1058
-1161 58
-465 905
-1074 1057
-617 670
-778 228
-299 1498
-1500 471
-796 1137
-1376 1193
-1189 1445
-208 1059
-540 177
-614 681
-37 838
-1446 923
-375 1506
-1295 1326
-314 144
-1382 1207
-1506 524
-1214 199
-729 1043
-1082 465
-645 280
-401 864
-1526 319
-421 237
-178 863
-469 649
-846 1470
-335 1247
-1320 1463
-789 95
-1392 540
-1272 382
-1214 1455
-197 342
-712 751
-366 1458
-1077 475
-1152 1397
-1282 55
-673 1118
-194 917
-1107 1468
-207 56
-1300 404
-674 846
-1303 395
-68 1071
-1184 951
-1214 827
-258 79
-727 923
-849 231
-650 1110
-2 1278
-1392 1283
-1128 977
-372 1469
-981 474
-685 597
-1492 360
-886 905
-1204 539
-789 50
-1100 1230
-454 20
-758 104
-1333 792
-508 781
-535 25
-1089 656
-853 878
-1078 185
-165 133
-1116 176
-760 174
-387 204
-23 1489
-1424 236
-1167 665
-827 1133
-957 1096
-1077 626
-1204 1494
-1022 1077
-1160 703
-29 1075
-468 1255
-1087 779
-230 404
-1384 1220
-27 1389
-507 1314
-904 207
-294 1509
-430 306
-271 1240
-341 1188
-281 1490
-467 193
-201 144
-432 394
-4 258
-926 789
-75 1434
-642 1079
-449 612
-110 1243
-1452 852
-743 199
-726 457
-292 82
-343 92
-1455 1498
-279 298
-1289 417
-1254 660
-1436 667
-1179 755
-1034 1055
-18 19
-1155 219
-633 113
-290 1491
-1318 1461
-1317 905
-1088 1042
-284 904
-941 301
-354 636
-1225 1324
-285 1466
-654 485
-42 683
-981 143
-1444 1310
-1540 902
-391 1307
-521 1489
-358 443
-1075 1008
-172 320
-141 674
-1267 253
-385 716
-1059 549
-514 1525
-671 568
-182 732
-558 45
-1267 512
-1230 232
-1355 334
-234 625
-893 474
-239 834
-630 194
-946 480
-900 740
-259 1163
-301 819
-1323 963
-264 1202
-1225 418
-1016 1480
-1485 1427
-1047 530
-1427 539
-1540 606
-264 303
-1462 22
-1197 1434
-758 1013
-1128 570
-1250 447
-753 39
-309 728
-1030 1235
-494 1201
-1244 1323
-1233 1446
-959 1368
-1510 248
-1304 1038
-1443 117
-633 49
-402 431
-185 378
-392 704
-1261 516
-1448 370
-1385 539
-1337 444
-1178 384
-1493 171
-1182 422
-481 887
-1123 933
-1363 1116
-108 880
-1244 261
-859 118
-1448 1286
-413 1272
-1047 1372
-81 985
-835 387
-961 151
-81 512
-835 1351
-1226 666
-383 1087
-140 25
-1532 792
-1451 557
-678 748
-1083 204
-1459 58
-1083 1436
-1513 1098
-330 1140
-677 1455
-65 1359
-1224 1312
-1119 73
-215 911
-1245 1364
-364 1528
-472 680
-823 198
-1138 781
-1161 1329
-703 1316
-1162 481
-395 1453
-345 101
-474 604
-1519 706
-543 537
-661 1366
-380 129
-312 590
-1295 638
-1099 1259
-372 9
-9 1273
-1397 1251
-1491 1396
-602 1482
-698 655
-1305 1396
-1192 441
-1533 1283
-1309 610
-1253 31
-39 135
-376 337
-190 818
-1232 573
-1345 1123
-1333 878
-481 991
-1519 851
-1405 638
-1469 1516
-1157 828
-119 645
-166 1279
-212 798
-163 1185
-332 1113
-256 1395
-812 1067
-1107 1116
-499 378
-887 436
-1522 1212
-862 32
-448 90
-777 788
-1456 717
-171 579
-1469 273
-1115 367
-638 427
-3 1542
-1113 1044
-1099 460
-1370 1052
-1326 1217
-281 312
-1071 108
-1118 1245
-601 721
-789 1274
-292 1283
-176 938
-284 395
-1015 573
-1016 1155
-533 890
-1419 1520
-210 1171
-1335 744
-585 639
-762 517
-1277 819
-1035 358
-522 1471
-1333 882
-1327 558
-1537 859
-875 1201
-36 1210
-1155 862
-1139 1015
-774 427
-494 1054
-18 321
-1417 201
-193 596
-409 460
-904 789
-1115 660
-1316 1391
-549 1540
-360 1083
-1481 1292
-1480 391
-1528 480
-1296 1025
-990 739
-120 501
-699 478
-829 1533
-807 459
-1449 843
-610 754
-1439 1199
-906 443
-316 134
-1137 1230
-171 1158
-1146 887
-482 286
-156 1362
-1004 803
-639 1465
-885 1373
-1035 978
-1503 1073
-1011 589
-528 568
-310 1491
-303 1270
-203 680
-632 1191
-116 1388
-946 612
-1158 829
-833 11
-34 656
-1293 388
-836 1442
-1075 741
-1525 914
-39 990
-1394 879
-650 723
-1440 472
-986 354
-346 961
-1140 369
-199 187
-907 662
-28 510
-221 1006
-95 494
-264 366
-514 218
-1473 1237
-858 1418
-1162 514
