2000 2000
-1280 -691
-1952 -422
631 1428
377 1159
-188 648
672 1642
-260 1467
-1974 -598
1102 1166
-281 391
-1161 1068
-1847 -338
-161 1331
556 1732
466 659
-131 743
-1132 -713
1048 1753
1275 1866
603 908
-628 1193
-464 1946
751 1863
-1325 1631
-1154 -510
-970 -325
-1409 -971
-1613 -998
-1435 632
488 1504
-1095 58
-491 195
963 1536
437 571
-217 236
-1383 -609
-1957 -1779
-506 488
1509 1612
928 1133
-826 1297
-184 1563
-1535 928
-551 816
-1536 -583
-408 956
-1078 -1003
-438 -37
74 602
744 1082
-770 670
-368 1516
-1323 669
-406 1906
-1952 -1246
-1484 1911
-786 1407
960 1588
-785 583
1194 1571
-148 334
-1110 -377
377 1970
824 1648
-1963 -348
-297 1301
-40 1821
-248 -128
-569 -545
-1408 687
-1347 -531
-1504 1565
768 1382
-1314 53
588 1938
-951 -768
-1504 1513
-1409 -521
-1288 1782
-673 -533
1115 1241
508 1685
-73 920
-547 1789
-990 -328
-1744 -579
-591 642
-1409 528
-42 1284
-1599 927
662 1948
-1870 773
-507 -182
-621 400
330 1177
-325 814
-1916 1684
810 1206
-1701 -127
-268 422
-1490 -594
473 510
-1282 -33
813 1917
709 1717
-1042 476
1522 1711
98 1230
-401 -234
-653 -446
-304 1193
199 1106
-1219 1276
-1242 782
-151 -124
-1029 787
870 1860
-1502 -1331
-1293 820
-1376 -817
1167 1688
-409 -105
-621 1025
-999 834
-1931 318
888 1894
-1963 -951
1078 1865
-1047 -937
-1792 939
-1698 -1655
-1223 -704
1987 2000
-1088 -76
-1653 843
-1168 -1054
1464 1583
-486 -392
-159 282
-1820 -552
-1389 853
-1610 614
437 1677
-1705 436
-116 1202
-1468 759
-644 1756
-1133 1326
-855 1717
-833 1728
-1098 -1071
-514 1487
-376 1404
-1821 -853
-1079 1167
-1855 343
-713 16
-689 691
-1173 208
461 1004
-1469 -1418
-1726 -1459
1475 1787
-1686 -768
-466 -297
938 1726
-1508 1105
-144 996
1253 1255
429 758
-1264 -163
695 797
-1923 374
-1720 1548
-1833 1552
1205 1392
612 1427
-160 712
259 1241
-1393 -562
-212 762
-643 290
-1406 1637
746 1059
-419 264
-1911 511
-746 -42
86 165
285 1794
-1524 -703
964 1657
915 1065
146 1763
-1487 676
-1998 -585
-1626 755
1635 1693
1187 1216
-995 -358
351 1516
-1040 1037
-315 1312
-758 -509
279 1891
1136 1696
-214 968
-735 1135
-1767 -1674
-336 904
1638 1917
-1335 1757
410 1517
-1055 1176
-1772 682
-1714 -350
-1209 1818
595 1515
-1019 1781
-97 539
-886 646
-1799 -1206
-1842 -64
650 983
255 1585
1587 1620
874 1300
-1933 -986
697 1241
229 1719
-1146 1421
-1610 1669
234 1723
-1790 -380
-302 896
-129 1075
-863 -233
-1274 -547
-1466 814
754 1842
-1660 -40
350 893
-1211 577
-1289 -1172
-1148 1158
-931 -244
96 993
-1350 1273
-355 87
-1275 1663
-1383 1471
-694 1816
-1768 -1214
-1222 -122
-854 1700
-642 -425
-38 807
-1703 -160
-1940 -1882
-438 -388
-392 1457
1229 1385
-1771 -1218
-1675 -526
-1900 -606
-1930 789
-569 -516
-1670 1358
-1641 -914
-804 755
-1329 -1283
-1511 1920
227 811
494 1992
-1922 -1443
-535 494
-45 1660
-947 -603
-1363 1265
-316 -226
-507 51
-1801 -957
-718 1289
1203 1661
-1104 214
-481 1959
-1630 -599
-167 1435
-459 1157
406 1858
985 1200
962 1227
-1279 431
-1550 1869
-554 961
-1443 -110
-171 353
-23 1539
405 637
121 1330
317 475
-1823 1210
-1225 1114
72 1393
-984 1144
-1950 1949
-733 6
-633 99
1817 1976
436 1953
1401 1670
-1977 485
816 1168
-1894 346
19 415
520 1738
430 977
-282 1238
-282 1008
-1662 -665
-1560 410
-1349 1127
-492 693
-1215 1376
-1170 1189
-370 559
-1374 -1015
-933 1838
-750 562
400 404
-1087 -674
487 1994
118 272
-1786 515
195 1916
-1240 -134
-1745 1284
-1135 142
-1350 45
-1588 -811
-257 1417
-103 285
-1429 1569
494 1711
-1909 -1900
-1826 -1691
-1690 1750
388 1353
-959 1687
-1388 676
966 1805
-925 182
-1961 -1343
-1808 -809
920 1045
553 1142
-1318 938
-1801 761
-113 509
-1060 600
-1534 -1307
-85 1114
-438 812
-266 1526
-388 -261
-1530 -1333
-1082 -357
500 1306
-1880 1681
-908 -747
-185 -43
-32 87
-1455 803
-1017 1261
-571 1373
245 910
495 1482
-1960 598
-898 934
-539 673
-1144 184
-1558 630
-1375 1379
-1766 1198
308 649
1519 1715
531 735
522 1093
-1672 -184
-2000 -960
-306 62
1019 1759
198 1925
-1975 544
-750 458
4 1105
-1322 632
-1495 545
1237 1836
-502 1248
-1713 1967
-1350 -337
85 1835
-1973 1651
-862 1775
-649 559
-1601 -1174
-585 -50
-1164 -497
205 1335
-1395 896
132 1679
115 911
-981 -29
-217 530
-1533 915
-1288 1303
-419 1259
-140 1661
-1773 1518
-737 1245
-1769 599
-950 347
46 1757
142 1443
-572 1368
-1792 1606
-462 -113
1059 1098
-823 -524
-247 1124
-258 655
-1444 408
-145 1869
-590 716
5 653
1157 1303
-833 277
105 1959
66 210
-277 1361
-1759 1465
-1735 21
-63 217
-1854 1108
-528 507
-1614 -442
-1292 -724
56 514
-1473 1006
634 1993
419 447
328 1876
-759 -243
-561 415
-80 1834
535 912
-889 1517
-1873 149
-1400 1730
-820 -124
-833 -33
1289 1393
-1051 1045
137 1292
1784 1864
1775 1986
-969 -386
-1670 -640
-997 -85
78 385
-1646 -751
-671 1992
477 856
-114 1677
-1279 69
-1451 934
-1981 -537
-1271 -894
631 1774
-1655 -673
-1607 112
-1612 1913
-1805 254
-1658 1554
-1394 -38
177 1063
-1227 -938
-1197 898
1313 1696
-906 1196
247 635
-653 1569
-1551 74
-306 1409
-1987 -1576
-160 860
-1278 -1058
-1311 254
1121 1492
-1476 600
-1911 1846
-962 118
-528 1849
901 947
-1854 -1068
-877 -85
1011 1088
1221 1723
-241 1611
-1650 1453
-637 367
-774 1973
-697 713
-798 572
826 1717
-957 230
-343 610
-1031 1534
121 1734
-1780 679
98 1265
-1469 377
-872 616
1031 1446
-1785 186
360 1557
-1125 300
-481 -394
-1271 1674
-1787 -496
-172 300
-1246 85
562 1123
1893 1962
-1422 1612
362 671
-1980 777
517 697
-877 1477
-1054 12
-1686 247
806 1021
730 1507
-1327 -1206
-1486 379
535 1976
1012 1304
-1144 -1040
-1670 289
885 1562
-728 183
585 1797
-1733 -248
-1864 -1161
-295 -229
-1038 129
-1978 -1966
-1877 1969
-1837 173
-269 981
-1168 665
-1005 134
-1958 525
-1257 446
-149 1551
-587 1348
-1906 -1089
-695 465
-1839 1852
-455 1790
-1419 1621
-1731 -598
-1392 1147
-1677 915
356 1573
-809 1781
-6 72
-310 832
-1684 392
-670 1832
-591 1729
737 1037
406 1849
-55 946
817 1828
-169 1189
-513 1349
-758 -327
-1427 227
-1927 1620
1038 1198
-520 -270
206 1015
-1280 -112
-63 25
-1945 -1308
-1954 -1345
651 1392
-1213 1859
-1403 -1251
-1683 -1348
-1043 837
1185 1380
229 1606
337 368
-1031 296
-1301 -385
-1928 -466
182 1913
-1144 -533
677 925
-1955 1105
-958 -797
133 1071
-1971 -214
-1203 1918
-279 508
-390 481
718 1326
-947 1789
1791 1865
-697 234
-1551 -440
-403 494
-1922 -1653
-1837 870
1303 1690
297 555
-1708 -1311
897 1966
-990 1653
219 1574
-1707 -1219
797 1648
537 664
-1043 1546
-1525 1573
-1858 -155
-4 1267
-893 1478
62 1330
203 927
-934 1189
-1683 -86
16 194
-1057 -479
990 1758
-1409 177
730 1131
-1330 -955
285 372
237 482
-1917 -1405
411 1728
7 496
603 1509
-363 1609
727 810
-1760 1785
-1495 -1055
-1201 1609
-752 656
-1097 918
-1434 1649
-48 680
23 1125
-1781 -1666
380 1491
-1597 794
-1913 -1140
-1866 -1108
1060 1208
-1491 1756
419 1064
253 442
-1908 6
-987 1246
-1734 -357
-433 1681
-227 1432
-1409 306
-1851 -1534
1344 1369
-1905 185
-1593 1625
1955 1977
-1563 1159
572 1911
-1596 -889
-1869 -1621
-132 970
-1876 79
1034 1372
-1086 309
-411 404
-1042 592
-1464 1914
-1248 1198
172 241
583 1029
662 977
1812 1838
425 1567
763 767
-1709 1408
-1001 1066
-1298 1279
-1693 830
-1905 1436
-247 832
-1652 -1298
-762 631
-447 525
-832 565
1112 1902
764 1985
-982 501
840 1209
-191 1494
-1909 38
-442 -110
-292 1419
677 1738
-1755 856
-1699 10
489 1135
836 1515
-1455 -82
-1030 744
-1371 1054
-1203 989
-567 205
-504 148
-1064 1121
1376 1426
-931 -745
-1566 1446
-1437 494
-877 -723
-389 354
-1553 -857
-1213 769
925 1876
415 1594
-1219 -186
-102 1257
-777 1758
597 1209
-1585 -609
-1320 -279
-1865 -1034
1121 1577
666 682
-857 -395
-446 1551
560 1804
-821 334
-729 1621
-1979 12
-48 188
389 763
-1948 1225
862 1374
1775 1934
-831 1543
-1645 937
-1465 71
-1779 894
-1293 577
-1845 -381
1170 1385
-1502 716
-1396 638
144 1778
-448 -10
-105 163
681 1621
1228 1274
1231 1567
36 1927
-241 1511
-1782 -1644
39 678
-1122 448
219 1949
-1090 -359
-1506 -996
-1590 -154
-1962 133
-653 1005
161 1382
-1451 1456
-1376 80
140 1017
-1696 -32
-400 157
-339 916
-1364 1331
-217 -136
-1741 1570
-227 1709
-1110 1459
-1701 1852
-1843 -1616
-1875 1037
-686 1356
-1878 457
-102 749
950 1905
1261 1364
1110 1133
-1552 -329
570 682
-218 266
-1482 1221
-734 1668
1089 1708
583 1716
205 893
444 1899
45 1121
-1597 246
249 1375
-1694 1132
119 1593
-1253 340
-1092 870
-1577 -26
333 1293
918 1759
-1276 -547
-1970 1606
1346 1782
-269 1158
-255 -155
-1204 1021
-646 1569
541 1337
-1921 926
1084 1643
-641 1883
-1577 -882
915 1693
-548 16
-767 -86
-1334 880
529 1488
-1363 1061
-903 981
-1373 1457
-533 1308
-1713 1465
-114 557
437 1338
-1842 -197
-876 -875
-268 -141
-526 305
233 478
-1143 516
472 1601
-391 960
-1086 -204
41 990
-1114 308
-1692 -793
-1407 1612
-1864 29
-1365 603
-850 881
-476 -305
-1205 329
-1244 -176
157 1900
-1442 1859
-1607 -122
-273 1891
375 547
-1052 737
188 432
-1242 -80
1689 1793
908 1144
-1140 1938
-1950 -995
-1301 1980
774 1378
-1825 -468
-966 906
-918 1802
-379 -232
-948 1492
-291 1526
-1436 1160
-1163 94
71 1112
-978 -241
200 829
-1624 -100
-1348 -487
-1697 1720
1129 1923
750 924
-1155 -798
-809 1862
-640 521
-1843 1932
30 148
-1037 1573
544 1603
-1574 1911
702 1416
-1951 669
-1804 672
-1599 -1095
-647 407
-350 393
-892 633
-122 1144
-1525 -767
979 1653
-1114 1871
-817 -711
-767 -165
393 690
445 1267
-585 1171
-1849 15
-1388 339
-1370 -943
751 945
625 1169
-1048 364
-1919 -883
-1112 -1075
856 1222
-696 112
1692 1884
-1964 -1940
-1473 -708
-463 1348
-1810 -1236
-327 968
972 1575
-1821 1452
-707 1486
-1710 -1031
-1488 -1185
1648 1957
-1118 -248
1454 1539
-759 -436
-1363 444
75 1532
-1437 1499
-1170 609
-419 1060
-1626 171
-1821 -901
-295 1310
-1867 1464
1958 1979
444 865
-939 1316
-1422 1355
-1876 1965
-239 238
-1441 355
-1179 -949
1700 1851
-1685 673
-1669 -176
-720 1236
804 1953
-1679 819
13 417
89 1059
-485 1064
-103 1453
-1166 1269
-1597 632
-1350 -405
-926 705
-1803 -623
549 926
537 655
-1950 346
-1602 44
661 1708
967 1161
-336 -38
-14 1993
-1790 -177
-1456 -770
-1043 1468
-1947 -880
25 660
-1674 -1624
-1404 1176
-1228 1936
1376 1706
-122 -22
-1789 1187
-533 956
-1223 954
-320 463
-1567 274
-1860 -1684
-1561 -1289
64 304
-500 771
-99 -49
-742 -118
-1230 860
-212 330
-970 -791
-588 -457
-1246 -106
-1159 262
104 1498
-1431 1817
17 511
-1872 1711
-1122 998
-1892 1611
-343 254
-4 1201
-1437 1175
284 753
-820 120
-6 769
-1300 1476
-449 -188
-1039 570
-1998 1148
-683 1341
-486 442
-311 1053
39 1877
-183 1124
-173 1928
-1824 1935
-1002 152
-1877 1425
257 1390
-1936 -670
-1757 766
-1016 695
-1386 -253
-568 -504
-1167 1694
-916 574
-145 1974
11 1736
-1575 674
-885 1935
580 1529
-1235 707
-1450 171
1066 1512
-149 684
343 1214
161 1807
-1880 -266
763 1899
-1971 -1793
1051 1121
-1757 -1564
64 290
156 1695
-840 688
-1323 1821
-542 1570
-408 80
-186 1799
89 1356
210 822
-1579 1160
521 1659
458 1427
-1928 -539
1204 1890
624 1652
-1541 764
-1767 99
-1031 799
-859 -823
235 941
243 390
192 806
230 459
-1192 -754
-476 71
-1717 -1614
-1097 -967
-1188 892
-1012 1283
-1927 438
-1121 538
-157 434
-35 635
-527 555
-980 1098
-778 86
-1479 -484
318 1037
-806 1634
-1381 1173
-1814 306
-1084 -426
-1393 916
-1600 1776
-1689 1502
-185 102
192 612
-761 1809
-1551 1078
-1615 889
-930 -36
-143 693
1409 1569
-549 -175
-1323 -1092
1077 1474
-828 1679
-755 1457
-241 99
-1631 -1416
-1786 -538
-1422 -63
-1173 -706
250 512
-1803 -732
-1164 -595
-1763 170
-706 -335
-619 352
-964 608
-1484 1970
-894 -524
-645 406
863 1030
-893 1372
-1613 -1517
38 276
554 1466
465 980
936 1770
-1102 -1078
-1816 -1723
-1683 -1662
-235 154
621 1852
1271 1403
-1783 -478
-1960 -1263
-1136 125
-844 1448
-1487 336
-1795 -1767
-1271 285
-1207 680
-421 1729
908 1936
-1012 -417
-1942 878
-483 321
-711 671
-1666 1408
432 698
-1587 -1017
-1473 533
-1750 -1630
-1102 91
834 1505
-1111 1209
-1270 -274
-1607 -933
-296 1135
588 823
407 1890
-866 -266
1098 1492
-956 -797
942 1311
-304 1070
-1446 -66
-1906 -258
583 1380
-1549 635
-1392 -273
-1653 -902
-145 1053
-57 1341
580 632
-1596 720
-1507 516
855 960
-617 1501
-1610 -1495
-257 941
-821 364
-610 1869
-429 1414
-438 10
235 1188
-854 1281
-355 372
768 1412
-885 467
1014 1589
90 1946
143 999
1041 1240
-1487 1892
-304 237
233 1397
-1378 -1321
-1694 1963
-1786 -1534
-32 705
-993 400
-1888 -1624
-1479 -267
-175 1052
-488 797
-681 919
-1199 295
-570 1990
-1461 1818
1673 1722
-1433 1879
-997 636
-719 1702
-968 -92
-904 1487
-1768 1994
-1506 168
-1423 1519
-1745 -1363
-906 -566
-1758 1824
-522 1261
191 764
-1248 -381
-1440 1716
265 1402
-1252 1189
-1363 1107
-1312 -929
-1115 1645
1345 1412
1205 1858
141 551
-98 1794
38 1988
1205 1564
859 1776
-617 1402
813 1094
-1632 1592
-188 925
-770 1853
194 1174
532 1882
-1788 -1648
-1872 219
-781 632
601 762
-1048 1446
239 1872
-766 809
-1742 -1271
1004 1358
-1724 -1430
-1512 435
-1621 189
439 1037
-1747 -1321
680 905
-1298 -270
796 895
715 1125
-1431 1604
-862 1280
-1023 1475
-1928 -644
-646 1177
-295 176
-223 494
-1508 211
-1500 -1173
-1207 1315
-823 129
-1055 1577
241 1031
83 1607
-1793 1315
-1324 131
-1380 1982
-180 -28
-908 1355
-1368 -60
-1250 720
-1101 2000
172 1029
-1681 -947
-1511 -1053
-1829 -1408
985 1905
-1376 1847
-1944 988
-998 -22
-1934 -1279
-966 -273
789 796
1593 1684
-721 -525
-1927 -1024
-88 1397
-1245 1634
-1161 -211
-1755 1120
1120 1753
757 893
210 335
-1833 -1637
-1476 557
969 1132
1334 1642
-1086 466
-1225 515
-1228 1311
-954 -611
1514 1977
-131 108
-168 953
-1681 -681
521 1710
-38 472
-1228 -120
-818 -522
273 1905
-517 121
-1720 883
-1613 -201
-681 -325
-632 -452
519 1725
-118 1645
-917 1504
-1244 -406
-1245 1564
-587 792
-1401 1551
-138 1791
-518 -362
-398 1729
-1269 1508
-1276 -771
-912 241
-1505 106
-1851 1817
-1926 -1562
-1946 319
1581 1985
-1249 -837
62 748
-466 1450
-671 -561
-1719 -750
-640 1375
-1954 1882
361 1085
-1698 1066
-1236 1194
-1773 375
-1974 -1750
-1572 1688
-124 1702
-27 1648
-1393 254
863 1889
438 1187
-535 1191
934 1898
-643 447
-1677 297
494 1426
-1062 1731
-501 1659
-1179 -290
-1236 -356
-1660 1337
-1661 -695
-833 519
-1604 1723
952 1435
-853 1705
-1536 1422
-83 80
-550 -157
-1557 -1146
-1881 -331
393 631
49 828
-1484 -1475
369 1618
-1338 574
-111 659
-1479 1100
-1581 519
-1829 1593
369 1269
614 1847
-493 1263
839 1276
-776 -737
-1308 1162
-1690 540
907 1397
70 811
1701 1869
1294 1297
-1253 -531
333 564
-1486 320
-1192 1068
-1292 -793
476 1005
-62 127
-910 -284
1106 1647
-900 653
670 862
-648 858
-66 180
-1327 1399
344 1932
-1168 139
962 1995
-1721 -1029
-333 -29
-561 7
-1911 1027
-1510 -483
-895 293
-1249 559
-1059 802
-170 1104
-301 399
223 1161
-1632 -122
-174 -161
138 1538
-1367 -848
964 1116
301 936
-946 1279
-1637 -60
1726 1955
-1038 966
-236 336
436 1195
-1780 -1377
233 561
-832 329
490 1468
278 1936
-70 1817
-119 15
394 694
-1512 -11
-177 1631
-1308 1908
-452 -184
177 1478
1075 1789
-1391 681
-425 909
87 532
-1710 694
274 1903
-1747 -213
-938 1631
393 696
-1998 -238
-1437 591
-609 593
826 1647
-1492 715
-1615 -467
-847 1577
300 897
-1654 332
-488 1873
-1331 -477
413 1669
-1193 588
-1818 1833
671 726
-504 924
-211 19
-1619 -1482
-561 842
961 1849
525 793
94 732
2 1347
-1923 -748
-1384 744
-1546 514
-130 -63
-413 1593
627 1848
204 494
30 1953
-1448 1990
-1651 -828
-538 -440
-1677 932
-1151 -823
1412 1701
-668 471
-1947 -214
-426 -327
-1568 205
-1596 -234
42 431
-213 1854
262 1674
-1438 1632
-1169 1228
-1874 1089
-1777 1138
-1292 1272
-1932 -389
-749 968
-1686 1116
-1810 1349
-343 -186
-1061 1416
-1904 -712
-1151 1098
-894 -13
-1696 681
1041 1667
1408 1516
-1854 -703
-947 1468
-1312 164
-1971 1676
-993 1888
-1711 680
-742 698
-1286 991
-1604 -1044
-1167 31
-1365 -1346
-364 850
1311 1319
-1632 -1150
-874 -32
1646 1835
615 1705
-13 1025
-98 1472
-305 -215
-1868 -432
-731 1233
-839 1288
713 811
-1979 -820
-497 1866
-1275 149
-628 -453
967 1017
-1565 1811
-1450 -464
-158 769
649 1892
765 1401
-1501 -1013
-1493 -1136
-1939 -143
-1347 686
-1864 -1340
-365 595
-1748 184
-1882 381
-881 -505
-360 434
-124 1715
-1106 -903
-701 -379
645 648
-757 400
-1911 -1580
-500 486
-1798 408
977 1069
-1915 -916
73 382
-765 1292
-1716 -1523
-822 982
-1424 -12
-1277 1752
-1487 432
-1179 1624
-1125 -300
-313 -26
-1778 478
-1982 337
-1908 -1566
-809 -95
-277 1872
-1680 -1564
-1270 -1036
-7 1080
-1050 1674
-627 634
-1861 -713
138 190
-1075 1048
699 961
-1254 1077
-1606 -841
532 1622
779 1060
-590 1138
-780 -657
-1819 -1496
-1373 -446
-1085 938
-1475 -37
151 630
380 1664
196 713
861 1372
-732 -122
92 682
496 750
-1728 -774
1110 1356
-393 1979
-1695 -1509
-1682 531
-376 880
-1535 -1243
-1651 1262
-1925 1438
-1230 1538
-1154 -304
-1077 -534
-808 -621
-512 1826
-218 1928
-919 1465
-153 631
-134 -53
-1362 -285
-1809 -710
1434 1538
-1763 -1531
112 914
-1765 756
-713 924
718 1863
-1970 499
-1668 -185
-1653 1221
-868 -84
-1116 -978
714 1710
1321 1526
-1995 -761
-1860 -193
-1558 337
470 959
-1615 -578
-1603 -567
-937 -895
-1608 -67
-1685 -1541
-821 1634
-1400 -1369
831 1110
32 516
844 1918
-1971 1235
1093 1325
747 1394
-1250 1655
-499 -112
-460 436
-543 -430
-1853 -1670
505 962
-1860 1692
-1325 1071
-673 308
-1940 -457
-1316 -235
-765 11
-822 1813
-732 698
-779 492
-1710 194
-984 -721
1664 1790
-898 -40
1112 1630
-1736 -381
-939 1946
-916 -551
-1817 1227
-210 345
-1562 69
-461 1849
-1401 1005
-1562 -488
-1255 109
-879 1240
-1195 86
190 213
-1340 -822
263 728
226 1292
-1588 135
-66 514
-466 1655
-2000 -959
956 1426
-1134 -37
-1982 -1670
589 1070
-1330 377
-1609 921
-71 434
-1984 273
1170 1489
-342 1539
-1895 -1117
-1201 -850
-428 421
-882 398
-1856 -259
-1030 305
-1578 -1564
-1309 160
-1740 -223
-1388 134
-1484 698
-1448 233
241 1390
705 1401
-525 -84
-605 -505
-1827 -823
-1648 -116
-129 25
-121 206
-1203 1148
-1469 1268
-1049 630
-478 1255
-1654 427
1048 1389
-1861 298
-1050 1449
-275 1830
1697 1910
-756 890
-1415 768
-407 601
-1304 1199
-1474 -521
322 984
432 1311
-827 -232
-212 1400
-1981 -1699
629 1211
-1680 1652
-1878 1389
-1399 898
461 1883
-882 643
-1702 -1343
-1181 374
-1435 1587
-1117 -765
-309 1128
-1137 -514
572 1809
-1394 361
-1613 -1061
-759 1136
-1195 851
-1269 871
-659 -640
-258 529
-1856 -203
-950 27
-890 1168
-1574 -43
-170 450
-1537 1966
-1181 961
-722 -683
-1399 1434
167 811
-505 1322
-1012 -960
-708 1306
-1322 732
-545 -25
-1912 1027
-1850 -229
-1369 731
-1473 1118
52 1402
-250 334
-1650 1129
-1043 1961
1216 1222
-1720 1235
-1509 1654
-1643 887
-99 -51
-1002 -452
-1703 -997
-1010 -842
-1556 -1313
-323 1101
-1248 -63
-1650 1997
-748 -745
-1927 -452
-977 1953
-1197 153
510 1326
662 1791
752 1024
866 1828
161 1289
107 1679
505 1146
-1803 1271
-396 -332
225 1155
451 1117
-1226 1550
-1928 -1201
-1693 1277
-1458 550
-1660 1472
-664 1621
-954 1506
-1250 1833
-1159 465
841 1966
-251 225
-299 637
1262 1754
112 472
-1361 -1212
-1398 -238
-382 150
-1367 6
-1531 1119
-1934 965
-1701 -435
-491 966
219 1895
127 785
-1233 744
91 1118
607 1746
-140 415
-1419 597
-1922 -1392
-411 634
-266 76
-1295 614
-1985 492
-47 1817
-56 286
-1782 392
-55 348
-1077 -1051
634 1773
-109 595
-1819 1018
-743 1192
-1625 -1362
-1184 477
-510 1975
-283 1041
-1793 -50
-529 -272
124 458
-279 754
-1676 -1259
-1724 560
93 838
1656 1710
-1543 1255
-1884 -1119
-1751 -1446
-1439 -1312
-842 1860
-315 1176
-1288 1957
1040 1463
-434 1450
-1075 375
-1077 -266
-1765 1615
-1877 -274
-465 469
-1936 -65
-1804 615
150 1013
-1119 148
-422 1836
-1455 -214
67 612
-208 491
31 179
-1139 -174
-766 -294
344 543
-536 -42
-1293 1455
-1309 1037
-908 -307
1260 1845
-652 1521
-1913 1269
-1922 1112
-1157 1433
45 175
578 1329
86 741
1038 1309
-1342 -851
522 557
-1165 1226
-847 1047
-1679 -755
190 1585
-1671 -1375
-351 -307
-1787 -1603
-754 152
940 995
1161 1338
-655 265
-1659 246
-1983 -1485
-1685 -1180
1083 1288
372 1652
-510 1426
-12 1320
-1546 1458
217 381
-20 347
275 1107
-850 432
-1612 1903
404 1240
-1714 -455
1046 1546
-1684 548
-1144 1817
-1693 404
551 1381
-895 1720
-739 894
-955 41
-1069 -54
-621 1280
-97 1246
-616 -79
-741 338
-1394 1686
-1621 1207
1350 1438
-9 689
-2000 -996
529 1566
-633 758
-208 690
-173 1291
-1650 -540
-1850 -1848
-1548 1828
