2000 2000
-875 -842
-1441 -376
-1632 1134
-444 1908
-548 241
74 862
298 1579
475 1887
-951 1228
-1148 -310
-882 1825
-1406 79
-314 1586
-1891 332
-1175 -220
238 527
-1869 -1299
318 1142
473 874
-310 901
120 1330
1117 1436
-996 -676
-1994 1422
-1616 -1446
-965 495
-1251 817
-1509 -597
-1168 686
-999 93
-1187 1023
-1760 -652
-1731 1821
-1564 -1355
-961 1708
-1558 99
-892 1391
-1102 -51
-1701 1731
719 761
1046 1787
-1733 -15
-916 -128
-1470 -587
-1730 -1467
325 1220
-1085 1357
-674 -571
-715 -245
47 1821
-894 1625
-1382 1053
-1778 -262
-1953 1876
1573 1878
-1281 -625
-1807 1579
-1667 19
-1722 -1147
-834 658
-1575 534
427 1085
964 1911
223 1119
-1542 -1125
-1532 1961
-1058 1943
-1419 1159
-1536 1057
1227 1927
-522 586
-517 -132
1048 1292
-883 903
-1449 1866
-1023 151
-1693 -99
-106 1299
-1813 -1157
1461 1614
-551 -419
45 464
-977 758
-35 765
-1161 -337
724 1227
-1860 956
-191 216
-925 1446
-958 259
-1131 270
-502 853
-338 -217
1013 1382
-262 67
-1561 1190
845 1157
13 151
-67 1990
-1367 -502
-367 1216
-1233 1819
-185 789
-313 1442
1720 1807
560 1751
-841 242
-856 818
-458 -423
-736 931
-560 574
-1683 1560
-1987 -1570
311 1946
-1332 -887
833 1174
171 1335
-137 1920
161 1750
-438 841
-1593 -965
-1771 315
-1667 288
-1919 113
-323 1182
-279 400
-1976 1626
-460 1181
-601 1324
-1374 774
-893 -695
-1241 -32
-979 363
-1776 1328
-1495 1348
-342 381
580 660
-120 628
-235 719
-1996 489
1048 1435
-1668 764
-12 421
1903 1966
-1523 174
-1797 972
-1155 685
-1617 -1325
1447 1707
212 1406
131 1685
343 769
-1239 -457
-543 665
-42 1009
-1820 314
250 1025
-811 912
-1517 739
-205 137
-1916 -694
-268 1368
-764 404
1908 1997
-1887 -676
485 1600
1255 1402
-899 1000
-1099 1626
-835 754
-498 -459
-1564 1437
899 910
851 1563
-1341 -741
-83 503
-709 645
-1438 1425
692 782
-1241 -803
1555 1771
-1697 1111
-721 -203
-858 -240
-360 760
-145 601
-1055 764
-58 868
277 287
-110 1578
-1978 776
-1997 -887
-1209 -1200
-593 1575
-1281 1293
1069 1557
-783 126
-1888 1778
-1789 1064
-981 1438
-515 1484
8 759
-1499 1417
-880 569
-1497 142
-485 831
-701 693
-265 644
-909 951
-1970 -920
-1384 -8
-117 1568
-731 333
-1768 -1116
-724 -588
-1188 221
-1999 125
1021 1473
-750 1619
-1970 -727
-767 -62
866 1045
-1145 1702
-706 659
-889 1338
-1772 1227
-1618 543
-294 121
-965 433
-1916 -868
-1542 -1202
947 1637
-1784 442
-1857 -172
-1653 1173
-1167 105
-323 376
-1426 -773
-1622 520
-515 103
513 1773
1231 1877
-1674 1952
889 1659
-1990 -1962
-789 1768
-1368 1754
-1272 300
580 1755
969 1279
-1392 781
505 633
-1836 822
1413 1862
-1553 -379
-1295 -1042
-1600 -296
-1136 349
-1086 150
-1480 -1268
-1530 1241
-1080 938
-1875 1017
461 1780
-1554 -540
-261 1052
246 980
-1820 1685
-1320 -712
-43 1821
1289 1659
-206 1920
716 1105
-1239 823
-1630 -720
961 1034
-1276 1207
-1547 -825
-1441 1486
-84 759
-1870 222
-1307 874
-1816 620
-1707 -10
-1400 744
915 1674
555 888
-1022 -147
248 307
-144 1308
-69 362
-330 1639
-1749 120
-1165 805
-502 976
1223 1926
-1996 -189
-1792 1328
-1970 -1609
1464 1678
620 757
-369 855
-1254 393
-895 1961
-1648 497
-678 -276
334 1917
-391 -54
-60 381
-1581 -1496
-1915 -202
-1926 -656
-1771 -1048
-1656 1563
-1297 1170
-812 1239
-325 937
-533 -430
-832 -381
-121 311
-1844 -1174
122 1451
808 1274
-85 1583
-1843 167
-1025 -605
-757 1933
647 713
22 1334
-708 187
842 1797
-997 520
-1833 1707
-902 775
1754 1915
1788 1830
-726 1076
-1811 -210
-1996 -908
-527 1224
-1640 -1630
-1479 522
-1168 96
-1153 1475
-1899 1498
-1956 -1457
-1471 593
-1308 -978
369 1875
-1966 212
-1659 -203
948 1318
-528 1626
425 1316
-1419 1180
-1681 1373
-914 448
-936 1823
-785 -297
-1931 1663
-316 794
1402 1992
13 822
-1829 849
299 474
-1276 -208
-391 -20
1243 1739
-462 -117
-1122 1786
1207 1946
-594 980
1055 1400
-1047 383
-433 71
-99 1574
-1896 -650
-1285 1037
184 1695
-1782 1684
-142 1815
1519 1552
-964 -194
1366 1400
-855 -404
-1143 -305
-1818 -1031
-1905 -1427
-16 1300
1050 1211
-1369 592
-1804 1811
-1400 573
240 826
-1674 967
-861 903
-1696 -1449
677 1467
-593 1019
233 1420
532 1345
-1082 1963
-1601 1874
-1604 -152
-1399 -491
1214 1766
-932 974
-1166 477
-517 674
669 711
-752 1045
-446 1467
1087 1181
293 1603
-1594 -809
-121 223
-801 1634
-530 1625
-1631 889
382 1692
-1713 -1154
-516 43
-1495 263
-1619 978
-1689 -177
-1876 549
-1854 -1094
140 1232
433 488
-1870 898
-1634 -95
1342 1505
1500 1590
-808 1211
410 1958
-1844 853
-128 133
-534 1440
-884 970
-179 1885
-474 -371
638 1634
-151 1164
1611 1988
-1817 614
-1274 1438
-771 33
-1244 -867
-886 77
1794 1878
-1706 799
1657 1945
218 764
-1081 887
-778 1622
-350 1163
-1562 -924
439 1985
485 961
337 1605
-866 69
-1406 1047
-1238 -1073
-704 1960
-1830 -146
-724 1230
-1232 1482
-1604 -124
-1397 -17
888 925
-109 1308
-461 1979
-1054 -926
-29 1286
406 1503
-1988 -536
620 833
-1438 -312
565 1282
-10 241
-1234 -438
1074 1453
1381 1894
345 1008
-768 -213
56 1015
-932 758
-1776 -1723
-1419 -255
-190 642
-1531 1464
-713 1415
30 934
-253 405
-1743 -632
-1253 1215
-1649 -1387
-1620 259
-1736 426
319 1170
-322 410
-33 323
819 1904
-208 427
-714 1686
-1712 110
-713 -703
-702 -385
1069 1407
-1013 778
-1940 -1734
547 1851
-1324 1
740 1605
-823 426
-1596 -667
-469 438
364 733
-1717 1964
990 1241
-50 1744
-414 194
-713 1289
-1975 -1194
-1023 1081
1686 1895
-732 -50
156 1098
-1960 -1927
392 1719
362 1140
-1690 -614
-170 1345
-1600 695
-5 1335
-524 711
1641 1983
-1701 791
-373 30
694 1770
-1099 45
210 331
-870 584
80 1928
-1553 1435
-465 1763
-16 1162
-1047 85
-1834 -73
320 1970
-221 823
-1258 -1048
-1172 -937
-1426 849
242 549
-1832 -1438
-1143 -4
-1792 -736
-681 1926
-1316 -716
-502 1132
-1735 -888
-651 383
-494 55
519 829
-57 1464
-509 -136
948 990
-685 -566
-1269 -499
1113 1436
-1663 -1320
-1822 167
-1535 -1469
-187 1579
-400 333
-1537 -863
-1856 1259
-79 433
495 516
-1557 1040
785 1505
-931 -525
-1572 -38
544 608
-192 -107
-1770 215
-1901 -76
-1595 -1357
-1715 -583
-1196 324
-1353 841
-1094 156
1482 1941
-1315 1635
-1987 -1048
-651 1826
-930 585
-275 1926
-816 1098
-68 1274
-1810 418
-821 194
-1630 -867
920 1874
-1178 685
-1955 -1010
-1780 1022
-1002 1361
-1613 -563
448 1329
-1750 1819
-987 -463
-1091 1412
-1786 177
-821 876
-976 -128
-1150 -309
-1008 1868
-1654 890
-682 141
-948 599
-1691 468
-363 1531
-1255 696
-1704 -1225
-1414 -294
-591 794
-1489 -701
-1051 654
-897 1237
-1440 753
-1476 -1317
-889 -60
-1007 1810
-1452 -1307
-802 173
-1576 269
1614 1950
-259 1129
-643 -453
-582 589
1343 1608
-1321 -148
336 824
-109 371
-1118 -245
880 1283
249 1918
204 1020
527 1274
-1635 -682
-1625 -1257
-1963 -1206
-284 218
-346 -75
-1668 1897
-182 158
-1582 819
-1356 1043
-289 897
-1670 184
-791 -714
-1948 -82
-387 1321
114 1773
-1108 99
21 1781
-788 1168
-1894 210
-1200 1403
-711 277
-246 387
12 822
-817 1025
-917 1825
-242 783
764 1524
1226 1348
-430 589
1219 1724
-1206 -924
-7 515
1346 1760
-1874 -574
-465 207
-1768 481
-1174 1402
-654 -258
-53 1965
-1664 -1478
-1605 -829
-1869 -81
128 305
961 1725
-1225 -62
-1375 401
-1574 -676
799 1247
-652 1655
-1132 -409
-1455 -1140
-19 -9
-1906 1894
-1065 -112
-666 577
-1796 661
-674 -494
1436 1879
-1749 -1144
1236 1779
-586 -482
-1187 1617
-873 1279
-1992 -598
-278 1281
-628 1779
-1477 1074
96 1089
1443 1600
-905 1277
-29 1825
-274 1155
-722 1060
-78 1054
-46 943
-1300 437
-708 -95
-369 278
259 614
305 1871
-1094 886
1113 1179
-1395 -1050
-271 797
-1572 -518
55 1435
-416 1786
-1987 -1395
-1431 1213
-1937 -1713
-1553 969
-1929 1052
-1964 -317
-1618 -652
-952 128
-907 826
-745 792
-1683 1904
-83 578
-1905 -1667
-989 1779
194 1106
-75 1579
-1834 691
-1779 -1262
-1760 161
-479 -49
-1986 791
-946 1828
-1715 -591
-1552 1042
-714 1085
-1012 920
-99 1803
78 254
820 1781
-1458 -1120
1596 1666
-251 1357
-250 1902
735 830
454 925
-1776 -1274
-1955 -55
32 140
-1031 -352
-648 246
-903 1317
-417 -73
-801 -339
-191 403
-1680 -827
468 866
-1164 1146
-1395 -107
81 1754
213 1281
-1105 1310
824 1063
-190 174
509 613
-48 1398
-1364 -1266
290 559
-1643 1404
-1609 1961
-737 -120
-551 990
-407 394
-1096 -387
-1593 235
-270 1361
-1002 188
-409 1540
-1925 443
-1848 -1422
-825 1343
-387 1696
-727 1412
-441 802
-915 917
-1513 -1394
-1111 -947
-1752 -555
-1179 151
-1110 -637
1038 1106
94 1182
-1417 60
-740 1264
-1921 -185
-1430 -434
-1772 -106
-1401 -445
-1841 1109
-783 584
-1539 822
615 1763
-1578 -1346
-1118 87
-1358 139
-1448 -1376
-1870 211
503 1882
606 1423
-87 1196
1314 1448
433 1492
259 1731
1087 1493
-1940 362
-302 986
-1343 1973
-595 1207
-615 627
-365 518
-1747 -988
-181 831
-1836 1524
-8 1647
-1848 -912
622 1116
-674 -134
107 1724
-20 1527
-1052 1692
1090 1561
-1745 -135
-727 710
80 1583
-1534 575
-858 831
-442 535
-668 1343
-725 -77
-1953 -1103
1044 1165
-1890 -261
88 1198
-785 -725
-583 1444
-1895 1839
-1887 -297
208 307
-1112 -295
865 1317
-1347 1855
381 1732
-1621 1666
934 1813
-1753 -586
-1520 1522
-678 246
-857 1848
-1924 648
-547 1834
1684 1806
6 1206
-841 1490
-840 930
-143 594
-1304 90
-1477 1560
-1944 300
-1119 -381
-1579 617
-1574 450
-1985 754
-1562 -290
-35 520
872 1265
-907 1407
-1713 1994
1450 1975
-1186 1090
-1582 1543
606 1053
-1906 315
-1558 -670
99 115
-1674 1184
-794 -415
-1553 -497
-694 456
-604 1122
-1010 1398
-1123 185
-1142 425
560 1739
-1937 -597
-923 1545
160 1497
-1224 779
-1960 -587
-1708 -49
-1438 214
-686 962
1376 1959
-1053 -702
466 888
560 890
-1193 899
-673 356
-1477 -269
-1342 534
1012 1921
-1777 1357
679 1064
-611 480
-40 251
-1323 903
-1813 313
-367 1467
-1323 1324
-1380 249
-483 1221
-1463 23
1539 1596
-1956 -672
-1355 -394
-266 1903
1244 1332
-1649 -142
-531 1232
-54 570
-1019 461
-1267 -856
-559 41
1066 1633
688 1875
-1031 1311
-1437 588
-1338 903
797 1539
-1269 302
1018 1698
-51 1121
-1244 62
819 936
281 1508
-311 -250
1576 1753
-1376 1708
-1377 -501
-1456 -25
-597 1076
-249 489
-1623 -1195
-1042 412
-1952 387
-1954 276
-983 995
-105 1169
-1046 1121
798 859
-464 1832
474 1542
-208 -99
-1350 806
-85 1970
-866 141
-516 -51
-1018 1843
249 1203
-1235 1345
-186 1025
-410 1231
-320 1687
-1273 -1127
-1810 1932
203 1747
735 1118
1313 1825
-1738 1480
-868 -188
-1450 1517
919 1412
-1269 377
-1457 496
-1210 161
-635 1550
1044 1966
-1852 -414
539 1824
-1636 507
-1613 1854
-121 305
-1304 -520
-1136 862
-947 326
-648 1784
152 1486
-1824 548
-1219 -744
-164 1315
-1771 516
-1293 1028
-1264 -103
-879 -878
709 1940
-1573 1332
-1424 539
-1668 1054
-1590 481
-142 339
-977 185
-1026 -105
-1491 -1242
178 371
320 717
364 766
388 994
-1767 -156
-608 1444
1811 1905
-133 319
297 1735
-884 1466
-1944 -1892
-1864 -1782
1270 1895
-1552 1579
-64 386
-1566 436
-1993 -425
-830 845
-86 1753
-710 797
1217 1968
-331 -223
1549 1910
-1530 -769
456 495
-1370 1213
-208 429
-491 -8
-1656 1558
-776 1280
-390 1020
-824 1910
-1818 493
1896 1910
263 1526
-973 1411
-940 20
-1846 807
905 1867
113 1489
-1658 1647
-1273 1496
-526 852
-417 1753
1269 1991
1752 1762
362 645
-991 212
-891 77
-1935 -1363
-1113 -313
75 721
274 863
-1074 -923
-1221 -457
89 1522
-1265 -827
4 1490
968 1236
-1077 -414
-1863 1434
-488 -377
-1262 -220
-1833 -1287
304 1873
-771 1012
-78 1399
502 1296
-1677 -353
-1408 1262
306 893
-1464 1894
-104 1697
-1778 -1364
752 1918
-167 1118
-1938 -1618
-475 839
-1203 1374
-767 -311
-370 44
-1129 -355
-1116 835
1313 1596
1117 1649
1347 1426
1259 1856
-1639 974
-1320 231
-1772 -457
-1690 -554
-972 1096
187 217
-603 -395
-666 133
-1611 -1397
82 1389
-981 57
-489 1668
-764 549
-407 -261
1153 1839
-1437 -1289
1840 1985
-277 941
-44 676
-1898 1932
-932 1809
-243 982
-68 984
601 1080
-1393 -226
757 1343
1050 1266
-657 1059
-446 1611
-1205 446
-1462 718
1283 1331
1404 1677
975 1614
-1831 -519
-1921 -350
657 1643
-1951 -351
-106 578
-1606 1441
-1653 1204
-521 -128
-873 1381
-276 295
-220 1033
-1822 -1773
-248 1676
-987 418
-367 1678
-948 532
-1397 -565
130 1730
-1065 1456
-738 976
-1032 -223
-1800 1467
-1800 1548
-959 1733
-968 707
531 1469
-696 1579
-736 -7
-1993 -130
617 917
-1873 -1043
-683 -205
890 923
-1037 1824
-1633 42
-1876 1339
266 1080
-785 1741
-64 784
-1891 1787
-1893 1217
-1636 -987
424 536
1537 1548
-909 650
-482 1518
-1243 -1128
1518 1598
-608 305
-1591 -1418
-1720 1494
-443 682
-765 71
-711 -371
-1969 -1723
572 1981
-1960 -1666
-1683 1740
-1990 1813
-1372 1368
-1162 315
-1147 -985
-1218 1300
59 860
-226 1117
-1846 186
-1385 -94
-612 1599
524 1451
-1935 590
-216 1031
-1134 1278
-1827 -820
-1494 -256
-554 608
192 1156
-1237 914
620 1731
-451 -391
-1081 -552
-348 1231
-1025 131
-1138 1256
1059 1522
-242 1218
417 1629
-44 1314
-832 1289
136 647
-656 1677
-1084 -371
-1425 -1032
-1384 -1084
-1300 632
-768 391
941 1378
206 612
-2000 -1620
-679 488
-832 -736
-1445 -62
628 1064
-1650 -1145
-997 1967
-1453 -195
-480 816
-268 -87
-156 746
-1797 -697
1783 1976
-158 1401
-1485 -410
-1789 510
-1981 -202
-1534 -1458
-1880 732
926 1000
-822 1808
-396 -312
-1091 1187
-1180 1511
-1692 1475
-709 290
-1883 -1320
-700 -350
361 1737
1521 1840
-1816 -454
-1433 -201
1754 1891
-1916 -824
-445 709
-1757 1440
692 1720
-660 -411
-722 1363
-27 986
-973 1919
1408 1766
-1643 1302
-1774 -517
-598 753
-1844 1215
95 396
-1685 439
-399 1951
-1776 1896
-228 1291
-1939 600
-1985 1244
-1230 -903
-10 723
-991 1207
-338 502
-65 1463
-1793 -1369
153 1122
-220 1597
-396 875
72 1798
1364 1723
233 465
-717 -404
-1707 1095
-1935 -1057
-1708 -1475
-1957 914
-700 834
-678 1453
-1789 1036
-914 1850
-1909 1822
-1306 1233
-1283 -1178
-182 508
-1759 362
155 1031
-383 -283
-627 581
-1576 -180
-702 783
-1316 1223
-1875 558
995 1398
-958 -871
-1708 -1402
-1014 -825
-719 1038
-1682 1990
-915 1753
1334 1698
-678 1827
1032 1711
-1317 990
-907 1621
-1899 782
-1880 -33
-1578 1414
261 328
-1688 -767
-1113 146
-1387 1032
-1992 -1172
1167 1785
793 1099
-1921 1085
-1044 1942
-1870 88
-422 656
1347 1926
-512 345
-1100 1205
-500 709
-1570 -358
-584 598
-465 1270
-1729 -436
-627 328
-406 399
-1733 -301
-1898 -1720
-1774 1220
97 1066
-1632 600
-1012 1805
-1312 -5
-1655 1192
-387 1288
-267 -154
-200 1485
-546 -33
-944 -812
-515 1379
-1437 -968
393 1283
-654 1449
-1371 1674
-1931 -1926
-1950 94
-415 1617
-807 422
-1320 -492
1211 1520
59 986
-779 -5
247 1568
442 671
276 910
-947 1267
-506 447
-1375 -374
-1710 1323
182 1535
-668 1621
1156 1774
-1829 320
246 299
900 1360
-1000 1012
497 1261
-500 296
-1286 -1061
-1172 -370
-1055 1421
-591 557
-1911 1386
-46 1196
-1625 1235
-863 242
-905 -311
-1347 -547
44 1557
-1535 1745
-1537 -266
1048 1129
-1747 1388
361 1930
-1950 -94
-433 57
-1556 1940
867 921
-1066 -587
-1165 1659
-1147 1018
-1603 -570
573 986
1017 1708
-7 761
-1385 1175
-802 935
-822 1558
146 219
-1134 -380
-1184 489
-1733 1165
802 1366
551 1576
-1415 -356
-798 18
-377 1084
-865 1101
-1524 1468
1276 1606
-1540 1988
-596 853
-1630 1390
-1922 230
-1849 1535
-1036 158
-756 1502
-1347 -131
-739 1372
395 1482
-1793 -155
-69 1316
-601 983
-1664 -1503
-970 -736
-833 1604
-813 1583
576 693
1135 1652
-898 200
-546 224
-523 1097
-1861 -487
1481 1674
-569 700
-15 284
-1981 -1053
-331 1414
-1509 1565
-129 558
-654 -518
-1187 847
65 592
1207 1716
-454 1407
-1342 253
-1174 1452
-1743 969
-208 66
-454 -70
-681 873
-1774 1249
-1229 224
-1028 1332
-1294 -1271
-1558 1669
-1511 389
-932 -898
-173 1331
-921 303
442 822
973 1516
-1519 945
-573 -529
-1793 -1623
968 1324
1715 1763
-83 1794
361 843
-500 1638
913 1260
-1812 -51
745 1457
286 1158
675 1506
-1707 510
-642 1089
663 1139
-1233 863
664 1534
-324 135
-222 511
-860 932
91 1610
-1682 -1199
-1212 1420
-955 924
-1552 -58
-913 1040
-1048 1867
197 912
-1433 68
-230 1985
-1603 -817
-803 -719
1269 1997
-942 1719
-456 1674
-1628 498
872 1313
-504 1177
-987 256
-1617 -1300
-1803 200
-1247 109
200 438
-1189 841
54 1504
-1301 -107
-1684 1118
-710 1098
328 1178
673 1434
340 1894
1133 1485
-1506 -1178
-516 1900
-1040 372
-593 1571
-1576 1093
-879 1819
-641 1687
-972 -168
-1583 -490
-338 1910
-388 287
-1616 -1369
-611 506
-1644 1332
-1509 -1197
-1742 816
-242 1801
-1911 -1615
-1159 665
-1894 1628
-1320 -582
-1637 -1479
-1775 -1180
1475 1755
-400 859
-815 613
-1207 -527
101 823
1621 1757
-295 1511
-1745 822
241 1779
-691 736
274 1814
1282 1327
122 183
-12 225
-1777 582
-1911 -1793
-511 -309
-1432 751
-1527 386
1396 1943
-498 734
-329 1394
-464 281
-352 298
-1889 614
-1627 -509
194 1637
1129 1405
-1922 -710
1086 1935
-1432 112
-106 1813
644 1649
-141 1949
-324 -127
1515 1704
901 1231
-1914 -1896
-1985 1838
-1338 1710
890 1672
-596 1842
862 1286
-1608 1604
-1359 -449
109 1884
-1744 -1184
-11 42
-415 623
-1690 1035
-1590 488
-799 -367
-270 87
-326 -273
95 115
-1426 135
-1377 -1073
-775 -611
-744 1358
-1283 1008
-1971 -1736
-1794 -61
-1524 -1135
-1127 -488
-1102 479
-976 -681
-865 775
-398 1339
-546 1480
-1399 1029
-803 1671
-162 987
864 889
1659 1992
-1876 -1568
-931 -730
-1492 1677
259 1587
-595 1948
443 1685
-1940 786
131 479
381 1916
-1701 -253
-520 20
1038 1043
726 1125
-241 138
-1679 347
-996 -340
-428 -195
-371 -278
-1511 1868
-1763 552
-431 376
-1463 1605
-1332 -356
-519 -259
-1102 1935
-1483 -517
-1937 -1531
-447 420
-1489 -1010
-883 1991
-1891 -537
-1533 1274
-831 965
-710 1513
-366 1893
-946 1354
-1950 1909
-1636 -1179
237 995
462 691
-1921 -1269
237 684
-1918 510
-669 1025
835 1927
-1548 213
-1280 1085
-38 479
-1895 946
-1604 -578
102 1745
575 1523
40 1005
770 1838
626 1184
-39 1812
-1440 497
-906 -422
-1111 -867
1486 1656
-1226 -210
-1365 1763
-1936 1183
-1817 7
-1596 -774
-984 382
-1791 -901
-1347 1492
-1430 992
-1902 1589
-483 -213
80 355
-26 794
-1868 1218
-446 1057
-709 1828
-162 862
-39 421
1154 1336
-1744 1081
-817 919
-1334 1514
-706 -529
-1004 60
-887 -620
-1581 -677
-1414 -709
-1391 1848
-1919 -1341
-1029 -997
-1139 961
-143 1884
-1164 -838
41 60
126 303
-1446 1726
-915 1137
-1708 -429
-1346 855
-1462 -833
-935 114
-1228 1182
-100 322
25 1664
-928 -134
-1284 -349
-89 375
-655 997
-77 2000
-1663 30
-1616 65
-906 996
-1382 814
-1391 982
-1367 -613
-340 1273
-1955 -1830
-548 1550
-334 1823
292 1342
636 1294
-849 906
209 1569
-1840 1584
-447 -10
-1679 1955
129 1282
-1096 1156
779 1048
-441 91
-1777 -1240
-733 -494
-732 1469
-1704 1370
-717 544
-840 826
-1882 -100
-433 1861
-1646 1951
-1518 879
1452 1650
-998 523
525 1330
-1724 1776
1639 1755
-1472 1149
-945 252
1073 1981
1392 1908
-1546 -1099
-1308 1865
1072 1372
413 838
-883 1028
-1653 1080
281 463
-799 193
-1448 152
-1685 257
-1573 195
-644 -504
-1189 689
529 1707
-1922 -369
-1631 -724
-1917 -694
-756 1222
-432 585
769 1443
576 1146
-429 721
-1889 -939
-111 1277
-1790 -1431
-1882 60
-1229 636
-989 170
-385 1586
-842 218
435 1553
-155 1524
-698 529
-756 1779
-862 1293
-824 -454
-1727 -270
-1478 1360
-1223 56
-1346 747
-1861 -416
1431 1664
225 1875
-1933 -387
-724 475
-1523 679
1069 1554
-1471 -911
349 1794
-1801 1826
-1757 -907
638 686
-1965 1899
-191 1521
-1278 789
302 412
725 939
-925 1328
384 1726
-618 1742
-343 1347
-838 -339
-765 1910
-1157 1975
-1404 956
-1339 747
-1780 -938
294 897
-1168 832
-571 1919
146 431
-1940 983
-677 45
-305 1211
-422 1262
-494 -369
-1803 1797
-1552 -1327
-1364 840
-669 1252
-1067 104
41 1893
553 1624
-1042 1163
123 215
-754 1831
218 466
-994 -727
-971 718
-1846 1017
-1660 -926
-1874 -1396
806 1506
-642 319
-210 1207
-136 686
-1259 861
-1354 -1168
528 1390
792 886
-1628 -1135
-1834 -1156
-1600 -1220
-1233 462
50 1098
-1143 657
-1309 74
-1631 266
-434 201
439 1786
257 1988
-1131 625
-1304 638
-1472 -191
-291 1858
-1354 -78
-521 288
-1360 800
1416 1646
-841 1444
722 1755
-882 1099
1424 1840
-1572 -374
-130 1877
-962 1046
-1971 -953
-1902 1344
-595 1925
-1719 -52
427 1319
-1991 -1309
-1811 553
-1420 1491
-186 1008
-1904 -139
-875 422
-189 674
-1975 890
-1475 -1039
1232 1455
-17 552
-284 1273
-172 -15
338 1488
-884 -112
-759 1809
-944 -703
1376 1988
559 1732
-821 964
551 1344
-1647 277
-1588 -739
889 1210
-1848 758
-1622 1340
-1944 528
82 615
-1494 -1110
-1816 -66
-1114 -250
1359 1424
-1451 -1422
1159 1333
-407 75
-730 1537
-548 856
-1807 -1010
-672 1651
-1663 -1312
-1378 -772
-1502 1838
342 640
337 585
-1718 1692
-336 1360
-1860 -48
-206 989
675 1258
-16 865
-1534 -1137
-981 1021
-1395 635
-136 888
-1425 -81
