2000 2000
-1450 -389
-1359 521
-1907 866
-440 167
-784 1288
-1387 33
-814 19
-1969 505
-1866 708
-1587 645
-613 1211
-1064 54
-1843 1535
-990 701
-681 888
-73 440
-114 1465
-567 411
-338 732
-1725 477
-138 722
-1741 1498
-1930 1413
-1412 1564
-1049 991
-1749 1471
-688 867
-1800 1090
-473 1618
-1183 323
-1093 891
-1124 118
-76 198
-1906 210
-292 560
-1561 887
-1941 1172
-410 1201
-1149 455
-369 1586
-737 763
-1808 1153
-1237 695
-103 735
-1090 74
-1302 1037
-991 1150
-291 548
-161 733
-769 1721
-238 919
-145 1782
-163 1555
-238 1645
-1357 368
-1769 521
-1856 348
-551 1701
-1727 646
-342 440
-1265 1937
-1191 1719
-1935 538
-1201 1523
-310 1546
-1762 1694
-510 1514
-1761 692
-938 300
-1783 959
-1395 1692
-359 328
-275 918
-493 912
-1223 1531
-849 1827
-1591 752
-6 625
-2000 997
-235 701
-917 1063
-18 441
-375 1796
-63 1137
-962 1750
-1870 655
-714 55
-1334 1618
-1146 1095
-677 728
-612 590
-1260 534
-964 142
-492 1763
-1042 1117
-781 15
-807 416
-901 1306
-850 147
-1825 1625
-1038 711
-1754 907
-835 1540
-1937 806
-5 1517
-1872 405
-1227 1055
-213 714
-1611 210
-630 349
-134 929
-569 1235
-1909 1393
-199 1571
-371 472
-292 1202
-169 88
-728 943
-151 803
-1443 604
-1543 550
-394 422
-36 1035
-367 232
-1502 980
-835 80
-339 1932
-821 1702
-1486 302
-781 437
-678 1793
-1729 437
-1412 1711
-882 1200
-821 1914
-65 606
-408 1829
-1728 1072
-1540 8
-268 1048
-353 1491
-531 279
-1121 257
-530 1699
-1949 295
-367 89
-908 824
-1909 655
-1417 768
-1644 23
-423 928
-1766 1217
-93 1697
-814 1040
-754 1998
-1142 1730
-1019 573
-574 1322
-126 451
-1058 19
-1206 782
-1856 29
-1910 429
-594 1848
-1794 1016
-1802 1587
-1075 211
-372 826
-1755 1738
-824 1247
-1092 88
-1354 1362
-1236 1178
-357 1424
-1552 856
-1922 1638
-462 1604
-1712 1827
-1425 1313
-292 515
-1970 1447
-1583 1871
-1508 720
-533 924
-336 1127
-442 126
-462 396
-1079 1327
-899 909
-695 559
-1531 1359
-434 596
-1872 1121
-601 1727
-1261 742
-1379 1855
-374 892
-1929 1916
-1981 1053
-979 992
-1889 1978
-777 312
-1548 3
-1757 406
-1238 1201
-1774 133
-987 1262
-457 1570
-1585 1278
-1167 875
-604 116
-1994 1416
-1056 1796
-682 65
-1982 1036
-865 621
-837 1017
-1229 1575
-66 492
-736 1794
-229 660
-404 1044
-1347 1091
-967 1239
-1341 52
-440 1300
-805 1001
-41 1380
-1354 860
-1905 1330
-1533 1726
-64 1289
-1724 129
-1972 1490
-1563 987
-1778 1395
-183 1438
-575 44
-393 1266
-1035 1573
-1223 1261
-1324 1853
-252 977
-1516 792
-1888 1618
-123 1510
-863 772
-1359 97
-1192 106
-853 146
-1832 1067
-660 1158
-1135 847
-392 203
-1900 1181
-1497 561
-1571 1300
-5 904
-717 846
-1915 1482
-5 1141
-1338 580
-1181 1095
-1369 1889
-128 720
-1427 1361
-475 482
-1064 288
-1359 1719
-774 1969
-307 1660
-513 1926
-501 952
-1646 57
-312 38
-230 1694
-1154 721
-1164 418
-1206 1956
-815 1434
-1270 1941
-542 97
-1703 1030
-1665 436
-417 1939
-1642 25
-10 395
-346 271
-1945 917
-1890 1024
-206 2
-186 1284
-191 1866
-1285 26
-1330 1210
-765 275
-1829 1785
-1430 1271
-1719 1708
-708 590
-680 18
-263 1127
-1365 480
-88 1692
-1974 1896
-1895 556
-704 1945
-111 606
-1931 608
-1834 68
-1275 615
-212 1180
-602 1433
-350 53
-1046 214
-966 1802
-1486 395
-19 1575
-1591 1067
-1150 813
-1564 632
-829 1157
-172 377
-233 819
-770 1644
-1654 1137
-1838 283
-1473 951
-516 1715
-517 1072
-1576 1506
-570 245
-482 743
-1984 1803
-380 535
-1137 1379
-1767 530
-1026 1006
-1320 1913
-1880 641
-1012 984
-1979 1611
-1330 1388
-1773 1499
-733 956
-724 1237
-1886 1287
-161 1213
-359 873
-835 1465
-806 756
-264 7
-737 986
-1113 1435
-1694 1434
-640 15
-1674 683
-50 971
-1066 1467
-1432 53
-1289 243
-955 1038
-1434 288
-1910 492
-406 684
-213 1797
-1876 373
-696 1518
-1839 778
-1207 495
-1902 19
-119 1566
-135 1597
-1078 1551
-877 1040
-1200 181
-100 394
-24 1430
-590 1830
-340 200
-676 1150
-1807 1846
-1432 1532
-480 1891
-1479 446
-1410 1015
-993 209
-1232 1434
-369 1768
-256 1436
-814 110
-1522 155
-122 1900
-322 342
-1346 282
-901 1163
-261 1702
-1516 1140
-848 853
-577 1148
-1959 943
-197 1219
-1404 115
-1735 271
-1911 613
-1530 1152
-59 1188
-1873 747
-1886 700
-1663 986
-479 91
-1816 1325
-1539 1964
-1993 348
-1817 1551
-515 373
-1087 421
-1352 870
-41 778
-1878 1065
-1871 1918
-349 1347
-301 327
-1342 564
-1305 978
-1154 154
-577 419
-285 1110
-1702 1348
-466 958
-1517 598
-1360 969
-775 1462
-455 583
-1398 812
-1959 1503
-1346 637
-817 414
-1905 1527
-696 950
-81 1725
-1067 692
-339 1452
-682 1127
-151 1782
-916 1755
-488 1827
-1569 330
-564 425
-159 719
-928 1083
-1179 5
-1816 1218
-1258 453
-1122 949
-1177 470
-1604 1256
-677 1309
-904 53
-1493 1485
-1470 646
-1122 1502
-1531 849
-800 1629
-1373 175
-889 1846
-1634 411
-1278 1458
-1674 1649
-1320 1808
-672 338
-1826 1440
-75 17
-88 1848
-1555 883
-500 219
-768 993
-1221 60
-1892 728
-1194 1968
-349 903
-1287 107
-1116 1983
-21 91
-885 540
-203 1017
-357 1683
-64 1050
-311 1327
-421 780
-1124 1105
-1158 1913
-506 742
-970 637
-1310 45
-1649 145
-862 1550
-544 1986
-585 971
-1649 1900
-1518 1851
-1478 80
-936 1585
-467 406
-1034 1300
-1730 1707
-1907 1336
-1217 459
-1138 348
-518 1274
-968 1504
-1 873
-694 408
-312 412
-1532 565
-1043 399
-27 687
-545 1390
-1085 227
-1494 981
-1165 1530
-1802 843
-143 1215
-1183 406
-643 710
-1281 839
-1216 1430
-1891 1456
-892 948
-1710 1334
-1021 1449
-360 418
-1429 370
-1207 1240
-1451 616
-1708 1232
-649 1078
-1581 1884
-918 1210
-867 1630
-1888 186
-226 1136
-1752 1649
-1400 1587
-1425 370
-6 1839
-1759 1483
-255 402
-1679 1790
-37 1625
-475 160
-603 1506
-831 1815
-1065 1560
-1361 1225
-1999 1394
-1347 38
-889 1683
-390 1860
-110 392
-128 926
-599 796
-437 93
-408 1962
-233 1391
-784 1482
-1138 1090
-564 987
-287 1314
-831 845
-141 1474
-1725 1973
-1935 1365
-802 371
-1006 1081
-743 321
-1950 607
-733 1270
-1018 1596
-1763 810
-899 1014
-46 525
-1436 1650
-806 1110
-44 420
-468 1693
-1395 1921
-1528 1335
-1763 547
-310 926
-1741 1309
-1078 962
-1665 588
-1905 368
-1885 548
-200 868
-364 530
-407 872
-1550 791
-944 37
-1912 1838
-996 366
-1884 967
-564 898
-300 1540
-1336 1499
-1382 666
-444 238
-299 784
-1339 1779
-171 708
-1661 43
-1508 1494
-119 1781
-481 284
-1555 118
-509 288
-419 1333
-1792 1399
-1883 1896
-1130 675
-163 202
-1172 998
-711 1832
-956 390
-818 1375
-1484 1386
-1912 5
-960 681
-1016 1184
-812 1318
-1423 904
-1333 1886
-559 1747
-1791 451
-784 142
-193 884
-1479 1244
-1253 1913
-1754 636
-600 429
-392 1978
-1694 1444
-1994 1428
-836 900
-34 1042
-1839 26
-262 172
-321 438
-85 725
-759 25
-590 1901
-707 989
-1703 1528
-211 990
-821 1550
-1405 1286
-1168 1743
-1053 633
-178 1397
-1848 218
-46 223
-14 695
-1630 548
-1221 380
-1644 1657
-1178 1518
-1016 725
-1437 1222
-747 1466
-859 238
-880 326
-1553 918
-1028 1932
-1100 784
-1317 601
-1233 1477
-1583 1674
-150 1946
-987 1990
-1384 826
-1342 441
-1092 802
-161 227
-1759 356
-1006 1076
-602 666
-897 280
-111 1686
-663 1355
-935 198
-1102 321
-1519 426
-149 621
-1764 1163
-23 1321
-815 1991
-1563 796
-253 1219
-1951 1993
-1092 687
-1059 807
-1880 640
-1761 899
-1062 311
-606 422
-399 669
-163 791
-743 1148
-1988 1304
-1390 1083
-1915 1386
-1401 115
-906 22
-1424 29
-431 1236
-978 1434
-139 893
-1097 1877
-1527 1459
-470 1562
-1141 1563
-1417 1830
-822 1638
-397 885
-54 1887
-394 694
-1872 1748
-1323 1992
-141 428
-1473 1174
-1907 221
-1137 1055
-1430 88
-819 1434
-461 929
-548 1470
-1773 991
-1626 1651
-1258 157
-1104 1530
-1321 799
-1600 1850
-203 965
-108 694
-1941 1830
-1014 28
-1717 682
-1384 1403
-1091 769
-280 912
-1535 1269
-1204 90
-1923 767
-1539 1791
-1821 194
-533 1658
-881 453
-1605 413
-337 265
-900 21
-811 833
-248 1936
-1403 495
-234 746
-626 1668
-1520 711
-775 1506
-1528 903
-1143 527
-1247 769
-351 1310
-1934 1998
-309 1257
-491 937
-1146 548
-1225 1454
-1996 1240
-365 1651
-1253 1629
-696 1965
-745 1995
-301 419
-1503 1283
-232 450
-293 48
-1750 1788
-723 1511
-335 1673
-373 1206
-1870 1635
-429 119
-1911 43
-1011 121
-1358 252
-971 1658
-1712 1312
-1195 1352
-908 1429
-1416 735
-1133 1660
-314 1695
-322 789
-798 1872
-1233 1666
-433 1145
-881 740
-1002 975
-276 189
-1809 628
-84 160
-41 1264
-106 1675
-483 1406
-1745 1051
-1210 731
-442 706
-924 1019
-206 374
-263 115
-1496 153
-488 1086
-1797 288
-1097 196
-114 872
-1850 1454
-414 1894
-358 174
-7 1234
-602 1114
-239 860
-756 1233
-1591 1233
-150 271
-1397 1806
-855 1123
-1367 125
-110 1772
-1130 140
-1737 1055
-180 1702
-783 1371
-285 160
-475 224
-132 1930
-367 1768
-1170 1302
-1667 1728
-559 1565
-477 1674
-699 834
-76 840
-1080 113
-385 721
-1427 764
-1704 1492
-522 510
-954 751
-1406 1013
-330 1663
-1007 1521
-692 1422
-858 1386
-1476 250
-21 151
-1214 491
-226 1147
-1553 874
-718 739
-458 1589
-1826 1399
-1323 1985
-302 1941
-1650 1326
-1769 380
-1382 1810
-931 1225
-1883 530
-1364 1478
-1545 1646
-458 1692
-1803 1815
-1279 471
-76 1335
-1202 1495
-1613 1263
-838 1836
-992 1162
-1800 414
-45 1344
-1077 1270
-1741 1489
-1163 302
-1741 878
-1644 1463
-1529 41
-1024 736
-1484 1299
-1518 336
-745 945
-1418 107
-438 1556
-1033 857
-1265 1611
-1448 1674
-311 1805
-1231 24
-1268 280
-1440 1322
-575 1602
-961 1183
-1139 1500
-1854 1616
-1789 1998
-556 345
-1436 766
-1185 1075
-259 1705
-822 1835
-1314 1329
-1954 982
-761 54
-1070 1805
-1037 1204
-1249 482
-1950 362
-1876 1031
-1419 460
-1564 579
-758 70
-1552 322
-1265 1348
-995 1829
-1917 983
-1517 1
-1081 761
-1852 654
-478 413
-1647 1559
-1051 974
-1550 1127
-562 173
-528 1178
-815 1402
-962 1659
-278 579
-1405 1694
-208 1683
-990 312
-1499 1206
-1643 1136
-1007 1811
-1723 1803
-518 902
-1489 406
-1459 1583
-189 1077
-640 1375
-548 326
-242 1338
-737 93
-1625 1946
-666 1926
-1896 444
-510 33
-952 1599
-388 481
-728 697
-124 312
-1282 1606
-1588 186
-797 1708
-593 963
-1329 181
-1473 1282
-1064 1949
-644 364
-1059 1865
-1105 48
-1266 1352
-1218 1876
-842 148
-1518 256
-734 924
-1527 834
-856 11
-1318 427
-1528 683
-839 330
-985 778
-1237 1009
-882 256
-628 1976
-60 1708
-631 517
-1732 512
-1 1816
-1825 1269
-1777 457
-576 53
-1651 478
-801 1991
-1342 101
-693 1244
-655 783
-57 1163
-1337 753
-747 968
-93 1365
-367 1923
-65 858
-1741 1393
-775 1735
-1469 523
-781 1642
-473 1682
-1802 688
-1168 788
-262 892
-703 1021
-1294 1032
-396 1802
-522 1591
-1510 560
-1560 1255
-1579 278
-1914 1916
-62 583
-1382 473
-338 888
-1293 1511
-478 1734
-1737 843
-407 1478
-1399 19
-1132 1944
-1521 1466
-467 1505
-467 149
-1133 22
-958 1802
-795 152
-1960 1825
-1444 235
-1229 1798
-1043 257
-1095 1766
-846 1704
-691 35
-1234 1581
-1157 1854
-872 443
-1270 80
-1184 1389
-34 1847
-748 1488
-1513 1077
-1813 1611
-1937 1246
-1305 15
-1897 842
-383 1176
-1223 735
-349 233
-1788 1940
-360 153
-685 805
-319 641
-1350 1864
-1872 401
-42 401
-1920 706
-297 457
-661 1760
-540 889
-1188 1361
-1202 1774
-611 1741
-1241 754
-768 1450
-1144 7
-50 1970
-246 1922
-766 1609
-275 1432
-1062 1652
-1544 735
-1055 326
-1966 1610
-487 108
-175 1900
-448 791
-1359 206
-1502 1078
-1125 242
-335 1633
-1324 299
-1701 870
-1884 1700
-765 951
-632 588
-1041 1178
-233 1329
-1607 122
-1444 1691
-608 170
-548 1465
-644 1139
-449 278
-1036 215
-1249 29
-739 330
-1113 751
-1409 137
-1942 958
-111 640
-742 967
-1550 540
-842 964
-1576 1079
-1918 1902
-1854 1923
-1527 364
-225 1675
-1380 1292
-451 530
-595 77
-167 1886
-1896 812
-376 1653
-563 1862
-1338 1475
-216 935
-1468 1564
-396 1347
-810 883
-1207 460
-1451 1228
-1854 1334
-1704 1355
-735 254
-1950 831
-1900 400
-1142 1604
-626 1204
-230 208
-1423 328
-1936 1809
-1645 586
-978 1075
-690 370
-595 1266
-653 1618
-1351 389
-1804 1001
-867 1498
-289 586
-166 36
-317 120
-936 1296
-962 1544
-1083 902
-1632 1442
-873 618
-933 1300
-1986 373
-1222 74
-1325 1792
-196 1759
-1787 1334
-834 1425
-703 313
-1830 822
-862 1993
-1180 1881
-575 73
-1932 708
-1491 1263
-876 1402
-1910 1069
-1486 566
-1806 1957
-1504 746
-1098 626
-561 1373
-944 790
-399 1162
-742 767
-1664 378
-1210 1128
-1479 841
-1359 358
-484 736
-1123 1002
-479 894
-1010 900
-1151 171
-335 1786
-223 1002
-1453 470
-795 1346
-821 634
-155 688
-761 855
-597 1969
-713 1411
-1466 439
-1814 630
-1392 963
-458 383
-1927 206
-1590 1988
-1056 255
-1622 1803
-75 1218
-1430 1006
-1537 1452
-1793 35
-1950 915
-1767 1148
-598 926
-492 194
-309 782
-1309 1386
-1760 1278
-980 509
-1435 777
-1072 1352
-1783 493
-763 78
-1162 1044
-493 1410
-824 1814
-1703 507
-560 1408
-1961 1695
-1433 1041
-555 283
-1507 1138
-218 361
-564 677
-1573 808
-1925 1918
-593 67
-920 1715
-675 1283
-1690 1059
-1309 623
-1324 918
-1491 1537
-287 845
-1706 1805
-1294 315
-1250 706
-415 1383
-1213 19
-372 700
-1529 893
-593 1172
-1155 159
-886 504
-391 1210
-1403 113
-32 1760
-82 1470
-1437 671
-1481 1140
-1259 1626
-508 1678
-1573 738
-1459 741
-1410 1667
-1463 1967
-447 1731
-704 1079
-204 329
-1618 619
-319 937
-1156 497
-412 1979
-1935 1387
-994 662
-1416 937
-1122 1034
-1744 398
-930 759
-1962 1589
-945 1328
-1252 487
-560 950
-93 483
-1524 1767
-1113 885
-1325 1864
-1981 574
-1801 1141
-1283 1069
-1614 1460
-291 1847
-621 1218
-861 365
-595 506
-7 204
-985 32
-1923 463
-1285 309
-1503 403
-995 865
-1402 294
-862 1838
-1582 1016
-1421 802
-702 76
-1814 1271
-941 831
-1475 1638
-913 1726
-1693 1706
-693 961
-1615 1321
-1856 1816
-797 118
-1200 1673
-1503 509
-1431 1340
-1943 1882
-799 500
-1893 1244
-1123 1742
-305 1927
-436 1689
-6 1158
-1070 146
-1993 1662
-1997 682
-1809 1937
-1023 978
-724 1080
-1321 1550
-629 250
-1890 91
-1145 1685
-1496 800
-1851 430
-1072 479
-1982 1868
-151 1209
-1744 1079
-780 381
-353 748
-1283 974
-725 1684
-750 366
-82 1015
-1172 1691
-1589 1867
-381 1089
-299 517
-1124 415
-1468 1760
-1322 722
-290 274
-1289 144
-847 61
-875 467
-328 1146
-982 1933
-970 1985
-619 488
-1787 1717
-1088 545
-475 1196
-1164 387
-574 1184
-1172 909
-721 489
-1601 1098
-1159 1258
-1215 1795
-353 412
-200 978
-496 1103
-844 684
-1596 616
-865 119
-412 845
-643 14
-574 420
-1728 969
-1941 1390
-1413 439
-931 996
-312 152
-1651 29
-1351 585
-1258 177
-1914 1202
-51 966
-1944 1490
-443 1170
-1317 244
-1724 887
-1584 623
-928 1602
-305 1959
-1579 1232
-470 1364
-1413 751
-27 1134
-30 414
-991 417
-1795 1116
-598 136
-496 12
-911 1833
-1083 1224
-1297 1144
-880 1912
-753 1620
-654 903
-290 167
-1167 256
-1481 1500
-877 63
-1505 350
-1538 524
-1405 1580
-375 1562
-1201 1252
-1359 973
-614 135
-433 1331
-1705 137
-1080 867
-1167 431
-1281 1164
-1561 1512
-666 755
-223 1106
-656 218
-491 1090
-917 1600
-263 311
-1424 374
-1700 214
-1179 822
-1403 1905
-284 794
-1708 1340
-808 897
-1816 588
-276 655
-414 1086
-536 735
-1268 376
-1291 1186
-1423 279
-489 310
-1679 861
-1004 1555
-1036 1976
-367 67
-245 862
-311 873
-642 1591
-1824 1073
-1169 1748
-1533 155
-315 1214
-1800 1433
-1925 1085
-1996 1091
-1120 1040
-322 52
-648 1427
-1762 1446
-1281 1317
-1020 1281
-932 756
-177 988
-1168 281
-399 1624
-1590 276
-691 1453
-1812 1654
-1483 1190
-86 685
-1650 1464
-1330 1545
-228 575
-1525 1440
-557 1583
-1312 1563
-1323 81
-1954 1175
-659 233
-1150 367
-1476 1588
-1387 271
-957 1556
-27 1041
-1873 1591
-852 1322
-631 720
-527 48
-1082 535
-1527 1380
-1877 1585
-952 1563
-235 669
-987 1287
-1380 1774
-1947 656
-1725 455
-323 887
-1669 1307
-414 1416
-505 251
-314 1837
-1401 603
-549 1763
-765 740
-660 839
-727 822
-110 372
-967 267
-564 826
-532 992
-1993 1249
-1829 76
-931 212
-1867 107
-1706 403
-104 1382
-477 111
-1156 16
-1640 288
-840 62
-861 197
-1678 1635
-57 1546
-1783 1748
-952 1211
-1835 1299
-1224 342
-864 1536
-1978 1031
-481 89
-1529 113
-741 1191
-1209 298
-940 532
-1222 1527
-882 166
-1274 128
-1940 705
-475 1421
-640 755
-574 328
-871 1701
-72 1448
-1491 855
-1970 1186
-1009 1821
-1960 974
-157 488
-1746 1777
-1212 1307
-747 6
-1885 1730
-1825 906
-1693 766
-1431 1223
-1494 1332
-795 1063
-1105 1005
-107 1708
-688 369
-1519 1399
-1234 1926
-1034 1027
-870 1219
-1615 378
-1934 13
-511 988
-1771 179
-413 1350
-1060 1775
-1942 1398
-1751 1400
-447 86
-222 241
-1638 746
-490 1898
-419 1309
-960 1625
-1405 976
-1387 1928
-1796 421
-8 690
-402 662
-237 1802
-879 366
-799 1859
-831 1427
-969 1807
-1295 600
-448 824
-1950 176
-419 1599
-1460 1350
-1352 1543
-1653 36
-1139 1864
-636 1478
-435 826
-1507 764
-1932 329
-501 1495
-940 314
-1827 1228
-1780 815
-2000 1346
-1739 1788
-260 417
-151 539
-1907 202
-1868 751
-326 1993
-1156 31
-721 1023
-1790 788
-50 404
-1515 481
-1930 1683
-239 1216
-237 1814
-400 472
-1158 234
-53 1078
-1073 919
-1119 1857
-1748 319
-1576 213
-1356 1347
-278 729
-1845 218
-162 149
-162 1881
-582 1618
-823 166
-1068 1472
-1163 1262
-475 1959
-1974 1874
-954 842
-5 498
-51 98
-1009 1898
-557 877
-990 939
-813 1984
-1267 1057
-18 163
-1202 1031
-208 1770
-1866 911
-334 189
-1380 873
-256 1748
-1130 1384
-2 501
-484 1113
-1880 878
-1637 1428
-1934 834
-1164 614
-983 884
-645 1838
-690 386
-804 177
-1573 707
-418 523
-670 1556
-1008 1425
-909 1584
-1117 1062
-810 871
-148 1069
-900 547
-224 1174
-1387 627
-1757 24
-501 1770
-76 1962
-271 1360
-1433 195
-1507 1256
-1885 1649
-1106 1495
-1962 1543
-134 1956
-791 76
-1037 331
-1090 1228
-811 822
-24 796
-1000 833
-1776 36
-1424 495
-741 911
-404 589
-161 1235
-1945 969
-780 1078
-772 971
-1377 6
-826 140
-867 341
-1652 1847
-1398 1564
-62 536
-1130 876
-1386 1904
-503 1203
-897 437
-1244 1738
-366 1093
-1824 189
-926 587
-1313 804
-1367 1690
-520 484
-83 1354
-1683 127
-1814 1759
-536 1268
-993 1593
-114 685
-791 539
-1041 1410
-436 983
-1437 1652
-1696 2
-1470 294
-1430 73
-1408 1326
-858 173
-240 1698
-669 1723
-548 10
-195 1667
-822 932
-592 1879
-1231 731
-905 805
-1303 1154
-1349 1171
-462 361
-830 1438
-169 1026
-429 1929
-526 930
-1144 908
-691 242
-99 1740
-292 396
-1442 1960
-1592 1974
-1531 59
-854 65
-24 303
-745 655
-1384 759
-34 1545
-1789 327
-1845 1930
-1803 1214
-1067 323
-4 750
-1105 347
-1258 1115
-1880 1676
-624 305
-1581 534
-875 1425
-1007 1118
-1438 1490
-430 758
-733 910
-733 1064
-1037 731
-710 1036
-802 663
-516 1597
-1163 143
-1494 1692
-1986 1425
-1193 1794
-1351 656
-1268 1880
-1181 1675
-206 1496
-1560 548
-585 1956
-1909 1302
-57 1570
-1306 617
-1775 672
-480 1571
-589 407
-1092 1040
-1934 1653
-859 160
-923 166
-940 1571
-954 297
-1765 1411
-329 657
-1180 418
-1927 781
-1189 299
-1299 1813
-1361 1787
-1290 90
-1433 1158
-101 782
-486 1004
-1004 1396
-1264 1887
-283 135
-122 1572
-434 387
-1497 1573
-1841 777
-9 754
-1580 1263
-35 1112
-873 1448
-299 1060
-768 500
-1964 410
-85 1174
-1570 808
-773 476
-1246 1891
-1380 1026
-1496 1541
-781 1999
-1278 249
-173 1661
-417 856
-388 155
-1275 1467
-1009 1774
-190 641
-1318 63
-409 707
-505 562
-60 156
-100 1167
-65 1179
-32 880
-1725 344
-1550 1284
-89 523
-249 331
-286 619
-371 1701
-803 1381
-1854 783
-1892 1507
-4 395
-397 1557
-993 1293
-540 1207
-1242 1552
-1624 1518
-39 782
-268 1118
-675 1326
-1357 1221
-1927 1171
-983 1437
-1923 1869
-1692 462
-1389 1499
-790 785
-219 850
-203 363
-380 50
-1590 1048
-197 1960
-1091 4
-181 364
-1143 904
-1547 1663
-1623 135
-1213 1416
-191 289
-1081 214
-481 304
-1387 1755
-604 1687
-1319 602
-1361 111
-1600 1514
-1058 1133
-1293 260
-902 1811
-610 1739
-1662 1907
-1789 925
-1703 102
-470 1393
-809 1733
-1986 1796
-852 1086
-1602 637
-655 283
-841 1483
-163 1458
-812 1993
-1239 1427
-1108 1930
-1733 1363
-365 1012
-835 880
-643 1446
-255 1626
-1960 824
-1904 795
-1314 865
-278 135
-843 1296
-1959 490
-1538 586
-443 1878
-1828 1091
-1652 1974
-483 166
-486 693
-1162 99
-1510 766
-705 885
-792 1564
-939 1614
-923 1485
-715 1803
-1263 1139
-1989 498
-930 164
-994 1157
-1452 151
-72 1324
-1046 1739
-56 1622
-1694 442
-1083 141
-929 1131
-559 59
-272 1334
-47 1013
-1264 1804
-236 859
-1269 1262
-1269 952
-1954 1749
-1390 1457
-523 1566
-1767 1124
-312 1493
-789 306
-1211 1429
-80 477
-1241 39
-1520 561
-1231 1242
-456 337
-714 1678
-250 677
-1765 49
-1385 248
-1338 687
-354 933
-749 1699
-1856 1879
-1920 564
-1478 683
-1306 1527
-830 515
-551 2000
-1995 393
-775 1209
-1313 1351
-161 1375
-562 1448
-336 1501
-755 500
-1622 1291
