1945 2000
-1539 -878
-1133 1562
-1544 1346
-944 637
-978 937
-1707 1688
-1025 192
-1943 1543
-255 573
-1926 1400
-233 1801
-1596 1079
-787 743
-1111 801
-1100 189
-1498 1433
-1209 1088
-1257 772
-726 787
-1034 127
-911 98
-263 1473
-1826 1573
-517 905
-961 994
-220 342
-1899 955
-834 610
-1597 1766
-27 783
-268 337
-1058 1533
-434 600
-1204 254
-846 938
-304 848
-1035 723
-543 509
-1281 639
-200 495
-848 1908
-1788 90
-28 1183
-730 1408
-1627 696
-451 213
-1035 655
-954 238
-1468 1410
-1797 1436
-1851 1064
-541 1224
-1717 1771
-427 343
-1616 1641
-1272 1903
-456 1714
-449 9
-1893 366
-1666 1111
-1622 1593
-1170 1497
-1196 1000
-1696 292
-936 929
-73 839
-116 314
-268 21
-1498 1359
-1098 176
-1571 861
-840 499
-1304 864
-1454 1559
-144 469
-1657 1082
-1715 1944
-1729 295
-1543 210
-173 897
-1477 1474
-909 732
-1298 1083
-1638 276
-837 598
-1353 1873
-1205 704
-1001 879
-472 1396
-1912 781
-750 1756
-1821 1123
-1170 550
-1119 85
-715 1107
-261 394
-1835 473
-131 916
-869 274
-1899 88
-1906 980
-507 1664
-1702 1943
-303 1818
-851 1215
-1425 401
-154 1517
-1666 1464
-454 1711
-1383 896
-1295 1704
-1256 1892
-1315 1198
-924 1860
-427 1453
-72 1393
-1898 101
-1361 1751
-771 461
-236 945
-1624 1163
-493 454
-1639 138
-926 160
-1152 575
-1821 694
-735 196
-1095 211
-139 1802
-520 152
-1770 1783
-678 934
-192 1693
-1905 424
-1458 1084
-911 1668
-1481 1254
-354 374
-296 56
-204 1097
-448 1935
-1707 336
-68 289
-1458 1169
-1786 796
-347 815
-378 1098
-525 302
-1596 1448
-988 1493
-889 1077
-423 1082
-1 1332
-1468 52
-1005 913
-1551 1845
-854 1826
-339 1894
-1904 18
-1927 766
-1656 51
-1768 33
-1334 666
-1560 195
-1631 887
-768 1820
-1688 1695
-1508 779
-1314 1834
-288 1791
-438 344
-879 107
-1879 419
-1450 90
-1048 248
-1331 608
-1263 1681
-1848 823
-1634 1929
-875 1716
-226 209
-921 17
-1165 720
-1424 947
-1129 492
-600 1383
-608 829
-1089 20
-711 309
-1268 806
-480 826
-1672 128
-1240 1168
-490 1178
-1443 847
-613 475
-1338 1740
-658 1659
-55 241
-1700 86
-306 1695
-982 1863
-1903 771
-55 2
-1594 1807
-1629 1302
-861 468
-94 1137
-1173 20
-82 935
-1278 968
-471 1521
-128 1374
-54 1816
-1807 639
-745 1099
-1122 1429
-1138 1423
-706 228
-967 646
-25 1740
-1469 1944
-1402 1688
-495 1084
-1224 1456
-1127 1659
-657 1539
-100 748
-629 713
-687 804
-1158 39
-1302 1844
-203 134
-1170 477
-761 1308
-381 365
-689 230
-216 294
-521 1497
-1128 1440
-896 659
-388 1536
-601 319
-848 1406
-1436 644
-1622 760
-1066 1812
-539 312
-64 299
-1700 1262
-44 1213
-1346 107
-1425 1456
-311 1248
-1506 1873
-30 436
-96 1124
-1168 1165
-685 1001
-130 634
-751 307
-495 1452
-856 1506
-1822 1532
-1852 196
-6 689
-1441 1142
-1586 730
-907 226
-1816 189
-1746 487
-1193 1264
-1431 505
-1494 1283
-348 1045
-1877 1433
-1378 1878
-1341 1535
-1628 1356
-449 1876
-881 1203
-1742 404
-1512 1528
-252 648
-191 1691
-1496 218
-1078 351
-1236 909
-252 1929
-379 1114
-19 1386
-1530 376
-36 1239
-1296 998
-1291 71
-1669 241
-1525 1695
-1325 1018
-74 726
-1020 123
-1090 209
-414 1573
-1097 1743
-1028 1128
-1607 647
-148 1134
-1372 847
-1312 1415
-1064 763
-989 874
-1163 943
-1649 352
-1757 156
-239 1457
-870 226
-1669 1250
-480 1812
-494 1753
-661 615
-1381 163
-1413 631
-120 1621
-442 1060
-869 15
-1706 1194
-1225 1628
-1721 266
-1167 1370
-1576 1143
-1871 406
-1233 578
-849 1785
-434 1329
-983 1757
-939 940
-1544 1323
-1344 97
-1096 151
-106 327
-1120 36
-622 1150
-170 1604
-544 197
-592 920
-1845 1335
-599 384
-1883 235
-1170 405
-683 95
-1704 1361
-937 25
-1092 267
-1677 1407
-867 301
-727 190
-1556 1605
-235 56
-1522 1572
-319 1074
-151 1038
-1766 1172
-1162 1525
-430 257
-777 1417
-886 766
-935 1904
-847 804
-746 576
-655 1931
-811 1072
-452 105
-713 1900
-251 1759
-1326 1081
-1519 1362
-925 52
-1847 383
-1152 455
-1357 185
-1379 1340
-399 1212
-1055 1065
-387 62
-145 661
-1582 1305
-67 501
-812 219
-1919 1076
-20 647
-912 396
-722 1546
-1130 91
-1478 1133
-591 99
-1474 395
-1768 1543
-1443 27
-832 1228
-518 1883
-1631 1654
-1075 1789
-1751 1924
-31 1685
-483 1305
-386 886
-1057 426
-893 666
-1704 510
-1231 1104
-1895 1727
-1113 109
-1645 1374
-836 1219
-768 668
-1390 1584
-359 945
-655 83
-664 1149
-1519 498
-332 1624
-137 1187
-762 1593
-596 822
-293 949
-654 510
-1459 1111
-846 1722
-1052 1697
-1196 1700
-1370 1813
-866 1220
-1673 790
-333 980
-58 1610
-10 1738
-1013 179
-388 270
-693 1588
-28 88
-1056 128
-753 442
-912 406
-1520 295
-901 337
-1211 7
-1009 260
-1375 652
-1458 418
-1424 22
-175 242
-1070 524
-489 1344
-1766 684
-845 1509
-1492 1874
-861 1488
-1492 1441
-721 864
-1418 974
-262 931
-447 1426
-1680 1208
-1455 731
-841 1761
-193 944
-394 762
-561 261
-721 997
-400 1520
-1410 1690
-715 406
-1759 965
-1413 1214
-1105 797
-176 797
-61 888
-406 804
-124 1731
-455 205
-1462 304
-1453 1532
-1354 142
-1529 506
-251 877
-178 916
-697 193
-581 51
-450 1225
-1880 1856
-830 221
-174 155
-1586 798
-913 1312
-1268 1625
-1265 819
-1162 1897
-1380 1246
-1404 1863
-1087 1521
-770 874
-1431 43
-1380 207
-1623 211
-1517 1587
-939 909
-1687 1208
-1075 191
-68 684
-522 117
-240 827
-1256 1559
-1454 1041
-1148 1815
-596 167
-813 1281
-186 753
-634 633
-807 1042
-882 1500
-1583 1770
-306 345
-1329 1619
-1661 742
-553 205
-80 1104
-1019 1378
-1460 1940
-273 53
-1560 699
-433 872
-1770 1497
-488 1631
-599 944
-606 1673
-1000 1067
-1763 906
-1857 871
-1052 1100
-781 1729
-1169 41
-347 1478
-205 1392
-1088 878
-911 661
-1342 1179
-52 522
-1533 1479
-1313 1442
-526 791
-798 118
-471 102
-625 1558
-552 1103
-1243 1644
-860 261
-1370 945
-521 753
-405 630
-778 151
-587 1057
-596 1290
-180 1259
-1648 1642
-1182 453
-1623 1783
-1112 947
-332 740
-828 1034
-1357 1444
-1784 1767
-304 1563
-387 857
-171 445
-1385 1003
-1573 507
-1332 1823
-1803 30
-225 518
-272 1106
-1775 258
-1651 1628
-363 237
-627 1348
-1376 859
-495 1568
-783 384
-1339 1211
-130 789
-976 906
-1046 1566
-1618 1370
-1348 719
-338 417
-323 1295
-901 424
-1696 1122
-1426 792
-239 1921
-1069 1864
-149 1886
-216 297
-544 306
-170 1544
-166 1331
-1394 205
-358 1170
-934 1895
-440 468
-796 13
-1480 1529
-656 1260
-787 134
-1321 104
-841 1363
-708 873
-226 132
-865 810
-1334 1372
-1314 524
-668 781
-664 972
-497 1594
-1139 286
-1205 1582
-909 591
-1838 792
-1007 117
-289 138
-1396 1451
-1823 162
-1219 59
-18 1313
-499 862
-1809 133
-763 1169
-1379 1642
-680 1607
-1548 1296
-397 1150
-1348 1748
-304 826
-1826 109
-719 843
-1783 1350
-728 1802
-150 1820
-696 1748
-93 645
-202 189
-1787 145
-1194 1290
-957 1309
-428 1429
-1894 653
-596 1542
-811 1823
-1249 1615
-999 1679
-805 1608
-772 360
-531 1730
-495 1470
-316 1338
-1275 1842
-221 1303
-1632 473
-1212 690
-1527 1668
-1640 1070
-1352 1497
-1206 1038
-1180 1474
-1638 186
-959 186
-382 872
-1404 1292
-722 1269
-1494 1588
-1517 666
-1457 693
-211 1255
-763 508
-95 1462
-331 865
-1263 102
-633 1139
-476 902
-1493 168
-127 425
-1775 914
-344 664
-680 456
-1479 1179
-1533 307
-147 1687
-1795 193
-573 938
-1328 217
-1708 785
-1717 805
-1084 403
-202 625
-1442 1021
-1864 1236
-1008 983
-351 68
-1173 1444
-685 849
-248 1138
-1305 1362
-1226 1351
-700 1938
-345 677
-1109 1842
-1252 1843
-1346 318
-687 1404
-246 790
-1869 1241
-1336 1851
-885 1169
-1368 1550
-104 1919
-1508 1866
-1756 1062
-1126 1024
-1510 492
-1077 696
-352 834
-98 1000
-831 1365
-1760 1066
-1302 434
-1916 969
-1325 1415
-1478 1557
-1286 1624
-644 1656
-1534 1646
-844 610
-1072 270
-1009 1409
-424 967
-1612 567
-1177 1520
-414 903
-1238 112
-1716 1743
-502 1653
-837 199
-1478 125
-1447 1199
-836 123
-1930 597
-1073 399
-741 1542
-790 1908
-867 287
-1182 873
-1690 1648
-1186 284
-1120 271
-498 525
-1866 850
-330 1199
-1193 1283
-80 1622
-1354 133
-263 1486
-1204 19
-509 1293
-419 1236
-318 510
-1488 533
-1554 1844
-1456 1852
-92 954
-1327 1597
-328 1613
-153 1270
-306 1383
-373 160
-1620 1526
-470 1648
-1269 936
-824 1286
-1301 1072
-692 1607
-143 1657
-973 1756
-1632 1852
-615 425
-627 419
-1455 99
-89 411
-1171 781
-811 1145
-1315 239
-1241 855
-1904 776
-113 84
-991 891
-799 1802
-304 1432
-469 463
-1342 1226
-1476 490
-1525 446
-704 1051
-682 1740
-248 922
-586 1243
-1481 475
-1080 545
-1724 1523
-1838 107
-376 608
-1628 1728
-480 695
-1180 815
-859 203
-1335 861
-807 1466
-630 864
-1469 202
-264 1124
-398 1304
-20 1113
-22 1658
-850 1527
-1435 1012
-605 197
-737 84
-737 1877
-750 1119
-1410 1049
-528 919
-1383 1122
-915 316
-1800 1762
-1943 882
-772 984
-1820 1444
-584 1377
-554 1115
-920 1242
-1934 1039
-1392 1079
-1171 1683
-11 1938
-807 105
-539 1671
-1083 1331
-1130 1450
-1186 749
-1467 915
-156 560
-568 570
-1287 39
-794 1711
-753 578
-890 149
-1810 1737
-1801 1302
-615 226
-1690 503
-1304 1370
-712 1580
-1586 364
-934 696
-1515 1488
-1830 111
-1505 1331
-1328 1352
-1635 1913
-1598 1327
-1253 902
-120 502
-406 1769
-621 1683
-1495 1848
-421 516
-1461 1011
-1129 97
-1925 199
-1027 1930
-1157 843
-526 806
-1739 308
-1643 1138
-469 892
-599 1606
-79 135
-85 178
-1372 1140
-382 1483
-278 568
-1295 1458
-540 230
-181 1232
-1255 259
-1115 386
-687 500
-1875 1234
-1179 135
-1401 340
-1722 36
-1431 1763
-667 1274
-1170 572
-703 6
-1055 1774
-1547 1377
-1164 610
-8 1175
-1231 1020
-535 734
-705 967
-224 592
-1238 573
-1434 1014
-1203 1886
-69 1181
-513 619
-482 432
-151 448
-1867 1747
-1813 399
-592 632
-1899 1154
-722 1366
-1870 1580
-1113 1801
-1058 1178
-1421 1770
-1066 1058
-504 379
-1630 1666
-1916 785
-1068 950
-1031 1101
-511 1042
-1817 32
-221 1237
-1036 1846
-1354 865
-1741 616
-726 1400
-792 1416
-1875 899
-1738 1223
-1831 570
-1293 940
-455 1349
-407 1282
-133 1273
-1154 1180
-900 255
-1562 1515
-105 630
-1135 708
-1927 1516
-1118 685
-233 1118
-344 1519
-590 957
-371 116
-894 1845
-94 1428
-1345 607
-586 1714
-392 692
-300 905
-940 1400
-1411 891
-1869 923
-616 917
-363 726
-745 579
-1611 450
-686 106
-857 1450
-1209 875
-1324 1208
-928 193
-501 1110
-1155 1434
-1124 902
-88 526
-1645 422
-711 1594
-1608 845
-1876 1198
-789 371
-549 278
-821 999
-468 1652
-1565 288
-1045 127
-1337 601
-1510 940
-1843 636
-1940 1848
-1310 1121
-849 1705
-844 326
-549 1346
-869 152
-598 1865
-386 1698
-794 1066
-953 582
-333 1191
-606 547
-1368 47
-1595 1696
-1830 907
-464 1346
-439 578
-1003 484
-1237 600
-273 669
-834 73
-1428 778
-1547 743
-963 262
-898 480
-919 1848
-1746 277
-199 1904
-721 1234
-915 735
-1722 214
-1212 156
-413 1361
-170 539
-956 754
-441 129
-1644 192
-1878 1705
-1607 113
-1000 123
-61 990
-453 169
-957 271
-444 1182
-1932 1937
-1260 66
-424 69
-548 748
-1648 1092
-654 901
-262 1504
-1365 1352
-1576 1037
-1000 1429
-1464 1882
-1417 683
-1940 1076
-1906 1589
-881 180
-1940 1583
-758 1942
-951 1907
-1103 1706
-559 1421
-1475 822
-1553 1282
-1736 141
-478 68
-694 549
-250 514
-533 108
-20 1908
-1618 1210
-1061 1905
-1683 1771
-854 591
-555 362
-538 628
-171 1086
-1273 1757
-1386 1246
-1209 1236
-1712 936
-1174 918
-1747 1168
-1723 1432
-125 55
-1081 1709
-821 282
-1646 1257
-1301 1848
-948 1069
-1397 1785
-1438 155
-1898 364
-1212 1779
-944 86
-1431 1640
-864 508
-966 125
-1226 464
-1082 771
-1849 1623
-1022 491
-1789 38
-223 1694
-828 556
-473 158
-93 981
-286 917
-547 697
-639 1871
-799 1220
-1186 1845
-842 108
-1429 1283
-957 315
-1769 1333
-1631 922
-1592 614
-67 1220
-1094 164
-121 924
-319 11
-352 1194
-1026 1321
-1551 1377
-1784 1152
-1390 1908
-114 966
-828 759
-1494 91
-60 248
-236 1431
-27 1688
-538 1432
-1329 433
-89 284
-899 304
-1495 393
-861 1835
-1166 799
-413 1213
-256 837
-317 409
-115 142
-1912 517
-897 264
-1158 1665
-942 1215
-1336 1492
-338 181
-387 1008
-1468 180
-1366 842
-1554 1412
-412 1817
-385 1860
-289 175
-1007 395
-1245 1012
-198 474
-1065 1359
-1649 1260
-1058 1504
-672 1294
-34 1587
-1045 825
-1079 1089
-73 90
-1020 1280
-480 97
-1532 968
-1909 1711
-560 1101
-1086 278
-823 1907
-1000 341
-1472 821
-1558 297
-542 1330
-1814 1483
-711 1711
-1625 887
-718 306
-1230 162
-345 438
-126 1573
-156 117
-1198 1166
-1131 1002
-1567 1111
-1012 1759
-1379 1522
-1203 1490
-1774 785
-532 1665
-1333 814
-1770 1635
-745 1576
-1489 665
-1630 178
-1020 1351
-568 665
-823 85
-131 346
-439 1915
-1922 147
-1775 554
-740 1394
-1686 754
-611 19
-142 1422
-1099 1176
-7 675
-1362 148
-890 996
-1120 1458
-1074 1626
-422 1770
-658 1698
-1218 251
-60 442
-685 1762
-1864 1583
-90 1183
-251 1338
-1475 728
-879 1365
-1055 967
-187 75
-263 139
-451 1254
-1021 12
-1799 355
-1698 580
-265 62
-1623 58
-702 550
-1030 1302
-1672 1713
-816 789
-1503 51
-969 234
-740 975
-77 1945
-1624 950
-1810 473
-616 218
-1617 1219
-272 514
-775 1527
-98 763
-602 748
-1331 141
-695 1546
-457 574
-1316 1082
-1001 249
-113 337
-1208 57
-712 397
-1354 1661
-1152 1931
-1408 1085
-1630 1833
-1690 296
-1878 1517
-310 1885
-1598 626
-47 1633
-445 1092
-897 684
-1039 877
-42 838
-481 1761
-409 1032
-873 348
-1432 994
-235 938
-499 371
-1662 1632
-381 673
-1563 213
-203 18
-1658 697
-231 1364
-1678 1341
-1845 1696
-60 73
-640 32
-1310 652
-1902 1240
-71 227
-810 117
-963 347
-493 1840
-94 950
-1649 235
-260 283
-837 17
-799 739
-1019 402
-535 185
-1492 180
-1061 800
-178 197
-383 1383
-1916 1080
-1887 1805
-661 1392
-460 840
-1942 1235
-1234 1365
-1454 1437
-1779 743
-1862 287
-1498 1237
-416 1798
-580 658
-19 1541
-345 120
-368 48
-1883 163
-1084 746
-577 1378
-204 463
-1509 9
-1105 1662
-1628 25
-251 991
-1240 447
-1676 1747
-1026 559
-378 1297
-1506 66
-870 799
-1277 1826
-1379 1368
-299 1030
-1700 1496
-1216 725
-178 839
-2 577
-277 1277
-791 1502
-1735 1452
-910 472
-618 1662
-277 1531
-473 1594
-325 678
-1856 876
-456 1366
-1722 850
-1143 63
-417 911
-563 170
-1410 30
-1635 118
-1483 1052
-340 661
-1492 544
-1170 1769
-1709 46
-585 1380
-515 789
-1291 1768
-1367 909
-58 1945
-1725 315
-1027 1206
-1527 72
-1304 1637
-1734 111
-1436 1678
-769 1854
-780 1361
-1306 1688
-1378 1270
-430 1695
-246 847
-1178 250
-1544 1875
-1664 1367
-1535 1249
-1035 1039
-90 915
-1024 1814
-427 1586
-116 1460
-1825 52
-315 1879
-1666 209
-1159 769
-799 178
-821 701
-1089 646
-71 1556
-978 508
-13 757
-642 1388
-343 1158
-221 1330
-716 1392
-1304 1461
-1030 1905
-369 1098
-1719 47
-1195 1728
-1861 1261
-881 809
-1758 1495
-928 559
-1913 309
-105 251
-482 1291
-1239 940
-1134 1290
-1471 1199
-848 997
-754 1105
-219 1378
-1788 1340
-230 253
-1431 1472
-1116 1431
-1694 1136
-1579 1800
-1785 363
-1319 1020
-995 802
-1054 1298
-157 1867
-1668 710
-220 1334
-1329 834
-1925 1542
-1650 873
-250 1519
-174 194
-1396 1672
-177 128
-1936 1
-1678 1475
-1652 660
-597 1561
-944 873
-116 1917
-198 1095
-1051 340
-1643 914
-923 96
-1256 1134
-810 968
-1139 1710
-1295 534
-437 1170
-125 1705
-670 1247
-944 1407
-1883 608
-931 1208
-1041 159
-525 1794
-361 813
-956 1592
-1903 1485
-1610 961
-542 1610
-489 1525
-729 1458
-349 1809
-745 63
-788 702
-273 757
-1378 1152
-819 1400
-336 78
-1487 108
-1606 675
-1416 940
-1739 1318
-753 1274
-659 1262
-1050 1232
-1203 820
-841 1082
-1346 636
-41 1936
-1116 429
-845 1183
-1878 1624
-14 702
-1827 326
-219 1309
-82 1206
-279 945
-1224 1810
-1618 884
-345 707
-62 834
-1534 1334
-1061 1502
-509 1706
-1049 796
-574 1167
-1915 626
-328 318
-920 1052
-1435 1730
-1184 632
-9 652
-1140 219
-873 910
-1494 1025
-943 1844
-240 1047
-441 1633
-1755 1731
-437 1864
-1084 235
-1814 952
-951 763
-815 535
-1889 860
-1541 865
-1460 246
-1451 1441
-781 1275
-418 593
-560 813
-1117 1405
-378 146
-250 659
-1398 1027
-1412 342
-1305 109
-329 1325
-148 614
-1434 659
-566 756
-540 1219
-1778 1213
-1213 947
-1742 694
-1170 1079
-159 1253
-1420 958
-1518 1715
-558 1516
-782 215
-40 180
-862 230
-1865 1041
-1721 1568
-1445 1351
-422 1153
-643 434
-404 1054
-219 1519
-867 1426
-505 1863
-1786 806
-1147 272
-1123 506
-316 1093
-97 893
-676 365
-548 1462
-1848 881
-1410 491
-368 1263
-1823 1441
-1208 1196
-1635 1765
-1525 1714
-834 852
-897 1376
-189 1911
-1011 896
-25 1516
-858 1476
-556 27
-181 707
-1041 1061
-398 1292
-1324 811
-1242 706
-462 1905
-1914 698
-1885 589
-583 460
-1861 1402
-304 1448
-1176 1002
-339 775
-684 1745
-1399 1652
-996 1256
-843 794
-220 758
-1003 908
-889 626
-1932 658
-1501 1028
-1014 1715
-388 1341
-351 1517
-1091 1258
-1743 786
-1837 690
-516 1863
-1820 755
-1449 937
-240 983
-29 826
-1366 73
-96 1738
-1559 1911
-782 492
-997 870
-274 1920
-1320 563
-309 483
-1448 1443
-952 577
-944 1063
-1865 1890
-1806 1015
-610 950
-919 1844
-612 1496
-678 947
-1598 1163
-1792 1321
-831 1922
-1532 1207
-29 1716
-1201 173
-353 1677
-581 1163
-90 1296
-287 1805
-1495 384
-1506 241
-1868 1489
-869 477
-487 388
-1195 1542
-1386 834
-342 701
-960 1541
-1552 380
-1337 1255
-1092 985
-1526 168
-733 82
-888 1337
-1853 236
-621 1448
-490 1343
-28 1083
-891 746
-1763 1720
-1804 713
-305 514
-17 1706
-991 948
-778 35
-135 1901
-1918 1128
-919 1888
-1018 404
-716 7
-1708 137
-738 1470
-494 1291
-1491 1521
-1879 1727
-1858 490
-290 1830
-1216 1923
-1790 1279
-1323 1300
-1861 749
-8 1809
-122 224
-885 24
-694 1474
-1408 438
-1115 1374
-1637 657
-888 1078
-1890 678
-618 1777
-200 858
-1068 1470
-1325 677
-1573 797
-1748 1805
-897 951
-1051 709
-620 1676
-1020 1174
-699 608
-1394 1484
-550 163
-776 390
-759 1456
-1462 1931
-477 1575
-122 774
-1197 1470
-1644 876
-665 1170
-1458 78
-919 263
-1267 1511
-1920 405
-1509 1281
-636 939
-1249 565
-1363 782
-1836 1309
-1110 391
-250 1097
-1329 1036
-1309 182
-818 1573
-1868 1417
-1095 850
-1389 1834
-190 169
-108 1409
-1421 997
-1227 1541
-1400 1472
-275 1158
-944 1705
-331 1562
-691 1336
-1200 1853
-1009 1624
-84 1036
-1695 1632
-1596 1185
-1235 1610
-489 1565
-1334 936
-729 1941
-262 1818
-1844 1149
-872 1321
-179 623
-1443 556
-1672 1492
-1288 663
-1450 1802
-1934 1048
-447 248
-1709 1113
-1632 1214
-1731 219
-329 368
-1407 823
-716 1314
-870 234
-1354 591
-1943 1734
-245 1696
-140 548
-1822 1344
-1120 1561
-1109 862
-331 94
-1288 1549
-1563 1465
-533 877
-1536 650
-544 565
-1712 1777
-1117 250
-752 329
-1306 1586
-122 1661
-1717 288
-459 1108
-464 1228
-1539 1689
-1588 1818
-1215 1820
-1182 1064
-756 719
-463 308
-643 878
-677 1265
-1931 1800
-1417 923
-1843 1488
-1747 117
-1657 1042
-1360 1234
-863 1192
-456 1334
-1234 516
-293 1363
-1716 1309
-1398 186
-1244 1210
-619 1661
-1758 1731
-1263 27
-220 1165
-478 1124
-1658 218
-1939 1806
-1602 638
-790 1896
-1417 1103
-632 566
-1275 790
-1269 906
-1456 679
-295 168
-993 1034
-629 1370
-227 1643
-343 1369
-1139 386
-1338 1106
-1533 602
-55 1884
-51 874
-1441 1439
-1700 1245
-1198 17
-326 184
-93 341
-1749 1135
-46 1399
-1829 1667
-239 751
-103 504
-1000 887
-69 90
-281 627
-452 1298
-779 1214
-1303 411
-455 603
-1915 1846
-1329 1910
-23 1479
-988 705
-911 1776
-808 1268
-1295 1207
-1360 684
-422 322
-779 275
-1865 672
-182 432
-554 640
-1523 1708
-1838 1167
-206 1154
-338 141
-1933 1145
-62 169
-1090 324
-946 692
-1459 1780
-1091 1404
-675 1897
-359 1484
-539 13
-1562 210
-1841 748
-926 999
-1823 1389
-549 1857
-152 835
-1937 1590
-1769 125
-1185 1043
-1681 750
-94 578
-1499 1331
-133 1563
-501 1682
-1870 310
-1444 1902
-1097 1468
-1821 1105
-1319 99
-1451 1828
-461 81
-124 1873
-1546 1401
-412 673
-313 426
-515 1521
-1440 1396
-764 398
-781 1767
-1649 1878
-285 157
-589 1108
-166 611
-1921 984
-956 231
-377 1809
-1516 1386
-1938 983
-1386 1304
-1273 652
-1493 1540
-359 1396
-946 1242
-1850 828
-1445 854
-233 1365
-1733 938
-106 417
-926 779
-263 1935
-1578 521
-203 612
-1776 1370
-859 939
-968 410
-1428 1112
-145 1152
-121 66
-1944 263
-1808 1589
-493 1603
-294 94
-659 1530
-1444 998
-1796 1533
-990 155
-1107 62
-792 291
-276 73
-340 87
-1129 361
-423 948
-1069 1515
-655 1602
-938 623
-689 512
-836 161
-640 831
-573 1774
-1542 488
-362 1785
-968 1226
-629 452
-999 1592
-449 83
-376 265
-39 1591
-1810 1794
-959 853
-848 492
-1774 950
-945 1880
-1612 973
-1117 389
-1243 1926
-1004 1809
-1101 1192
-1701 1735
-1794 97
-1878 1597
-694 1751
-1586 241
-1018 322
-1785 962
-1535 982
-1829 797
-414 348
-1197 1233
-345 216
-1261 321
-1417 878
-653 800
-1651 278
-1051 469
-1134 588
-1830 1316
-269 1302
-1715 434
-138 168
-883 1037
-1931 534
