2000 2000
-1954 958
-788 741
-1280 -1027
-1580 646
1251 1355
-1719 -525
-1425 169
-1302 206
-1543 44
-448 701
-305 319
-1982 289
1479 1922
-251 -164
-678 736
-1938 -794
157 327
-1842 448
-175 762
-1117 644
1595 1621
-959 1904
-1842 1709
-1126 1378
-1521 986
-1792 1695
-3 1896
292 630
-1867 -625
1460 1693
81 199
440 1632
-1746 -1123
-1684 417
-542 1042
-1178 -711
-1809 1613
-1950 47
614 1184
-1089 224
556 1731
-1760 1179
140 1019
-1021 1484
509 1982
-1522 1078
-1404 -578
274 1723
-797 1543
-1593 228
-1574 649
-456 88
-842 1323
746 1177
262 552
-257 -217
-494 512
630 1424
272 1552
178 182
-1910 -1853
238 1632
-1850 1636
1774 1998
-224 141
-1828 1999
-1145 1999
-1283 -664
-1136 -365
-442 1961
-1961 204
-626 506
-709 1766
-1984 550
1890 1968
-1617 818
115 1586
-1890 -677
203 242
181 773
-155 1270
254 1765
-649 1508
846 1149
589 591
-398 1050
687 1767
-733 -438
-1359 -194
308 425
610 1852
-6 168
-1457 1343
-529 517
-1609 1038
1378 1659
755 1086
-228 604
-545 239
-1001 1648
-1843 366
1149 1928
-1857 407
-1865 -486
-1009 1470
-620 1553
-1276 506
-1357 1044
1749 1982
301 1380
517 1944
-1131 955
-1415 183
-1545 1709
-779 687
267 1049
-910 -530
-1827 -251
-1858 257
968 1484
-1712 476
433 626
1632 1967
959 1245
-1935 1478
-696 -422
669 1625
-1555 819
-1640 -1528
-1089 -745
418 1335
-214 1027
481 654
75 1699
-198 1211
-787 1612
-1351 -1294
-564 -219
-1305 1733
-791 -39
-1961 134
-431 1113
305 726
-674 -342
-1837 1497
-855 1833
-1347 167
-1484 1405
-1800 1742
-462 -319
-1955 -424
-1625 -782
-1516 -644
-1354 90
1260 1998
-1894 667
598 822
-425 520
614 875
757 855
408 1609
-827 1696
-1846 1280
-1770 -567
-1783 688
1371 1401
-1524 1516
-288 829
801 918
-267 89
-968 -189
-1856 757
-503 1003
-1628 -741
-799 70
-451 423
-1881 -218
-263 373
-1665 1015
817 1839
-927 938
-672 -562
-1087 -51
-1061 -668
-1070 1233
-400 1155
-1742 -326
-1733 -276
-1741 -1278
-1548 -640
-1918 -278
824 1453
1014 1227
-1133 803
-1941 -238
421 1878
-329 1051
-446 793
-190 906
-1600 1543
-990 -226
1081 1240
-530 931
-1795 -1685
-1489 757
-965 -394
-628 156
-1862 817
-1629 -1093
-710 240
-865 1870
-1464 1026
-616 -337
529 1665
337 1632
-808 1283
1455 1955
-331 351
-785 856
-1505 833
-1898 -1271
-1797 1887
-1573 91
181 1791
763 1481
36 797
-1933 835
-1598 8
-1205 1175
-898 715
-222 -166
-1474 -804
-1791 -13
-1694 -234
1640 1806
-262 -112
-1517 1022
-1708 1367
-1887 -167
-1466 -243
-845 931
-1088 299
-756 -454
-458 112
-64 1824
-1654 -217
205 309
-377 141
-557 55
623 1500
-1542 1405
-1712 1026
655 1298
750 1066
-428 -364
-941 1805
-945 415
-1105 962
-1054 645
465 768
1741 1971
231 1743
-1904 -1075
-742 1126
-369 1298
1163 1452
-1302 1848
-1997 -1832
-1624 1304
-1519 -300
-1848 -950
1901 1975
-1293 657
-1329 -665
1886 1894
863 898
-1392 1273
-251 59
-212 634
-1423 -344
-1738 -7
329 1221
297 393
-1222 -955
-1982 -987
-643 250
-1894 618
-1316 152
-783 1443
-1801 -1164
-1632 -1473
1334 1690
570 1148
547 1875
-646 1905
-1055 -118
-690 -200
-1880 503
-720 816
-311 28
678 1973
148 1853
474 1878
535 1569
-240 183
-1374 96
-764 1867
-624 1357
-1206 1361
426 1333
-989 865
-407 -291
-1679 -55
51 1338
-1239 444
-1055 719
-1045 -645
-873 -652
-643 1516
-1823 -388
-464 692
1731 1968
-372 449
-1457 -612
-685 -530
-1847 -1601
47 742
320 1426
-1659 -169
-1284 891
1009 1850
-938 1801
551 1465
652 1871
-115 1531
1014 1689
-60 1181
427 1127
-1769 -1070
-1479 -1107
-1662 -877
-1557 -1490
-934 -678
322 327
1296 1665
-1344 1850
167 1053
-515 657
492 1358
-1700 -1296
-32 1817
-558 -57
-174 346
201 1463
-455 -303
-830 248
-1496 -374
-1873 -441
-1958 1793
-1309 497
611 874
-1048 1202
-836 -213
-1757 820
-277 498
-1698 -1446
-1502 -75
-1722 20
-1327 362
-1127 264
1050 1697
809 1923
-1455 109
-1724 237
1761 1994
-100 1715
555 1087
-923 1098
626 828
-620 -295
-1546 -266
236 1400
369 486
38 234
-377 738
-1937 -1912
-754 527
-770 1984
-1325 -1252
1621 1802
-1791 451
-316 299
62 1824
-1095 1461
640 1435
-432 57
-1427 1068
-143 720
-1206 -177
1464 1963
-1702 967
-731 1179
-1789 545
-104 1660
1401 1637
651 965
-1574 -278
-1342 277
-412 1794
-596 207
-1803 1970
-1373 1455
963 1983
1331 1874
-1494 -484
-37 1059
-300 242
-1753 -1464
-1435 -145
-1606 -567
-1504 -324
-747 1950
-1780 -412
-467 384
488 1966
-1439 1668
-1631 703
-518 59
-841 102
530 1761
56 967
-357 117
-755 320
-1195 1004
63 1532
-916 -664
-1681 -1465
-483 -350
-1986 1801
-633 -453
1763 1902
-1896 832
1422 1747
-749 1632
-1344 660
-990 270
250 1674
-1060 -638
-902 677
-1049 -29
-228 1820
-1849 -1304
45 47
-81 1872
-1211 1819
-193 791
-1665 719
1002 1352
1207 1806
1114 1664
-1411 1041
-1485 540
-329 1217
-1683 -801
-965 1200
-330 1551
-1996 918
-1951 1063
-1690 -1544
-507 10
748 1380
-1142 82
-1230 760
-426 1184
-484 138
-1675 1400
-447 1049
453 1079
-844 -833
729 1033
-1189 1370
-798 661
1056 1600
-1643 989
-393 1794
-1905 1369
469 1588
-186 1463
-1571 1447
1767 1801
-296 177
-380 865
-1060 1239
-1509 1515
-952 516
850 1468
-1979 1960
-311 1176
683 756
-122 -83
-458 1729
-49 1976
-1430 1075
-1033 361
-1303 -1184
-1343 922
-1268 198
-1340 1468
-1555 506
-1735 567
-848 34
-1829 -594
-529 1217
-1874 1613
246 1077
-1032 -14
-747 912
455 932
-1553 1273
-1994 -32
-1801 419
-967 241
-475 144
-386 -333
-804 -277
-918 67
-136 1012
-1861 614
-1554 1960
-626 -206
-1193 -267
-1371 1602
1347 1455
-1157 391
-200 1785
-1851 -1833
-1582 -591
-572 318
-22 1749
510 1747
-320 526
1024 1752
-1653 555
-1443 1191
743 957
113 1647
-1774 525
-1386 1310
-792 -359
-1799 -238
-1065 447
-1707 -503
-1660 1092
-530 767
-266 1011
-1589 1316
275 814
-838 1879
-1725 1440
-1388 -73
-1600 1898
-1004 384
-1534 -1244
13 1187
-180 1983
-635 1845
-858 -586
-524 765
-1320 827
-806 -624
-984 1730
-410 838
-1265 -614
-1325 -134
-1444 -288
-931 619
173 1494
-1376 -1347
-1764 769
905 1228
-926 1858
-379 1986
-1002 -284
-1390 -197
-1966 683
840 961
-1311 -1259
152 695
-203 479
-1090 1426
-856 1830
-1152 1018
-438 1922
-434 -233
-439 646
1275 1921
745 1277
822 976
403 1545
-464 -419
-1510 462
899 1062
-1903 1052
-955 180
1160 1285
1103 1429
604 707
1328 1571
-1484 -459
-610 -430
-1677 -376
782 1742
559 1968
-1091 -184
-1410 -1289
-181 1029
-1032 557
-417 580
-1670 1620
-1040 261
-469 -195
960 1579
105 1745
-787 1470
-1202 1617
-891 1692
-1674 664
-1064 -1016
-808 353
-1425 1009
-1603 1517
-582 -409
637 1405
495 565
-715 297
-1903 -1270
-372 1090
725 1499
-1830 -1125
1400 1953
-475 1778
912 1063
1163 1174
-412 1622
-402 -173
-1600 -219
-1380 -665
-1773 402
-863 -414
-1230 628
-991 -283
-1767 -1346
-1863 796
-776 -406
-1160 976
-6 504
-1871 -329
659 1179
-780 352
980 1174
-607 1175
-1040 609
-1027 -494
-1937 436
-1655 -307
-1937 246
659 979
-202 692
-1340 -512
-1735 -1453
-1820 -1387
1368 1543
-1298 826
591 1168
-376 -316
-112 -82
-602 1124
-1218 -349
-202 1544
-1319 -676
-1460 353
-319 -97
-1266 -516
674 918
-605 878
367 1083
1096 1644
557 672
-1486 1341
-1632 660
-1831 1246
-1760 -1516
-301 1567
-1754 1658
-945 80
-74 314
93 829
-959 1079
-1809 383
-1407 -1068
-1600 -1318
383 495
345 1167
-1020 249
-1103 163
-230 1743
288 338
396 1886
858 892
-950 -29
-1910 -809
-1787 1185
932 1138
-1908 -239
1890 1978
-1485 1401
1601 1921
-963 -376
427 527
103 497
904 1482
-703 634
-70 1102
1473 1765
-1808 1764
-1332 1442
-1636 1555
-795 582
-988 1081
-346 617
-1639 1378
-1825 -1303
-1904 -821
-436 1487
-753 1846
-1807 -388
-1821 -116
-1751 -169
-1227 997
-1460 -238
-1613 -155
-1395 391
-915 1842
-1743 -835
-837 1232
-1755 -587
-1537 -1220
-1544 812
-1727 -1380
-632 1572
-460 -73
-389 678
-1101 1203
732 1546
-950 1232
-1849 288
-816 -764
977 1263
1703 1935
-53 980
1141 1750
-1794 1499
-1325 488
-435 1026
-1241 -1222
-630 1869
1368 1479
-2 1904
387 938
-1522 -1473
-479 43
142 191
-1446 -1183
206 1156
-1709 1193
-985 -839
-919 431
1098 1382
-1139 -1080
-435 519
226 661
163 974
479 1599
7 1706
513 1612
1342 1357
418 591
873 1882
1554 1938
-848 1296
36 387
-1606 1177
-345 1234
-1567 -178
-147 1869
-1425 -432
-853 1981
-259 452
-498 170
-1049 -392
810 1116
-1178 1890
-720 1164
-506 444
-1120 -158
-1501 1598
-651 1168
718 921
-1048 -305
67 542
-872 75
365 1226
-1801 -404
-1111 -234
340 1067
1007 1622
585 1299
-1550 1298
44 1027
-622 -308
-1424 -774
463 566
538 1876
674 1478
-1728 -1684
-1777 -12
384 783
-285 571
-1062 1355
-1396 1562
42 838
499 540
496 1411
-1682 -1174
-1989 -387
101 1457
1298 1841
55 727
-1372 -800
-1809 -1436
-415 1374
-1437 -275
-293 635
-1613 1909
-1985 1489
1081 1439
-714 1213
-875 -418
-1817 664
-1417 586
-1588 -1089
423 1510
-1058 1187
730 1287
-44 1620
-1804 1343
-419 710
-631 1390
-1260 -32
1723 1793
862 1187
-249 -68
1470 1609
-1851 659
476 1018
941 1353
781 1356
135 1647
-1627 857
-363 601
-752 247
9 519
-1044 1973
117 1975
-1828 1991
-1983 -727
99 452
1547 1668
-1885 -1132
393 549
-1896 -163
-1295 1557
343 1053
-1143 1699
-1837 -388
-1601 -1586
-1145 -644
778 1855
297 1006
1254 1286
-744 -530
-1337 466
-1120 82
1321 1594
-1366 650
-34 1578
608 731
260 658
-1432 -334
-1675 1572
315 497
-1641 1703
-986 1100
-386 -34
-825 1595
-451 1288
-1330 1993
-1903 -310
-1696 1415
-696 527
1077 1319
-1769 1181
516 1859
-1142 727
988 1452
-846 70
437 701
-1057 891
-483 1857
-1489 -1209
-949 1767
-1278 -46
-1618 -1613
-564 393
-1421 929
-24 279
-1565 -408
-1132 1296
106 795
82 149
-476 -206
-1061 881
-1649 1572
-1939 -1196
-795 1549
-1643 1621
-1284 1489
991 1719
-515 1049
-1548 998
-892 -132
476 1470
-1618 -886
-139 1061
-156 1021
-1827 1857
-817 -216
-1419 -555
-708 67
-1796 1619
-812 369
-39 998
953 1782
1180 1421
-1373 1515
-704 1162
-835 516
-1206 -623
-1904 -1233
247 1490
-465 346
-34 50
1551 1957
917 1690
-1276 1509
-871 574
-1926 -255
-1670 1528
913 1716
-421 1081
-812 651
-1119 948
-91 638
-1995 -780
-803 64
190 271
-1866 714
452 1011
-382 409
-755 11
601 1485
839 1945
-1802 -1059
-1628 1697
807 882
1327 1903
-924 1028
-1923 -1526
-4 1815
-445 573
248 1727
324 1067
-1556 1702
220 830
-1154 1290
-1893 -1203
-842 -88
-729 924
771 1109
-165 364
-1462 1221
170 1255
-1809 1300
1367 1981
-124 1485
-1972 1491
897 1588
-442 -322
-996 443
-1656 -1624
591 1503
-703 -646
119 1443
-472 1234
-391 597
474 1116
-1624 1613
1475 1593
-1728 -762
-89 934
-1917 1582
116 1829
-951 658
751 1940
576 1783
-256 544
-1257 -386
-477 -287
-1368 -434
-1978 -1801
-1081 893
139 1961
-1351 805
-1648 -1335
-1055 1084
-965 581
-1593 -774
-1925 573
-718 1479
-468 1307
-68 1657
932 1560
-417 -42
-99 1363
-997 -611
1073 1591
-338 -274
-382 209
-1817 -936
-529 827
-1053 247
1278 1405
-73 572
-1902 -1707
-239 1950
1092 1668
-663 1872
56 417
-1358 -223
-832 1998
-1611 -1044
1214 1647
-187 1431
1743 1934
-1410 1756
-1737 506
-1448 -661
-186 598
-201 1196
-250 1233
-2000 -1061
-1214 1954
-659 244
-176 1940
-1966 -952
-1205 1700
-1817 1095
-1070 276
53 536
-1189 -999
-1977 1714
-643 -439
-1953 340
-367 1306
905 1485
-921 1386
-1909 -1366
-500 423
-1651 -1233
74 983
1638 1805
-63 699
470 1741
79 1251
-1048 1917
-1104 1208
-1990 1112
-222 988
-1876 995
-1552 973
-1842 -1324
-199 1309
-94 632
-1763 -1241
-1221 1077
1388 1818
-1410 -986
-169 1735
-323 506
475 546
-534 1430
-1917 -1807
938 1032
586 780
940 1916
-560 -204
-47 1076
-1532 481
923 1277
282 789
-1428 -129
-1883 1876
-336 1147
-306 339
-195 854
416 970
341 1202
-1613 -1115
-771 -228
654 1555
1281 1667
-1828 114
-1964 -618
-1108 412
-1891 1921
-1108 998
-1998 -1484
-726 492
-1340 738
-1884 1614
-843 906
1049 1865
-1697 644
-1804 -590
-1835 504
-1807 20
-10 231
181 448
-1452 1415
-616 133
-1157 1302
-1791 -257
-1508 627
-1660 -727
-1956 -1457
-1523 -39
-601 1366
495 879
-1420 1210
-1875 -1813
-1315 -601
434 1817
-703 1207
-1698 602
-1293 -82
-1297 1413
-1948 -328
-64 366
-1082 1557
404 1994
-1185 604
-1240 667
-1062 -416
-1368 -1212
-1636 -628
-38 1583
-586 -172
-875 -90
-228 1699
1074 1143
-1205 447
-1798 1164
-1798 -276
116 1903
-1924 78
1735 1979
1321 1446
572 1391
92 275
-1620 535
-1614 -13
-593 1780
-582 729
-1133 282
-1438 1307
-827 -498
120 347
-665 211
-1463 333
-1730 -1715
-479 -466
377 1771
-351 21
-470 436
-1308 299
398 1884
125 1459
-1913 1524
-1879 893
-1928 600
-1802 -204
-992 -136
-1552 335
-223 1675
-1204 765
-468 380
-1643 1078
-378 1487
1642 1645
584 1460
1239 1389
-155 1327
-1286 -1146
1121 1632
-991 -418
318 901
577 1661
-659 925
745 1603
-468 -338
-789 1355
-312 192
-772 -171
-1997 1407
-1640 -415
-1910 -295
-2000 -1892
-1988 -1374
-1075 767
-1559 -1289
-506 1381
-1390 509
39 1513
654 1332
-1608 -1130
-1376 603
-653 1701
-1294 1177
-1659 748
-215 468
-698 -585
500 1622
-1568 -906
-755 1626
-663 1155
-1081 -887
-1103 485
-1374 1622
-1548 1796
-807 -48
-1935 -1521
-1726 -924
14 1543
-136 1085
178 738
-888 -125
-1694 -1140
-1575 246
-1454 -1172
-1546 1070
-1868 -769
288 1653
-1281 1176
-989 -6
-1958 862
1057 1447
-701 474
-1061 29
-1210 -65
-403 1702
-891 1219
-314 1713
162 845
577 782
-1460 58
-853 954
-313 384
-590 -154
-1961 307
295 1271
-1048 1460
1111 1435
563 1729
-1021 94
-46 1798
-642 621
-91 13
307 534
-170 281
-1401 1613
-1586 -1089
-1545 -463
-1262 375
-290 1195
278 1683
101 400
381 1049
1026 1965
-918 -463
32 37
-1338 -1127
-1677 485
-253 304
-1574 -536
-1380 999
326 509
-756 821
-1848 198
485 1052
-1191 -481
-1814 1312
-1233 91
-1099 -774
-1781 -1283
-1396 -335
-226 889
31 1604
1091 1784
860 1606
-1309 1417
-979 -874
-1852 1697
-257 -117
-26 775
-1045 257
-1562 -590
-856 -67
1106 1236
-648 1126
-1802 83
-697 97
-1348 240
1103 1345
-1970 636
-360 923
84 1746
-991 173
-236 696
-123 1515
-852 1326
-433 945
-1043 396
-1363 1234
-1857 -480
235 385
217 1314
-1861 1591
-1497 1951
-1875 1362
-176 1331
-1880 -1041
-1605 -419
107 1108
-759 1629
-693 -434
-1461 1592
-1460 -429
-552 484
-1305 1678
-145 1129
-1181 1147
-216 911
-31 248
1172 1552
-1402 1800
-1765 -1749
863 1905
-908 651
-1924 1983
-1651 875
700 846
-1995 -228
64 1710
-826 934
146 880
-469 1524
-399 736
-48 1860
1257 1545
-189 1781
-1997 -1059
595 1562
-1363 -337
-1449 90
-1287 244
224 1501
-751 555
-1865 -492
-1727 -1199
193 872
-1259 24
-1391 1520
1058 1419
-1532 1764
-534 1225
-349 1361
-1562 1093
-1355 41
-1559 -1530
-224 1898
261 888
-279 1441
-1247 1044
1135 1810
232 1090
-724 646
-113 333
-654 1070
-2000 -888
-409 1566
417 1949
-1621 -1263
-193 1442
-1247 -190
-1735 -1084
-1564 148
-643 1340
564 1603
796 1817
-437 1808
-869 -303
-1967 -1410
-1737 -1106
539 1562
1125 1752
-142 1827
-497 -78
-1948 358
-1450 1605
454 1110
-1160 1134
-379 790
-301 1500
-1163 1059
1132 1250
61 176
-1255 -784
569 1835
263 695
-1387 1999
359 459
850 860
-1284 -1057
-1041 66
697 1327
-1430 523
-309 142
60 939
-104 200
-1011 99
-527 1930
-100 463
-1162 1828
-1986 -1711
1381 1555
342 957
137 1700
-1888 224
-953 -919
-1266 916
-331 1018
-511 1996
-1587 -1189
-900 657
-1618 1897
-1920 1788
-1710 -509
-113 1375
-1764 1963
1053 1713
-1861 -1239
42 1588
-1936 -1762
-1577 -77
-1192 1716
-1731 -917
433 1729
-1630 -1042
543 762
-1228 -1016
-725 438
154 957
-282 43
-1155 -684
-986 1738
-377 327
1602 1859
-1081 1863
195 1496
78 366
139 827
-928 356
-1930 -1630
-1020 1249
-1599 -51
-956 -757
-937 -131
306 1903
-840 1634
-1657 305
-1342 1019
-471 40
-1183 1045
-861 1415
-1803 714
1342 1956
-1382 -1232
-1916 -1070
-994 -251
88 1220
-264 735
427 631
-1995 540
7 257
-1806 -357
-1935 -1729
-986 -81
1067 1351
-1423 1898
-1708 -123
47 1128
572 1242
-1165 -560
-552 1661
1488 1667
986 1835
-1274 1857
-1055 -966
1161 1569
1240 1240
167 291
-927 -242
-1307 -1146
932 1281
-1987 899
-1498 1191
-1904 -947
-1963 -1486
842 1899
-1095 346
-1053 1054
-1612 1073
-729 1704
-617 1571
-1150 928
155 424
313 434
-980 -84
280 1168
-554 11
-664 135
312 1181
-1012 789
567 1016
48 891
-1340 -1264
-593 833
-1483 959
-1982 -921
-779 -412
146 494
993 1383
-497 7
-864 -383
-623 814
89 1257
-973 -211
-210 1948
1592 1650
810 1797
1742 1943
-1688 1864
-736 855
-699 424
478 1689
-1098 802
-1019 488
853 1500
-1765 -291
-1948 -931
-690 1706
-791 166
-1376 550
-1354 1212
-1558 -676
-904 1084
-1873 -829
1577 1916
-1437 426
-1471 611
-875 1617
-843 1789
-1737 1446
-129 1100
-1288 -1048
-503 828
-1962 71
-944 1709
161 1012
1024 1241
-503 1066
-1291 54
-1676 1651
-1534 1914
1075 1852
-708 98
346 448
917 1427
-291 679
-1455 1088
-1329 -324
391 1743
127 1792
-972 -893
-1832 -1030
-595 576
-714 1946
-1981 -545
-582 196
800 896
-1481 -1047
-1144 -606
-156 1497
-1672 -1163
-1922 -1439
-519 1701
657 790
-945 982
-1657 974
1231 1297
-1071 -147
63 1201
-302 1122
-1570 -1107
286 1124
-334 1893
-1476 629
-1276 -881
-934 -386
-1985 1955
-77 1345
-501 647
1405 1651
-1347 1066
-572 1310
-801 1595
-1216 1058
-1877 1410
-119 1053
-302 -21
-1502 -1479
-1714 474
-1517 -915
-1579 1303
-229 503
-914 -823
-1694 -1483
1158 1595
-557 916
1499 1796
-1344 -319
76 1306
-1226 1149
-1230 1223
-1707 -783
-1633 -804
-1152 763
-1319 -1013
-788 1461
-1884 -335
-779 -749
-1437 -304
35 964
-1405 -171
-87 -27
-833 1406
-648 1729
-524 -342
-544 1156
30 1100
-193 1942
-297 218
189 1366
18 451
-1385 -523
820 1898
-730 -320
-597 -510
403 1594
-663 176
-355 -215
-1051 -764
-1854 122
-1962 -66
-638 -126
-352 -200
220 692
-869 782
-1152 -283
560 1357
-1089 908
-1000 21
122 244
252 1570
216 1182
-1225 1801
-344 1037
-770 676
250 1850
-1051 123
791 1145
-1201 -316
674 1893
-1783 833
590 946
245 702
-986 -2
-1714 962
-726 546
-818 95
-737 -200
58 1398
676 1109
-133 233
-1761 1450
-569 1483
-313 1635
-1604 -474
-990 -683
-781 139
-1982 1568
1373 1863
-1343 -526
598 1365
-1572 -740
384 1257
-1905 -339
-356 501
1084 1408
-1316 -239
-426 -303
1219 1962
1574 1830
-1802 450
-1360 -1152
-1624 1275
1295 1845
-864 448
-1941 1836
-1611 1114
128 1657
-958 -743
1379 1850
-1884 1055
-1624 1811
-1719 -983
-1873 -301
-1052 1128
-871 429
-1396 319
-1347 1623
953 1829
-1742 1461
1035 1971
-866 1779
-1621 562
-2000 1757
-1597 -826
-1322 -149
-1810 -1158
-323 -216
-1486 658
-1808 1486
1489 1594
-912 1616
644 1855
568 847
-1551 -1217
-1761 369
1216 1687
-1047 1781
-1946 1821
-905 168
-1385 1584
-1476 -1128
-1056 -289
319 1160
-218 1607
-860 352
-390 -278
-284 105
-58 637
-1808 -781
-177 1922
222 848
-1071 1716
-1786 1959
113 823
1621 1751
521 1012
-937 -762
-1838 334
-1713 -731
-1023 -211
-1261 1294
-1882 1902
188 1921
1485 1666
-1563 933
213 920
-1664 -529
-669 -425
469 1046
-1264 741
-1647 444
-438 1102
-1910 -1749
-92 741
-1344 550
-519 1843
-932 1659
-360 1307
-1914 1432
-510 662
887 1395
-369 55
-1791 -155
-1778 -1580
-1051 544
-1542 425
986 1502
-695 153
-1822 777
-1756 -809
-660 673
401 1249
-1103 -270
-519 754
357 1346
-905 -309
-1345 1782
-499 -288
1383 1935
-142 1521
-824 1589
320 1001
-456 186
-1986 -1957
-1033 1204
-1641 394
-1513 1541
-1516 1422
-730 138
-973 624
-645 597
-928 1664
479 1655
-1583 798
-1650 -1456
341 748
-1913 -96
-1341 547
-459 1012
-893 -245
1535 1743
531 1379
383 532
-977 -433
1234 1861
180 820
-282 1710
-1739 433
-1846 1362
-382 396
-1672 -496
-310 856
478 1190
-1028 620
-1462 284
-1086 1693
-1865 1938
-1976 461
-1353 -742
-520 -31
-1945 1321
-1859 1670
156 308
780 1295
1159 1790
-1641 397
-488 -204
-1186 1133
1071 1489
-129 423
-1402 694
-1794 -640
-923 1728
-1062 -946
-1384 472
-1508 -581
9 1908
265 1983
-1783 -1379
1066 1306
-1084 453
83 703
-446 -7
-210 1107
-373 1001
-1991 -1361
-219 1805
1158 1945
-1281 532
-1631 -1114
-178 1124
-1571 -1377
-1250 -799
-1366 189
-1548 1543
974 1811
-890 1728
74 1208
-1542 -538
-1687 -41
1284 1674
-1165 261
-1947 1973
-1760 -649
-915 899
-1960 -1110
525 1624
-1301 1897
-445 820
-1458 -1053
-259 1015
-960 428
-531 1659
-1093 405
-1418 1893
48 1311
-209 1742
-641 958
-1256 -812
-1109 1690
-1536 562
-1570 1703
-1331 -1145
-1756 -1246
-1118 1784
-766 398
376 886
-289 17
-1673 -820
-1026 1167
601 1659
945 1770
-730 692
-847 1124
-1271 1390
-412 -335
-1353 1066
-1857 -239
36 1460
-489 -75
-1188 983
-864 1004
-1778 -867
1014 1395
1183 1711
-807 176
-637 1040
1042 1397
80 431
-1511 -1225
-185 628
-510 -440
69 1159
-1493 -809
-993 -319
1511 1570
-1911 -1385
-451 1165
-1768 1794
-1641 1378
-1301 -468
-1051 369
-1850 -359
-1811 1959
-1209 1850
-153 1859
