617 2000
-97 65
-134 507
-199 176
-331 531
-280 362
-409 337
-501 200
-433 311
-400 206
-559 344
-439 75
-161 406
-82 176
-422 465
-570 461
-453 209
-236 612
-324 148
-468 266
-373 236
-113 252
-69 166
-380 286
-104 319
-527 83
-100 344
-151 212
-314 193
-188 439
-562 13
-73 35
-357 276
-50 210
-274 446
-234 32
-234 475
-561 358
-206 45
-281 452
-303 5
-526 285
-606 366
-617 181
-481 3
-563 346
-614 493
-354 31
-181 71
-50 167
-568 333
-356 453
-584 138
-364 89
-293 36
-576 289
-557 435
-383 53
-171 605
-136 152
-20 602
-263 485
-464 159
-492 313
-603 435
-141 11
-187 129
-529 358
-554 120
-432 431
-333 453
-530 390
-83 425
-464 243
-585 243
-166 485
-423 583
-541 325
-410 119
-540 349
-150 273
-576 334
-600 66
-485 99
-375 222
-535 281
-97 239
-78 312
-45 603
-447 68
-577 469
-375 543
-150 144
-434 546
-509 80
-499 93
-119 400
-199 528
-255 496
-390 143
-319 17
-4 300
-520 321
-62 492
-294 417
-173 163
-477 510
-87 332
-218 472
-589 208
-105 405
-105 140
-270 553
-277 89
-212 288
-419 404
-148 492
-142 475
-190 378
-581 320
-539 55
-403 5
-513 573
-224 532
-43 320
-329 399
-196 151
-49 269
-219 50
-425 327
-488 493
-416 1
-607 20
-179 419
-417 412
-445 89
-35 208
-374 7
-518 314
-118 156
-120 271
-202 379
-428 556
-490 531
-38 428
-290 534
-533 460
-123 320
-235 435
-234 566
-415 127
-30 65
-142 548
-313 301
-445 4
-404 508
-579 543
-570 370
-16 71
-561 343
-151 226
-511 44
-259 67
-494 338
-563 299
-166 229
-357 154
-57 56
-421 76
-363 296
-527 123
-458 255
-580 262
-322 192
-523 302
-230 404
-84 74
-495 296
-482 555
-479 589
-206 187
-226 88
-611 27
-164 427
-283 588
-540 93
-561 300
-346 144
-186 461
-1 333
-289 91
-340 255
-304 437
-139 425
-328 473
-333 358
-285 68
-44 464
-38 60
-347 444
-578 311
-268 123
-66 270
-555 466
-256 389
-273 435
-314 524
-522 467
-140 56
-418 379
-401 61
-20 441
-550 608
-417 565
-279 75
-478 590
-337 37
-145 586
-167 592
-76 559
-223 339
-39 182
-580 503
-159 466
-209 32
-470 579
-125 304
-93 196
-42 589
-210 553
-240 459
-339 74
-429 452
-58 287
-160 495
-544 323
-153 331
-2 96
-68 54
-87 617
-617 602
-361 27
-98 29
-478 527
-492 136
-511 111
-257 188
-72 156
-240 321
-189 23
-123 65
-558 80
-269 345
-132 336
-74 174
-279 283
-129 375
-118 240
-137 117
-435 509
-278 572
-393 401
-439 11
-388 71
-391 342
-325 207
-150 281
-448 336
-459 405
-233 244
-344 43
-292 27
-344 470
-571 412
-251 281
-176 586
-77 195
-121 35
-59 269
-81 475
-136 350
-243 118
-116 445
-589 385
-365 596
-417 142
-21 532
-74 221
-272 86
-6 169
-33 541
-299 158
-245 598
-553 396
-105 579
-8 101
-338 236
-403 75
-574 453
-556 326
-78 130
-512 26
-343 25
-12 140
-358 437
-216 261
-215 492
-519 309
-362 234
-152 544
-463 592
-597 48
-315 29
-400 80
-460 421
-231 157
-265 141
-99 333
-489 614
-139 419
-452 552
-421 417
-367 325
-57 146
-542 522
-571 423
-37 446
-1 420
-198 163
-295 459
-428 574
-141 258
-456 567
-432 170
-203 221
-324 319
-40 135
-165 73
-426 262
-387 421
-339 327
-71 443
-159 287
-513 345
-123 98
-579 371
-267 371
-326 259
-378 243
-477 102
-45 223
-270 550
-218 36
-10 46
-500 73
-241 325
-432 426
-307 168
-540 420
-406 257
-48 316
-575 475
-189 130
-168 596
-462 319
-255 295
-177 399
-287 174
-386 545
-482 242
-175 452
-471 464
-62 123
-226 469
-255 130
-451 606
-11 79
-599 336
-523 601
-67 264
-280 360
-609 325
-176 303
-14 113
-310 430
-224 161
-304 344
-157 467
-259 160
-87 470
-312 241
-440 432
-460 248
-319 121
-577 392
-43 274
-515 36
-322 422
-612 450
-127 364
-392 370
-287 175
-557 483
-158 412
-562 588
-49 500
-502 138
-68 593
-317 33
-89 245
-140 409
-412 190
-285 2
-569 64
-176 143
-76 218
-575 367
-205 338
-161 330
-197 44
-546 301
-566 275
-500 36
-603 118
-25 473
-546 128
-481 557
-388 185
-320 112
-393 453
-539 400
-568 360
-226 122
-336 144
-74 501
-343 448
-303 184
-533 617
-40 174
-196 271
-252 592
-482 210
-25 329
-400 27
-525 151
-472 17
-538 266
-287 186
-12 519
-491 242
-419 109
-349 227
-422 489
-230 107
-426 386
-130 127
-499 456
-274 109
-285 178
-333 53
-458 426
-616 393
-113 605
-143 455
-172 447
-183 293
-329 599
-315 66
-144 329
-387 394
-250 7
-379 468
-85 407
-375 112
-45 44
-534 338
-396 36
-537 258
-381 404
-163 296
-95 376
-345 45
-194 367
-104 313
-41 163
-445 85
-39 332
-340 103
-550 175
-251 58
-455 336
-552 460
-421 152
-452 359
-442 59
-168 518
-323 27
-238 438
-293 302
-3 409
-442 249
-482 304
-583 533
-331 170
-63 319
-245 540
-109 248
-542 6
-348 334
-251 287
-565 405
-466 34
-422 282
-463 595
-287 548
-470 575
-477 3
-277 122
-9 79
-15 393
-151 122
-278 403
-547 440
-64 2
-179 298
-482 224
-134 521
-23 86
-1 51
-85 414
-232 596
-232 115
-306 553
-8 344
-476 609
-537 200
-35 226
-344 80
-66 46
-124 182
-284 72
-584 600
-542 560
-417 481
-606 119
-255 222
-276 437
-355 421
-593 123
-168 414
-193 1
-247 486
-461 2
-176 265
-500 225
-32 201
-77 557
-159 492
-258 277
-21 527
-192 468
-260 191
-192 79
-193 395
-350 217
-450 52
-356 210
-540 58
-61 86
-262 101
-542 179
-291 345
-106 15
-414 171
-331 80
-284 592
-391 530
-289 21
-35 546
-32 141
-11 42
-570 135
-592 32
-2 292
-98 312
-199 6
-220 397
-211 373
-194 207
-129 290
-154 262
-395 461
-471 498
-516 407
-27 551
-316 359
-508 124
-334 217
-54 43
-572 537
-264 130
-275 315
-170 68
-195 132
-528 309
-269 358
-514 294
-7 27
-164 117
-181 143
-467 466
-210 60
-585 210
-395 433
-195 520
-402 68
-244 292
-473 207
-503 405
-435 592
-570 544
-62 507
-523 607
-92 94
-235 280
-307 370
-467 287
-113 491
-268 250
-180 481
-343 549
-386 58
-370 380
-455 310
-13 383
-174 537
-459 252
-369 84
-147 520
-585 265
-7 296
-236 513
-112 36
-323 36
-135 267
-320 1
-207 538
-419 248
-447 422
-183 562
-136 106
-499 435
-448 524
-384 32
-205 551
-421 203
-480 465
-374 380
-71 269
-577 223
-282 198
-581 343
-568 163
-581 489
-206 303
-170 65
-186 189
-563 109
-280 133
-341 208
-488 259
-139 347
-241 24
-417 46
-222 553
-131 156
-24 206
-501 500
-203 154
-525 58
-577 157
-66 101
-77 562
-324 261
-288 376
-208 170
-96 593
-276 393
-172 129
-574 220
-437 523
-44 62
-592 422
-94 561
-548 84
-361 142
-228 144
-328 186
-512 296
-146 203
-224 494
-411 20
-162 525
-37 254
-217 329
-4 252
-555 373
-192 282
-11 169
-102 194
-260 398
-152 432
-211 260
-589 188
-344 463
-408 63
-308 286
-330 364
-143 597
-550 2
-69 503
-235 535
-509 152
-319 123
-544 322
-71 331
-292 389
-605 232
-17 456
-100 260
-522 220
-141 393
-553 161
-336 75
-613 273
-429 491
-328 61
-401 300
-484 514
-489 396
-367 462
-233 142
-9 116
-294 505
-570 283
-275 249
-308 302
-515 445
-548 283
-348 499
-611 538
-611 267
-330 451
-401 294
-96 101
-514 355
-251 122
-379 87
-25 463
-366 278
-582 139
-164 545
-162 355
-280 601
-233 16
-42 614
-213 353
-205 104
-295 447
-94 470
-603 25
-435 495
-367 16
-202 301
-41 80
-170 118
-145 524
-601 234
-57 67
-407 238
-376 380
-249 60
-30 267
-226 436
-591 207
-149 347
-142 114
-64 450
-246 520
-410 392
-419 306
-337 202
-94 587
-417 113
-331 439
-192 493
-542 252
-559 375
-493 440
-455 357
-538 41
-154 603
-139 63
-338 524
-404 137
-190 266
-284 73
-414 601
-472 413
-273 220
-497 581
-104 227
-260 508
-367 128
-144 1
-168 548
-72 546
-47 327
-59 537
-65 329
-107 72
-65 242
-386 493
-455 558
-547 513
-339 61
-26 61
-429 416
-24 164
-176 609
-320 448
-178 538
-191 254
-420 496
-238 564
-54 218
-284 146
-204 305
-350 574
-8 329
-12 445
-570 484
-103 209
-466 444
-389 78
-270 190
-560 268
-349 80
-35 520
-166 471
-143 333
-404 476
-583 174
-237 268
-377 359
-144 288
-223 63
-150 184
-148 99
-294 135
-359 447
-30 176
-278 377
-434 322
-203 364
-366 174
-71 584
-194 254
-250 158
-499 57
-31 36
-305 321
-80 146
-193 181
-426 218
-3 254
-595 593
-431 581
-72 187
-60 260
-70 552
-102 431
-402 111
-276 331
-249 540
-320 488
-204 224
-111 273
-25 204
-40 222
-542 346
-282 389
-522 563
-449 185
-344 201
-564 225
-81 351
-355 176
-532 557
-389 175
-273 407
-577 376
-566 462
-415 473
-613 603
-57 34
-383 596
-217 252
-571 168
-157 237
-495 161
-458 197
-208 381
-57 43
-496 35
-509 215
-235 28
-199 600
-200 104
-543 262
-133 366
-73 459
-127 128
-238 456
-172 232
-48 224
-112 597
-92 473
-53 481
-380 31
-589 206
-133 400
-281 257
-533 564
-459 558
-322 201
-262 591
-396 531
-483 479
-481 237
-590 110
-27 589
-88 274
-453 562
-26 225
-131 87
-352 110
-85 182
-152 373
-302 314
-217 372
-14 455
-504 157
-500 547
-432 580
-594 564
-43 54
-130 609
-328 293
-152 551
-94 9
-432 322
-395 32
-144 20
-282 164
-32 506
-267 190
-174 217
-347 380
-520 360
-26 60
-29 91
-230 450
-430 591
-281 280
-347 39
-112 199
-214 560
-204 585
-249 228
-589 325
-408 40
-150 504
-184 446
-466 269
-483 28
-6 329
-589 369
-261 89
-210 440
-55 28
-233 591
-283 382
-84 233
-218 71
-74 76
-218 568
-289 413
-551 538
-228 326
-411 183
-258 362
-85 444
-354 400
-246 231
-55 616
-436 543
-54 209
-266 483
-117 506
-32 49
-350 426
-36 344
-166 189
-81 319
-132 588
-42 556
-593 136
-581 124
-521 27
-324 64
-179 6
-497 274
-316 63
-471 156
-15 213
-322 13
-463 132
-100 238
-280 235
-461 443
-406 459
-381 478
-149 517
-82 42
-550 407
-41 256
-140 165
-102 517
-605 278
-330 96
-428 180
-88 8
-335 272
-290 108
-540 533
-393 244
-487 413
-115 4
-310 208
-251 390
-107 62
-568 152
-474 122
-248 505
-15 291
-582 60
-365 58
-580 71
-343 427
-564 120
-4 53
-381 372
-190 516
-284 250
-72 150
-44 109
-355 142
-121 125
-451 340
-523 522
-222 235
-70 268
-570 396
-592 591
-231 111
-230 292
-451 372
-500 139
-103 267
-154 520
-26 209
-176 402
-528 484
-230 431
-1 508
-342 186
-80 531
-328 292
-605 51
-99 479
-335 367
-29 451
-373 187
-321 69
-153 187
-196 399
-533 212
-9 194
-598 352
-540 427
-148 370
-204 313
-31 465
-542 159
-347 203
-505 433
-301 334
-597 185
-144 344
-384 484
-277 409
-177 434
-552 290
-426 3
-80 573
-240 135
-437 306
-59 154
-464 168
-38 63
-586 588
-452 299
-479 447
-486 91
-437 293
-557 83
-386 405
-2 353
-445 232
-124 312
-95 590
-565 512
-260 135
-401 143
-386 173
-220 243
-341 606
-428 614
-96 146
-168 267
-349 150
-486 532
-490 18
-170 549
-15 612
-355 193
-408 278
-549 105
-359 19
-354 460
-95 64
-508 270
-50 498
-504 205
-503 480
-8 247
-232 282
-276 280
-35 374
-346 115
-231 245
-426 361
-34 439
-90 593
-102 283
-24 168
-109 218
-127 375
-259 410
-25 68
-550 367
-88 379
-562 582
-303 463
-90 211
-315 257
-498 177
-105 454
-179 430
-117 335
-76 14
-12 350
-437 323
-110 534
-424 160
-470 196
-168 220
-503 94
-39 541
-615 64
-145 298
-516 249
-610 44
-358 445
-601 29
-261 214
-487 72
-210 154
-176 191
-542 88
-398 24
-480 302
-187 99
-195 399
-80 54
-119 37
-380 541
-532 32
-603 586
-566 393
-565 251
-5 151
-305 149
-595 340
-435 138
-519 273
-507 480
-59 617
-79 134
-1 213
-238 351
-382 319
-11 507
-596 510
-180 60
-286 428
-510 235
-152 557
-517 579
-452 304
-367 581
-413 471
-420 495
-530 57
-442 607
-61 585
-282 105
-258 585
-377 66
-90 265
-95 292
-255 489
-468 22
-595 171
-8 92
-137 508
-131 274
-143 604
-616 472
-75 210
-563 391
-494 82
-125 471
-531 217
-334 320
-485 198
-607 601
-529 158
-230 594
-484 242
-119 506
-546 65
-408 383
-103 231
-256 267
-67 76
-242 510
-186 68
-156 23
-111 197
-553 615
-539 385
-466 435
-258 7
-380 423
-390 162
-126 100
-327 498
-285 607
-248 357
-475 25
-61 337
-154 448
-211 418
-373 388
-205 381
-616 331
-89 290
-588 107
-585 128
-385 427
-476 447
-395 412
-131 531
-282 521
-414 543
-500 613
-512 519
-503 473
-488 267
-529 447
-351 75
-467 332
-90 287
-102 98
-163 268
-276 552
-507 570
-548 216
-339 358
-226 6
-170 487
-75 612
-527 223
-317 555
-604 317
-243 182
-576 117
-460 449
-372 488
-601 427
-308 600
-144 136
-158 529
-335 131
-187 531
-27 36
-172 611
-440 541
-55 311
-91 290
-204 609
-581 560
-178 359
-21 466
-419 548
-261 308
-486 319
-439 336
-201 597
-51 542
-516 378
-460 153
-490 247
-373 514
-514 412
-346 441
-138 184
-344 551
-351 496
-71 227
-90 366
-57 287
-97 336
-19 346
-63 556
-476 598
-162 78
-597 464
-59 254
-414 158
-192 93
-7 467
-343 505
-269 578
-581 439
-593 212
-409 473
-173 277
-291 172
-357 204
-532 179
-175 436
-449 371
-361 378
-400 481
-32 245
-274 310
-589 450
-331 580
-609 279
-397 474
-602 82
-391 481
-559 582
-344 74
-306 561
-286 372
-534 281
-11 355
-118 21
-515 616
-364 95
-436 185
-459 208
-185 366
-542 142
-514 172
-342 424
-145 379
-389 431
-472 533
-579 335
-185 445
-554 194
-121 600
-39 302
-275 120
-49 395
-141 293
-366 506
-547 386
-88 57
-571 192
-472 398
-379 284
-167 269
-599 440
-366 11
-172 325
-609 110
-15 558
-598 542
-275 388
-206 255
-347 334
-599 612
-320 372
-197 485
-218 609
-187 578
-557 282
-489 551
-187 222
-8 81
-177 154
-492 25
-169 346
-14 305
-370 190
-574 528
-474 233
-129 532
-46 45
-22 310
-313 374
-294 452
-31 305
-454 367
-344 116
-130 603
-395 506
-168 242
-129 499
-74 421
-206 595
-594 176
-302 415
-27 599
-361 602
-389 411
-61 613
-359 352
-57 468
-379 208
-509 404
-586 68
-293 292
-31 579
-366 339
-436 257
-312 492
-548 60
-388 447
-573 558
-6 563
-133 213
-460 262
-493 150
-88 375
-428 123
-363 350
-255 12
-355 540
-287 455
-522 92
-610 59
-477 567
-316 458
-542 64
-267 310
-160 465
-291 160
-274 92
-275 482
-121 23
-563 543
-617 91
-482 586
-55 304
-560 613
-487 555
-184 508
-37 46
-237 428
-181 196
-193 293
-360 314
-183 8
-46 329
-400 112
-548 279
-123 184
-357 405
-181 337
-158 532
-439 525
-112 136
-66 65
-578 284
-60 467
-333 361
-30 302
-207 519
-141 567
-262 605
-87 226
-583 205
-348 413
-388 490
-15 411
-53 12
-152 326
-58 602
-147 217
-345 31
-329 57
-408 138
-566 578
-445 411
-53 412
-159 175
-163 609
-161 456
-506 216
-593 239
-386 127
-396 91
-548 365
-501 85
-581 1
-321 452
-172 359
-106 358
-427 88
-401 99
-491 127
-43 251
-204 66
-561 436
-175 465
-517 571
-157 152
-568 438
-523 275
-422 472
-27 586
-99 469
-215 497
-558 243
-336 458
-21 490
-492 71
-128 145
-563 565
-325 550
-509 27
-435 283
-252 559
-442 244
-455 386
-285 432
-89 494
-457 461
-559 508
-265 342
-44 83
-129 149
-59 466
-180 588
-360 62
-99 493
-371 611
-194 477
-493 196
-443 523
-230 255
-161 151
-19 425
-96 385
-158 514
-490 494
-199 276
-26 330
-88 418
-300 445
-361 91
-341 251
-165 147
-412 288
-385 279
-480 591
-126 574
-353 187
-509 373
-353 467
-26 445
-233 215
-487 543
-471 562
-317 401
-172 385
-550 164
-131 151
-530 298
-243 525
-351 5
-460 362
-80 546
-448 11
-72 581
-170 52
-326 574
-274 96
-367 312
-367 172
-35 218
-581 554
-512 287
-571 46
-138 491
-343 426
-614 13
-593 188
-112 42
-511 478
-434 25
-175 158
-390 579
-400 221
-468 286
-246 321
-376 559
-110 362
-345 437
-603 178
-245 200
-115 50
-467 162
-574 556
-112 284
-349 373
-462 562
-238 183
-239 607
-174 236
-204 68
-312 304
-443 346
-262 202
-302 448
-6 579
-265 8
-210 401
-154 595
-445 499
-81 437
-603 493
-512 57
-330 226
-410 91
-480 4
-214 572
-318 218
-345 380
-298 160
-360 475
-359 425
-481 520
-431 394
-369 279
-187 286
-144 58
-518 307
-608 281
-299 583
-38 132
-406 282
-264 468
-94 100
-78 144
-50 372
-122 191
-388 199
-296 328
-564 416
-169 344
-322 399
-53 573
-442 78
-443 305
-185 189
-372 377
-450 340
-37 65
-543 306
-180 508
-104 486
-276 567
-186 442
-127 112
-295 15
-22 245
-504 559
-313 601
-94 371
-7 581
-303 430
-149 460
-610 430
-529 327
-289 537
-539 382
-471 290
-301 397
-571 222
-442 457
-169 357
-502 418
-91 107
-100 50
-536 415
-236 127
-135 396
-421 54
-321 158
-42 548
-118 125
-383 510
-276 175
-10 479
-116 82
-117 590
-292 401
-244 427
-609 417
-555 477
-14 120
-440 245
-346 568
-466 110
-551 548
-365 183
-79 468
-221 406
-323 513
-388 433
-590 217
-237 324
-131 277
-166 256
-396 421
-137 15
-99 494
-408 84
-387 76
-564 596
-425 321
-561 565
-451 137
-115 512
-10 257
-258 300
-500 567
-209 514
-608 405
-581 502
-170 216
-14 126
-556 74
-191 441
-33 258
-182 239
-482 378
-549 236
-261 43
-18 247
-511 608
-117 185
-591 500
-122 559
-558 335
-76 98
-100 131
-149 252
-412 227
-253 595
-321 72
-165 75
-99 254
-266 38
-79 415
-406 318
-87 103
-614 92
-16 275
-300 296
-203 274
-264 136
-594 33
-347 236
-29 381
-315 279
-269 201
-609 259
-520 553
-245 90
-594 188
-334 305
-305 490
-39 220
-189 556
-547 221
-294 606
-536 60
-39 259
-578 261
-258 492
-54 424
-497 203
-353 572
-548 587
-505 65
-421 570
-326 423
-337 9
-43 207
-337 313
-585 76
-217 159
-422 215
-283 157
-170 224
-247 483
-154 539
-37 185
-104 297
-154 214
-8 482
-62 138
-209 148
-299 434
-24 125
-130 12
-410 205
-312 356
-473 554
-279 572
-282 226
-193 516
-109 404
-590 89
-356 23
-290 202
-70 73
-88 338
-551 310
-429 477
-214 99
-41 101
-544 457
-556 9
-119 277
-67 442
-507 506
-581 45
-268 506
-546 300
-474 400
-402 447
-331 608
-371 251
-176 186
-347 118
-201 585
-328 139
-134 591
-277 191
-461 129
-20 412
-70 139
-179 414
-92 350
-178 3
-497 496
-128 539
-608 590
-358 502
-286 489
-144 52
-318 419
-170 531
-223 94
-90 443
-504 496
-432 391
-15 251
-233 474
-108 189
-152 263
-593 370
-170 495
-395 242
-98 427
-532 471
-59 533
-277 38
-578 216
-515 504
-336 125
-139 335
-211 607
-288 471
-480 449
-511 21
-91 94
-319 42
-300 498
-554 564
-554 608
-599 35
-220 112
-209 587
-244 337
-22 169
-139 512
-563 201
-135 533
-175 213
-6 494
-174 115
-512 559
-382 369
-449 241
-259 441
-400 144
-582 373
-336 572
-187 243
-109 357
-187 599
-181 274
-320 555
-395 427
-236 20
-470 591
-363 616
-551 200
-554 320
-116 535
-59 275
-506 495
-284 198
-376 353
-503 240
-589 200
-543 119
-510 495
-506 17
-167 279
-313 163
-488 547
-98 50
-507 235
-574 122
-79 219
-41 367
-591 510
-134 327
-142 368
-422 610
-214 558
-594 368
-411 191
-199 283
-263 299
-382 72
-538 242
-362 596
-560 201
