2000 2000
-1047 178
-1513 922
-506 1114
-214 1387
-1004 540
-929 228
-538 728
-326 706
-426 1798
-501 841
-515 223
-1877 1589
-370 203
-588 1171
-1185 1569
-632 1509
-472 1394
-156 1931
-180 1918
-1180 658
-471 1478
-1490 667
-1110 1573
-1781 420
-658 668
-1641 362
-275 42
-907 1264
-336 1460
-467 1674
-1594 891
-1612 38
-1498 1470
-1949 1538
-1004 259
-1978 553
-1706 1334
-708 397
-1386 199
-1704 891
-1481 1665
-427 67
-1391 572
-874 55
-488 1858
-1727 1687
-724 427
-747 649
-1063 891
-1454 355
-1988 893
-1821 1724
-1218 1452
-1419 491
-1993 1400
-1794 849
-957 1962
-983 1205
-374 669
-1131 1038
-1601 1670
-302 1474
-729 1783
-705 473
-1553 1633
-561 582
-550 713
-1127 1872
-530 1232
-29 1869
-1808 922
-1628 844
-1617 1905
-1064 210
-735 848
-730 716
-1330 1182
-722 662
-450 1794
-525 1506
-156 1118
-279 1681
-1510 579
-727 27
-766 1920
-1299 1742
-899 684
-33 1329
-1542 889
-486 1138
-1373 1987
-1619 298
-589 603
-1357 62
-983 1500
-1758 1901
-1863 1179
-1200 1748
-1220 888
-1710 1109
-516 518
-385 1992
-331 937
-1684 826
-786 665
-1033 1018
-225 704
-1918 1548
-305 1502
-1478 762
-410 226
-752 1001
-1043 137
-729 322
-613 1987
-452 1391
-1277 1258
-75 1087
-615 1247
-355 1678
-1184 596
-1924 1411
-1168 1830
-1770 1366
-1363 197
-304 1391
-1004 583
-1060 615
-188 1381
-939 1590
-1405 1089
-542 1403
-1947 1938
-1322 44
-1758 1967
-290 1893
-700 1176
-511 768
-419 1096
-1889 741
-1561 1575
-1090 591
-680 763
-194 1752
-1671 1665
-550 329
-291 1747
-1285 1743
-586 683
-200 860
-890 1867
-1236 486
-394 282
-1409 1784
-1416 1462
-1323 199
-1772 375
-1511 508
-1700 272
-87 1895
-967 649
-379 58
-911 1982
-1010 1828
-734 577
-1781 1523
-1357 684
-1 1396
-131 1542
-1233 847
-1532 1121
-1043 886
-376 1166
-353 1375
-1733 114
-836 730
-1878 184
-1328 160
-1163 403
-1986 1931
-1827 419
-502 1576
-202 1292
-930 570
-1832 520
-144 1730
-1732 449
-1576 1750
-389 1840
-1830 948
-1939 1940
-393 69
-1568 1537
-1406 316
-1128 921
-1896 1804
-1148 928
-1018 850
-1262 925
-1289 125
-138 396
-1345 723
-207 281
-1031 175
-1779 416
-59 337
-1769 556
-219 1438
-1284 1703
-912 941
-552 27
-1053 1870
-364 1083
-1005 1465
-6 952
-1702 464
-1541 562
-1119 1918
-227 1624
-576 1720
-518 840
-484 519
-1140 323
-1842 845
-1775 1801
-799 1439
-858 1528
-375 192
-366 1698
-767 808
-1075 891
-1746 125
-90 1573
-1735 667
-1527 930
-1084 946
-1566 887
-1775 88
-1641 1906
-1996 467
-821 1169
-1013 1299
-1110 224
-246 291
-71 282
-1868 885
-1131 1696
-1862 1217
-1655 969
-1623 130
-1836 669
-1899 1077
-1812 1376
-1810 1711
-1980 1297
-1401 698
-1236 795
-1762 1925
-1855 493
-772 1492
-455 724
-1367 2000
-874 1100
-596 1333
-225 20
-61 10
-886 279
-364 1564
-569 1385
-282 828
-1038 1916
-356 801
-24 427
-1675 1047
-1310 187
-597 1863
-4 1362
-445 1589
-1758 1116
-1255 847
-1771 362
-856 302
-963 1816
-1326 1038
-1810 535
-263 1334
-622 806
-841 940
-983 1095
-773 626
-264 1394
-2 205
-1079 706
-1153 1032
-913 834
-1589 1919
-65 1668
-154 1270
-365 1323
-1615 353
-1034 1726
-114 944
-1571 1428
-1905 270
-1555 1232
-919 1434
-1036 1574
-347 244
-681 1099
-1969 1353
-425 14
-1263 1389
-897 406
-1070 276
-999 1089
-1044 885
-1507 837
-86 965
-218 1192
-586 1270
-69 300
-1682 1157
-965 530
-539 547
-1645 1055
-1727 800
-1877 1186
-26 628
-1778 141
-921 4
-722 1571
-702 1007
-904 643
-138 35
-1577 1484
-573 1593
-1688 599
-508 1012
-1683 803
-1201 681
-441 1851
-1323 507
-1259 819
-380 1480
-1461 1524
-1777 710
-1473 337
-1999 1993
-699 1853
-1296 573
-397 208
-1142 1338
-1239 1099
-226 629
-542 1056
-1959 424
-1265 1469
-1304 681
-1723 704
-1700 1297
-648 162
-937 198
-1159 1432
-1532 1979
-1612 232
-240 338
-1444 1596
-1634 1915
-1665 1585
-1794 1150
-1455 57
-831 210
-1176 887
-1038 1218
-888 494
-1023 817
-1136 1589
-1188 1005
-1150 1741
-298 163
-1499 699
-1850 1444
-700 760
-279 184
-1543 1681
-409 1246
-134 155
-660 109
-1061 712
-1018 1753
-440 292
-1458 1868
-821 1469
-824 1133
-305 784
-1197 1000
-432 1886
-960 1664
-726 1880
-491 176
-143 1272
-177 669
-892 6
-195 911
-622 1710
-687 360
-364 602
-1646 429
-1506 577
-102 1006
-356 1517
-1929 1996
-1643 1793
-68 334
-928 400
-1267 212
-1818 595
-1233 295
-1671 1746
-1816 1536
-1612 1800
-1202 27
-164 1910
-816 462
-442 1154
-1481 1598
-597 1594
-1231 851
-1731 1370
-128 1839
-1494 649
-481 94
-1741 945
-386 1399
-235 584
-1130 745
-279 285
-871 788
-92 538
-1327 1571
-490 264
-1703 1034
-311 1031
-1055 58
-1639 1804
-628 1531
-20 968
-170 1727
-1939 1115
-1742 545
-1527 698
-877 905
-602 532
-1311 14
-960 802
-209 920
-618 1955
-1065 616
-967 1639
-411 945
-1451 722
-128 991
-1573 1769
-329 84
-1929 231
-1843 1376
-1324 1180
-1592 592
-365 795
-1638 1146
-361 1336
-344 1750
-1240 229
-734 773
-233 570
-1764 946
-723 853
-1813 1159
-572 1261
-342 1878
-996 1994
-1257 197
-714 1427
-1143 76
-862 1174
-741 1388
-1554 1923
-1193 502
-1293 1442
-894 462
-70 1104
-1703 130
-1922 1862
-1538 1940
-1920 1564
-1681 1721
-1761 1683
-990 816
-937 1292
-1583 486
-1944 754
-903 674
-233 1283
-1668 941
-1255 452
-1747 1319
-240 1727
-29 1499
-790 775
-1652 57
-816 921
-1193 941
-731 238
-1367 1810
-1017 1474
-819 1342
-1475 623
-1643 1630
-1560 61
-1620 727
-1733 392
-1451 827
-1114 1013
-760 1292
-1382 1544
-1284 574
-882 503
-357 1093
-1125 1154
-319 1123
-227 1013
-72 685
-1237 499
-540 1317
-690 1448
-1752 1611
-223 1984
-1199 1608
-689 1784
-1204 1835
-257 505
-803 1420
-1019 560
-1186 1976
-425 1744
-1050 835
-1054 73
-706 425
-1075 1933
-11 392
-1886 945
-352 780
-864 1100
-1039 1564
-1635 126
-411 1327
-1011 842
-93 1396
-1190 1823
-883 1474
-388 62
-1251 1776
-1161 444
-963 1581
-1779 1371
-1703 1591
-80 1093
-361 819
-408 1848
-1629 1015
-1590 428
-1361 913
-496 1937
-1852 1487
-1609 849
-906 27
-1862 1144
-1964 706
-1603 382
-1342 878
-815 1710
-1685 922
-1815 845
-565 438
-511 595
-287 804
-1862 673
-1503 129
-188 456
-1338 171
-1842 939
-848 792
-606 1396
-1244 728
-1247 721
-1593 920
-682 347
-375 1217
-214 589
-64 1759
-1059 742
-1953 50
-98 822
-1281 1790
-317 778
-952 1391
-308 1256
-593 461
-109 1138
-334 76
-867 693
-1376 116
-516 1874
-825 1005
-1080 357
-272 1888
-1106 1173
-567 419
-568 22
-1580 1086
-538 1284
-1343 1595
-1974 536
-687 277
-462 1282
-1285 144
-1169 74
-1531 589
-1645 460
-973 660
-1190 1792
-1582 555
-1814 522
-1021 38
-1993 1106
-523 1163
-1567 1337
-1551 397
-64 663
-1088 1511
-377 1041
-1162 462
-773 1533
-1731 522
-1019 777
-1519 758
-1590 1709
-1969 533
-1585 553
-1733 1374
-1746 945
-1464 1044
-492 511
-1684 1451
-363 1704
-647 530
-627 1436
-839 436
-1636 587
-641 2
-306 1439
-1861 1771
-741 54
-1932 1375
-120 479
-367 1838
-28 1448
-798 1972
-465 621
-907 1832
-500 1141
-985 215
-323 1183
-1692 1372
-1078 1880
-329 840
-552 1828
-656 1139
-3 384
-1649 536
-504 590
-1383 805
-814 1779
-711 754
-1795 1815
-1120 1624
-1926 1738
-1181 785
-1886 130
-1255 1553
-792 319
-886 1590
-1142 1327
-211 45
-1583 420
-750 466
-1656 1403
-1081 671
-67 1732
-1672 20
-1379 1039
-1880 1239
-799 955
-760 992
-1060 1901
-208 823
-1128 641
-636 614
-1028 1759
-123 1118
-755 1469
-1854 432
-1440 1525
-844 1604
-911 1908
-18 1721
-722 903
-690 428
-928 916
-574 1534
-231 508
-249 946
-251 721
-1505 797
-566 474
-95 642
-1953 793
-1683 246
-437 770
-243 1629
-1797 1096
-930 306
-1777 977
-1007 1708
-127 708
-1326 1401
-1085 911
-624 819
-1177 1502
-1273 423
-1618 1156
-195 1647
-1132 1126
-929 660
-1117 1285
-1772 623
-734 1144
-563 1486
-136 249
-1964 271
-1312 1818
-1969 374
-486 653
-383 1263
-785 327
-580 1525
-366 1716
-1086 882
-1456 1970
-457 1806
-1912 1717
-1265 1497
-361 961
-723 1923
-1169 426
-620 673
-1083 1123
-1270 828
-463 1714
-140 481
-296 103
-1657 938
-1598 1245
-1783 737
-1135 443
-1324 141
-1635 483
-1770 1094
-26 855
-507 1104
-1029 404
-1832 1257
-126 1215
-4 847
-836 1048
-1688 1630
-150 219
-1082 977
-1890 363
-931 1650
-1530 1231
-1160 327
-1806 1091
-188 866
-723 1758
-1791 1246
-999 719
-937 206
-1111 1546
-1903 962
-770 1550
-269 549
-1949 471
-1300 1185
-368 1082
-1649 1577
-1509 294
-194 682
-217 1712
-1074 1214
-1014 591
-1747 1727
-116 1294
-276 297
-1588 1011
-1512 1822
-1440 264
-117 851
-786 1550
-1066 203
-1402 1556
-1572 442
-1945 63
-1660 461
-915 325
-994 1463
-1928 183
-1919 1242
-1357 477
-971 1977
-1381 1638
-161 40
-422 1255
-1347 1134
-608 1334
-53 725
-1911 1830
-1217 1024
-177 968
-1039 433
-947 619
-57 1156
-424 1531
-1432 1788
-1230 1766
-1888 957
-483 1496
-1452 265
-1768 194
-1192 1134
-592 1910
-815 1550
-673 948
-630 1925
-774 585
-1206 643
-107 912
-1109 1520
-1830 396
-36 1501
-98 206
-1042 103
-897 527
-1397 805
-1838 585
-1909 1337
-371 1356
-1543 1490
-1000 836
-1847 1619
-742 899
-1259 1556
-327 978
-1800 228
-976 1889
-1790 1231
-1494 402
-1095 81
-208 1656
-897 553
-1358 198
-303 908
-540 772
-772 1192
-1893 1599
-53 328
-359 153
-1192 1343
-1119 878
-697 1587
-1760 1718
-1639 1301
-1475 431
-416 350
-854 364
-411 1835
-1251 182
-395 1271
-1658 1209
-1149 1953
-362 312
-1643 55
-1301 252
-1072 627
-38 345
-676 1277
-364 251
-1365 1690
-248 1629
-1059 1226
-797 1142
-587 840
-1362 722
-1920 453
-1027 125
-951 44
-429 1577
-1388 181
-1141 270
-551 1802
-506 901
-1933 607
-1418 508
-1549 1689
-609 1026
-258 1506
-565 1007
-844 120
-1350 20
-929 754
-650 1839
-56 67
-423 961
-1682 208
-1343 1607
-41 1546
-1943 1272
-1843 1400
-1074 1490
-388 1894
-1855 1992
-1201 1953
-669 219
-297 206
-1864 1468
-1592 490
-1267 1994
-1490 1379
-917 772
-1989 1113
-43 1112
-1552 1482
-47 772
-205 290
-1097 1143
-92 517
-1775 1787
-88 732
-1635 1098
-1344 472
-1395 1659
-359 1458
-1247 1120
-142 243
-228 1992
-1999 393
-1717 738
-1938 213
-142 1264
-63 571
-1699 615
-843 1737
-840 142
-1620 712
-972 759
-797 1835
-1859 1183
-433 6
-403 147
-1578 1943
-119 1494
-1310 1543
-1097 1990
-691 1510
-1927 1869
-1347 1689
-344 974
-1632 1468
-928 1805
-540 102
-1273 704
-1653 629
-1628 1511
-811 292
-1341 1117
-898 1141
-1264 1773
-772 1416
-500 661
-1946 980
-153 1410
-1754 268
-259 33
-29 209
-858 1047
-1198 525
-491 376
-1241 1556
-451 1912
-1967 491
-1424 1642
-750 1261
-1398 1541
-1713 778
-1693 1509
-31 456
-178 1619
-1969 1020
-56 1932
-1621 1450
-635 1965
-1291 431
-1992 1225
-135 1829
-1701 83
-1555 237
-110 1528
-1982 91
-1254 767
-813 523
-824 127
-941 1455
-1744 1341
-876 1698
-124 831
-962 623
-780 1853
-1664 1403
-263 823
-772 60
-1142 1596
-1473 1574
-82 1520
-992 375
-986 201
-1738 1676
-1451 511
-1833 1879
-1229 1747
-1131 1836
-1654 979
-566 1813
-1468 1794
-647 1521
-649 995
-581 1643
-1761 809
-1065 516
-791 326
-759 1776
-1465 139
-1750 1209
-330 1372
-1500 826
-99 46
-1223 1766
-1031 1942
-501 587
-1593 884
-1702 624
-1582 1895
-912 1256
-1005 352
-1323 1237
-1398 659
-615 1014
-1778 1381
-299 999
-1482 900
-75 1080
-441 1831
-631 289
-1924 463
-387 217
-584 1078
-1543 73
-105 1618
-500 1567
-1147 726
-1133 766
-1459 872
-1266 1412
-1451 485
-726 735
-371 198
-299 116
-1230 54
-739 690
-718 35
-739 1650
-630 1452
-318 608
-1519 803
-1428 178
-1165 1008
-234 1311
-350 955
-1737 1478
-437 996
-351 1110
-429 1593
-1212 1341
-450 1243
-1441 15
-1169 1224
-935 1628
-1298 1653
-1220 943
-1460 1270
-998 968
-1247 1205
-1553 532
-1146 1720
-1351 760
-561 1384
-192 790
-997 1983
-1186 1710
-1314 1823
-1414 118
-143 928
-543 1016
-1290 1668
-1818 1028
-122 1740
-38 1902
-548 259
-442 177
-787 813
-1874 155
-1097 375
-445 713
-1416 773
-74 40
-459 812
-671 1275
-1191 813
-1150 67
-957 1208
-282 1974
-888 134
-1550 949
-48 1505
-1141 1714
-1987 644
-1741 111
-1476 1083
-1154 1013
-989 1953
-158 1398
-3 165
-12 235
-1200 1712
-1083 1033
-1563 575
-217 1164
-1069 1531
-1327 1103
-145 578
-1058 314
-1773 866
-1730 1649
-1797 661
-1117 1199
-1091 268
-1735 1821
-962 1373
-1829 1693
-1715 1399
-158 814
-321 907
-166 1669
-244 39
-1578 993
-261 147
-364 654
-1378 1170
-744 895
-630 370
-1985 1361
-1724 511
-1669 98
-1907 1620
-1519 370
-1341 1356
-926 25
-1098 1785
-1327 638
-140 1432
-1127 144
-1993 566
-1024 355
-1579 1842
-1551 1598
-400 1155
-789 854
-1170 1479
-1830 1795
-16 443
-695 1989
-1114 1652
-1950 758
-1979 1890
-1342 3
-869 1458
-377 242
-1096 815
-1153 135
-1575 497
-51 1392
-1423 78
-656 1409
-119 542
-534 1461
-607 1980
-294 1490
-440 353
-703 274
-1607 712
-1112 752
-1914 254
-1400 636
-1517 1133
-442 874
-1265 635
-93 98
-6 1564
-492 1599
-192 1140
-1049 1052
-1360 723
-1801 1702
-1246 832
-1059 1498
-1818 652
-1439 1163
-1222 1210
-1712 1091
-1293 1184
-1854 1355
-1283 201
-1843 1405
-1393 1054
-799 184
-882 449
-970 1831
-1172 1974
-628 918
-1217 120
-338 172
-1835 161
-1044 1671
-1604 1897
-1520 587
-789 1921
-293 1908
-446 1983
-364 1597
-1523 541
-755 925
-1018 1392
-1588 703
-1648 1153
-1078 1368
-1876 1569
-1311 1086
-1989 841
-1021 492
-453 785
-1973 203
-1813 241
-982 213
-849 146
-1889 1156
-959 962
-276 1841
-747 259
-931 392
-739 1567
-53 1897
-808 525
-1858 1537
-1464 1888
-1663 276
-1709 1605
-644 446
-428 264
-797 1928
-1979 1038
-1683 1702
-121 1744
-1811 1864
-1647 575
-749 1250
-193 1136
-1299 509
-753 1305
-1068 1031
-485 367
-116 549
-1110 68
-667 176
-1783 539
-283 1392
-1826 813
-402 662
-1835 1863
-994 469
-1604 1881
-938 302
-395 1626
-1127 286
-332 739
-1095 769
-897 1230
-1730 1263
-1701 744
-1659 1562
-338 472
-418 289
-1180 1186
-1703 1257
-1039 1973
-1094 1042
-1202 902
-1355 1632
-892 242
-291 1457
-1448 249
-1027 466
-1950 1203
-1955 1812
-1525 1939
-1585 1522
-228 827
-194 1149
-1073 1892
-1376 868
-1313 327
-516 1444
-1296 740
-1065 1162
-205 1114
-950 1142
-998 826
-1117 999
-1533 137
-1045 1460
-1549 1282
-1812 1931
-1537 1215
-1112 1541
-161 554
-1400 689
-1004 1111
-846 1965
-154 1940
-922 1995
-526 1220
-852 88
-861 1986
-878 1197
-568 1032
-770 1183
-389 1226
-898 689
-605 56
-1236 1289
-777 1753
-724 216
-1038 1485
-1656 1170
-459 418
-875 10
-567 626
-671 917
-1205 1649
-233 417
-1191 2000
-1454 800
-1294 1769
-1545 1732
-1990 54
-1888 1536
-149 326
-424 1228
-560 585
-36 1365
-574 113
-1737 43
-372 1360
-1688 145
-1752 1337
-823 1630
-1315 440
-368 1580
-419 1121
-1543 798
-268 623
-1016 637
-189 1990
-203 1647
-1715 1567
-1997 1246
-976 722
-158 1007
-1276 891
-1886 370
-735 969
-1918 1401
-913 5
-1292 715
-1124 366
-725 1455
-1219 379
-1341 670
-494 174
-705 1103
-1321 318
-1201 1977
-996 1638
-1958 849
-1221 128
-974 1542
-1400 401
-1768 1750
-862 391
-1795 292
-1563 593
-35 913
-127 1589
-1666 1180
-1373 761
-1235 1965
-748 1931
-1689 724
-1469 1771
-1681 588
-588 1943
-1579 552
-1137 665
-1080 42
-776 1414
-1150 79
-46 813
-1028 1843
-1597 832
-1544 1883
-1722 1432
-839 200
-1541 784
-856 1110
-1075 1715
-635 1227
-1850 1018
-1897 1297
-1827 1318
-274 1080
-930 1175
-1180 1016
-34 527
-510 1088
-1717 668
-1326 1278
-874 999
-760 1378
-819 576
-468 1491
-101 1812
-115 1926
-1388 1863
-967 492
-888 452
-1393 1341
-1340 1120
-1617 24
-54 463
-378 1789
-1814 1729
-1932 769
-1949 716
-1396 1020
-945 1236
-1822 654
-1601 402
-588 741
-2000 565
-1478 1803
-1773 1593
-615 1268
-385 522
-1627 1707
-1271 481
-1947 1206
-1441 1207
-1274 332
-1568 1234
-236 143
-1520 1019
-1105 1594
-1160 301
-1268 568
-1977 1572
-1705 1131
-375 1100
-1711 54
-712 513
-652 1981
-1399 749
-987 594
-993 8
-1565 1421
-1152 1471
-291 821
-581 322
-1667 341
-116 947
-829 1639
-1991 396
-1662 1427
-1920 452
-1265 1980
-1321 1669
-5 1390
-409 484
-1805 386
-1797 353
-654 968
-146 1590
-931 1153
-1332 1254
-792 980
-724 958
-869 11
-1950 1206
-1870 1090
-359 1451
-1337 1418
-1558 1321
-19 1539
-1769 1294
-821 793
-1593 553
-1551 220
-629 139
-1803 1337
-1737 1060
-388 1117
-121 559
-1327 948
-831 465
-840 1295
-1946 1674
-925 984
-37 438
-209 356
-1593 524
-329 719
-115 1889
-162 1376
-954 211
-741 1219
-1396 1329
-1901 222
-802 1379
-1979 133
-1143 86
-1504 487
-1898 1274
-1377 528
-2 485
-895 1965
-509 526
-1058 969
-1523 1489
-986 222
-1409 1166
-1906 1430
-878 1225
-1716 256
-1588 1939
-1728 1079
-325 1944
-1293 768
-896 1403
-352 168
-668 1595
-1553 1088
-1493 406
-1737 1089
-1344 1183
-1705 773
-1956 365
-1499 110
-1156 1489
-546 1810
-493 688
-351 1155
-9 1950
-1018 1505
-1238 457
-1106 1439
-607 1875
-284 1795
-1971 707
-1978 132
-173 725
-883 1667
-310 161
-102 456
-461 1265
-318 1933
-600 1714
-866 137
-1776 1213
-1353 795
-1099 704
-218 1265
-507 1431
-158 53
-1192 1758
-865 534
-1861 1296
-563 1483
-88 958
-1365 741
-1020 1708
-249 676
-1178 204
-836 50
-1803 1024
-223 1935
-592 1609
-482 846
-603 1673
-817 1887
-898 482
-687 227
-642 1476
-676 9
-1531 1315
-959 1182
-272 1128
-177 1975
-390 1531
-986 2000
-1524 670
-328 1132
-1723 789
-1265 1010
-377 1220
-127 1564
-1244 1426
-1607 793
-780 1750
-395 1283
-404 46
-741 68
-405 269
-874 1846
-1988 868
-324 1892
-1707 1843
-271 1427
-1005 1855
-844 319
-22 784
-1171 723
-1655 1123
-949 539
-647 270
-1050 1750
-1954 910
-1682 1891
-1252 19
-1318 1642
-1519 49
-1216 1637
-87 1615
-601 979
-498 358
-1262 1239
-1862 1739
-146 76
-120 35
-1221 1968
-34 710
-140 952
-37 334
-1749 657
-262 282
-566 1406
-1338 1660
-1309 72
-1762 1931
-1837 1100
-1700 1474
-806 83
-631 1361
-222 834
-859 920
-266 820
-1823 1745
-297 837
-1111 1957
-1514 1894
-327 571
-1448 1825
-1417 1627
-1549 389
-1558 553
-1655 307
-1332 1358
-78 596
-1159 1083
-225 200
-1521 214
-252 1555
-1116 666
-741 1121
-142 1486
-1533 667
-1674 548
-654 894
-107 1417
-1431 23
-1623 1326
-314 1764
-1128 108
-501 1166
-1765 1355
-1183 91
-920 207
-1493 1873
-357 1277
-144 1714
-1647 140
-1371 44
-855 827
-1616 614
-1444 1525
-50 527
-769 1397
-988 911
-1346 1608
-1767 969
-1261 84
-753 268
-1839 1230
-470 450
-1677 436
-935 1156
-369 709
-1919 1695
-1999 1305
-1239 1353
-856 1652
-1042 394
-1038 1056
-1059 1677
-443 1850
-1580 546
-1044 1102
-459 1157
-939 588
-1993 580
-1335 1066
-845 1202
-431 901
-227 1731
-327 382
-1127 947
-566 546
-1542 800
-1119 685
-1090 1996
-1946 1692
-1922 390
-24 1752
-90 1212
-1136 652
-1513 1224
-1895 1569
-296 1902
-1650 1805
-1554 399
-1914 1492
-1613 912
-1361 111
-861 1633
-837 1780
-323 253
-545 67
-340 1889
-1146 780
-1799 478
-1082 221
-650 1051
-1868 622
-1448 1330
-380 1616
-1997 621
-1601 426
-1967 121
-1969 785
-341 426
-730 130
-1491 1314
-1318 723
-1838 859
-476 408
-1119 347
-1277 1404
-609 310
-324 1437
-1392 418
-333 1695
-482 1898
-1498 1398
-1622 1787
-461 1066
-516 1158
-440 580
-1172 368
-490 140
-172 1704
-1577 1785
-1171 1429
-1353 251
-562 84
-133 500
-529 1799
-1116 732
-1102 937
-425 905
-487 1401
-255 843
-212 344
-1709 1748
-1551 164
-1387 1938
-815 1763
-775 1084
-1998 816
-959 461
-134 1340
-215 33
-1960 1813
-871 1160
-598 1536
-1518 528
-552 116
-1239 1310
-1316 1790
-765 1017
-666 1030
-64 1351
-489 1763
-1866 1605
-784 1167
-400 771
-1847 494
-716 910
-1332 149
-222 99
-1383 1635
-1312 766
-137 1934
-1934 1787
-1055 223
-1260 805
-1137 1111
-1885 1482
-943 550
-305 709
-1977 1823
-1159 1695
-1946 683
-639 134
-256 1001
-893 20
-1428 1564
-1304 1298
-143 28
-859 556
-69 614
-47 962
-922 1763
-210 204
-1325 562
-1245 1136
-1685 1760
-405 229
-1828 1043
-180 1271
-203 744
-66 1540
-1407 1412
-1129 1898
-1650 577
-1379 1703
-1955 1584
-649 574
-1998 1621
-1253 661
-1567 1451
-1038 1951
-933 1013
-691 1134
-1610 88
-211 1035
-1480 510
-1558 1811
-484 1458
-1498 290
-813 852
-1277 1993
-908 1331
-1803 942
-684 111
-309 190
-904 575
-1857 1384
-91 456
-963 1398
-1030 547
-1391 181
-1135 1757
-451 1377
-1334 1400
-1926 1263
-776 1534
-817 254
-1925 1727
-926 18
-1313 131
-44 1978
-408 1290
-637 1235
-1832 1783
-1446 1104
-712 207
-192 1078
-312 1268
-853 319
-98 19
-189 530
-1750 834
-964 899
-1401 1792
-369 1590
-1324 298
-1417 900
-1032 395
-1958 1106
-1227 1290
-13 1850
-1492 1656
-1444 959
-1573 1003
-1315 718
-1427 1440
-120 89
-1934 1429
-1397 203
-1830 945
-332 1455
-611 1356
-175 1628
-206 1494
-244 9
-596 1040
-477 60
-1566 724
-31 1914
-87 1877
-585 1221
-1313 631
-327 914
-449 1750
-1734 1174
-696 999
-1052 1150
-685 1674
-297 1629
-1840 271
-1599 877
-317 408
-1187 1546
-247 1440
