1550 2000
-1063 -675
-568 693
-910 1170
-223 437
-160 362
-761 701
-1266 1455
-1238 1463
-641 955
-685 1300
-463 68
-1427 1536
-1390 603
-61 1363
-691 1338
-1305 1055
-1080 1225
-739 1038
-247 1395
-1332 358
-1105 429
-503 935
-86 954
-1308 382
-170 1358
-614 1498
-991 339
-427 292
-707 452
-1018 1023
-1282 749
-186 1420
-918 171
-864 1031
-800 824
-579 101
-1081 979
-549 613
-674 1209
-1160 740
-40 941
-873 69
-999 679
-951 817
-108 1395
-1158 641
-413 1411
-1298 300
-400 378
-743 1337
-626 654
-401 1284
-1002 611
-750 904
-896 646
-993 493
-1090 412
-565 1114
-1356 754
-361 294
-805 807
-40 69
-85 1280
-1240 1312
-1345 314
-1202 1035
-603 658
-995 1149
-88 1245
-1183 965
-558 651
-1255 1462
-442 1458
-1293 904
-576 850
-1248 650
-1274 700
-955 1281
-631 850
-1013 1033
-554 41
-684 185
-1374 1213
-98 1406
-389 340
-161 948
-22 304
-276 1062
-713 577
-624 742
-1206 740
-346 1184
-1166 597
-1358 615
-229 429
-1445 1071
-1136 523
-1288 132
-781 439
-756 279
-434 1196
-279 951
-3 1098
-1134 748
-1273 1454
-363 1297
-637 501
-451 1531
-197 522
-866 1010
-933 1257
-1100 778
-338 12
-347 1153
-401 1046
-1512 676
-1307 1240
-1532 919
-1409 845
-1475 289
-482 1456
-436 1532
-370 1377
-771 1396
-509 855
-174 274
-85 1541
-309 871
-1100 383
-505 1398
-893 1405
-620 202
-1395 135
-84 266
-775 350
-420 538
-252 523
-873 770
-1118 900
-1392 166
-909 413
-977 1024
-554 607
-1328 687
-376 1103
-912 916
-489 1450
-1527 174
-476 1087
-1331 486
-843 1540
-1214 581
-37 452
-977 960
-698 555
-186 231
-1183 794
-1015 801
-1162 1171
-391 826
-973 377
-1128 593
-583 14
-1252 1285
-683 264
-444 556
-214 1102
-429 1016
-711 1292
-1089 1527
-477 406
-1191 1220
-769 788
-39 740
-403 1540
-1096 976
-536 720
-748 1079
-511 1501
-696 717
-1272 174
-664 1145
-1170 759
-3 488
-1472 930
-1020 588
-1253 957
-1252 533
-487 1467
-1217 919
-676 788
-125 1415
-487 592
-103 729
-1430 295
-1543 144
-83 1072
-1530 531
-26 621
-1537 732
-546 332
-840 837
-134 1002
-766 847
-202 280
-1507 1156
-225 402
-1106 1039
-1070 212
-1337 1496
-323 619
-602 958
-772 1007
-1357 976
-38 449
-74 1535
-1135 649
-1539 978
-590 591
-950 968
-241 287
-913 1314
-536 390
-1320 516
-487 133
-1517 1409
-337 1407
-638 635
-848 1046
-1517 1104
-881 1111
-889 272
-1420 263
-1177 1233
-1241 494
-677 382
-367 1086
-1490 667
-1234 914
-120 1054
-710 1287
-1510 1520
-1151 1069
-523 693
-648 622
-985 856
-760 952
-749 510
-808 1505
-1057 756
-804 608
-1075 812
-339 1350
-1417 1040
-453 150
-344 972
-1381 1521
-147 195
-1409 135
-1383 794
-117 88
-793 1228
-1226 627
-291 1223
-974 1259
-415 25
-1293 69
-1160 1361
-966 787
-230 620
-1156 463
-32 1094
-1313 537
-177 1432
-750 285
-564 623
-1030 872
-1256 1509
-1202 240
-524 1408
-1114 220
-1078 837
-425 1505
-982 1010
-389 417
-410 148
-745 1546
-1270 1271
-290 101
-832 112
-231 129
-129 241
-1148 701
-1542 239
-573 1501
-52 1390
-1031 951
-1393 683
-231 500
-1117 1033
-1395 1547
-1289 628
-915 1053
-829 712
-476 611
-222 502
-639 637
-332 234
-704 954
-302 714
-413 1273
-131 103
-278 390
-873 450
-1273 1339
-73 375
-127 362
-960 828
-108 1030
-154 16
-347 821
-726 175
-1314 1247
-131 107
-977 933
-1306 336
-1417 265
-879 1374
-241 194
-130 1493
-1314 188
-295 1185
-731 898
-1514 705
-728 520
-191 1288
-1223 1222
-232 381
-188 1449
-1404 1013
-1045 1088
-1372 1549
-365 486
-1102 1434
-938 1373
-1359 849
-1478 497
-1005 598
-1204 253
-233 897
-1529 228
-955 180
-516 995
-1198 1334
-472 21
-795 1374
-929 294
-98 501
-37 1366
-44 639
-709 656
-894 162
-259 1528
-1284 1117
-1173 1335
-232 405
-242 520
-39 1070
-632 339
-1175 647
-335 57
-791 1468
-145 1480
-604 819
-536 9
-259 116
-506 900
-1240 1028
-112 1528
-1325 1363
-1232 1253
-1087 1545
-772 926
-226 65
-1360 1279
-678 624
-681 905
-625 995
-1474 1370
-1224 129
-299 413
-1372 723
-1293 1375
-1248 1074
-547 111
-69 1495
-824 142
-1223 1238
-47 1407
-774 627
-579 1151
-990 1154
-1013 800
-521 669
-430 1130
-70 1361
-598 404
-998 690
-1377 1450
-340 1473
-788 1176
-356 583
-711 997
-482 999
-1095 53
-1548 1435
-1227 656
-158 679
-1286 776
-19 1165
-849 91
-653 484
-1426 1484
-1072 855
-1128 208
-786 926
-912 1434
-442 877
-812 1097
-515 727
-401 560
-1321 591
-982 881
-1350 858
-1414 1103
-445 1357
-979 514
-1419 1446
-447 248
-576 1051
-972 1537
-1355 1502
-28 1223
-1294 1215
-428 380
-1175 500
-1183 490
-1345 198
-675 980
-1363 364
-881 936
-1207 387
-1289 1128
-17 1462
-1144 727
-358 162
-1430 1232
-1000 802
-421 1124
-802 679
-1519 440
-603 1055
-129 513
-1374 1504
-304 210
-257 875
-27 1128
-1094 1300
-1353 1450
-584 1279
-1400 226
-366 1099
-397 1290
-1524 222
-207 1421
-1081 1069
-649 607
-1458 1173
-1102 665
-10 246
-584 1547
-1210 103
-718 828
-795 284
-1337 893
-766 467
-974 662
-702 992
-1182 1521
-1299 912
-660 291
-979 442
-354 1319
-812 441
-1354 1056
-384 366
-865 148
-209 622
-599 1381
-944 929
-1546 950
-1033 1346
-976 756
-1381 1358
-950 417
-979 711
-119 1331
-1340 547
-1134 755
-1466 1309
-123 1443
-507 1503
-12 899
-611 750
-1473 821
-848 699
-251 471
-911 1429
-409 207
-1154 131
-1133 222
-1154 588
-604 14
-598 1005
-1214 55
-781 2
-1114 477
-1502 476
-740 1443
-1242 700
-981 468
-1370 26
-521 1405
-1189 1357
-257 488
-1091 336
-1231 591
-721 1069
-1390 734
-1080 931
-1548 940
-425 1111
-1016 258
-438 1115
-742 431
-1435 478
-770 435
-185 1244
-850 150
-720 1249
-1335 1098
-788 515
-843 212
-914 112
-892 47
-346 1133
-887 698
-986 337
-565 28
-1481 867
-733 1311
-811 1375
-988 280
-433 778
-300 654
-804 1475
-1274 1169
-488 275
-1431 1032
-1349 1503
-592 858
-612 995
-693 253
-788 477
-965 56
-361 533
-622 1382
-1063 404
-1187 898
-303 1243
-818 1013
-879 1149
-150 542
-227 1415
-219 236
-662 395
-920 1321
-938 546
-1407 1091
-160 391
-661 882
-743 870
-165 1335
-596 1271
-139 1220
-1058 927
-219 613
-1272 1411
-9 918
-322 510
-271 268
-210 345
-998 400
-386 477
-1256 1373
-1516 1391
-266 350
-1548 306
-672 1213
-113 292
-1398 626
-15 728
-1519 67
-1400 558
-667 558
-1206 702
-515 1116
-240 437
-337 630
-1383 11
-41 330
-391 190
-601 536
-278 454
-380 1438
-1471 1033
-1082 1143
-319 1007
-1509 321
-1444 478
-1534 493
-595 20
-1057 1547
-955 663
-71 772
-869 1190
-272 1364
-1338 258
-827 1457
-667 1501
-1377 22
-970 473
-837 1294
-348 1088
-799 1
-55 1097
-1492 1275
-682 267
-1301 103
-494 303
-1419 1191
-247 985
-789 769
-510 516
-1467 194
-616 1224
-342 193
-376 1360
-391 799
-526 475
-953 874
-27 1448
-149 683
-1413 196
-611 101
-275 673
-442 737
-1367 114
-39 564
-1238 1120
-1485 968
-472 814
-847 1189
-387 530
-889 1187
-534 1293
-618 1206
-454 1246
-1319 1389
-647 1212
-1276 1126
-232 1148
-847 952
-1308 329
-1538 850
-71 443
-872 102
-974 713
-953 368
-1180 351
-1168 1510
-407 1180
-344 163
-281 827
-684 1422
-1323 859
-613 1086
-584 1367
-1346 211
-117 54
-937 1453
-705 932
-1032 993
-29 385
-3 1126
-407 1491
-428 1260
-1189 1510
-1132 1321
-945 1220
-401 1180
-57 677
-104 376
-1058 998
-405 414
-1404 724
-1121 1139
-435 37
-979 783
-300 1463
-1463 647
-1358 442
-537 140
-785 844
-1057 354
-205 929
-1249 222
-158 1117
-1253 1319
-438 488
-394 396
-767 192
-1435 148
-658 666
-1109 1482
-467 955
-1134 355
-1467 1184
-345 1528
-127 730
-554 37
-754 223
-549 1069
-737 305
-253 932
-1257 430
-26 1464
-194 184
-1310 506
-1157 717
-1401 1449
-1057 1523
-1231 603
-594 529
-1244 341
-1436 1394
-859 134
-509 633
-1325 414
-1306 824
-438 1501
-605 57
-351 931
-728 332
-750 1368
-619 396
-869 125
-254 1277
-865 798
-1173 1093
-430 1299
-779 1030
-266 376
-223 1494
-43 898
-735 170
-484 1239
-943 636
-79 1311
-734 1065
-230 1443
-422 736
-11 474
-1062 1178
-911 23
-524 965
-799 1396
-680 453
-509 1384
-1527 1382
-46 798
-948 1163
-514 435
-1006 1069
-389 648
-115 309
-1084 1079
-898 165
-1146 1215
-313 497
-210 683
-842 935
-857 322
-796 1246
-280 1206
-728 935
-694 1284
-194 1147
-987 990
-1371 69
-873 1299
-962 1259
-677 1058
-1141 1207
-772 368
-32 838
-1421 446
-1315 210
-694 1164
-7 893
-637 161
-236 246
-103 880
-749 405
-217 1312
-217 31
-774 851
-737 264
-160 330
-1004 1468
-50 455
-184 637
-128 73
-41 726
-470 898
-1065 326
-661 1022
-88 739
-557 1007
-19 1352
-708 470
-1488 588
-1541 542
-764 272
-163 900
-276 178
-459 410
-821 766
-730 1118
-1250 257
-895 1448
-639 401
-1414 669
-1383 963
-77 130
-510 456
-26 296
-1165 743
-34 1099
-49 1535
-342 749
-1054 1019
-634 962
-50 512
-539 592
-991 860
-1228 28
-1368 680
-1504 265
-795 1214
-926 538
-518 1161
-1473 447
-877 1526
-614 1516
-1272 115
-272 1155
-600 618
-899 99
-80 200
-442 635
-973 538
-1076 489
-68 1041
-124 1264
-818 1187
-508 58
-905 240
-222 1394
-420 388
-543 990
-830 1365
-169 375
-1053 548
-1064 169
-1227 924
-852 1297
-224 1115
-925 354
-87 378
-368 148
-863 1019
-96 477
-389 955
-1467 1459
-1360 262
-1470 1164
-538 1533
-563 1547
-144 1152
-1223 1542
-580 794
-1521 138
-298 186
-580 784
-926 151
-576 584
-1177 1187
-1293 515
-1363 185
-898 299
-177 718
-112 914
-369 565
-1028 475
-570 625
-33 125
-119 1310
-347 116
-1210 541
-591 1085
-338 1217
-288 403
-1443 1114
-1056 297
-1265 311
-503 225
-1231 695
-153 895
-623 675
-1303 196
-112 23
-1043 41
-406 301
-585 1271
-1266 1148
-706 698
-280 642
-571 240
-1480 974
-405 380
-1467 121
-448 1123
-663 1369
-94 706
-1146 783
-1248 1517
-413 191
-1042 209
-914 1320
-1382 975
-1157 30
-87 27
-766 203
-1136 1451
-1467 298
-351 691
-464 502
-392 1384
-1324 1095
-1125 730
-1091 350
-1112 1224
-330 1396
-79 596
-897 1248
-696 488
-1051 664
-1230 1242
-1231 386
-776 983
-874 1446
-993 209
-622 501
-279 938
-602 359
-1392 30
-247 1549
-858 643
-1430 445
-789 988
-644 1010
-884 845
-79 1374
-507 519
-185 355
-94 742
-483 1496
-202 1540
-1129 1264
-370 1242
-203 1113
-992 388
-473 386
-802 1232
-168 1404
-778 1078
-853 446
-402 440
-1328 741
-438 113
-1207 113
-1303 1301
-1381 1421
-1196 1539
-595 783
-1022 241
-228 1085
-647 595
-101 1041
-1499 1548
-1026 101
-1372 1201
-1197 847
-1150 98
-662 151
-915 101
-829 265
-136 1424
-567 684
-1445 744
-1313 843
-328 514
-719 1031
-687 1041
-139 525
-250 378
-1082 1177
-633 325
-1459 1540
-323 709
-1350 724
-403 722
-166 532
-1030 406
-748 1031
-82 406
-1202 49
-840 849
-1062 602
-1176 300
-240 553
-781 252
-189 233
-1165 451
-213 21
-1318 411
-753 65
-1434 31
-133 396
-1291 1203
-52 1384
-1259 935
-269 1323
-712 1393
-454 605
-1114 82
-1158 489
-65 1455
-839 1018
-1164 1082
-557 649
-409 955
-413 1533
-645 390
-326 13
-946 1275
-5 794
-1506 1056
-31 1383
-220 781
-719 1217
-636 266
-1157 190
-1172 1094
-478 489
-844 602
-786 1158
-1113 445
-1525 903
-17 282
-1254 555
-1443 1306
-122 1113
-1175 1550
-619 319
-700 1293
-426 316
-1211 194
-1544 661
-434 1537
-1138 483
-749 320
-313 108
-680 574
-170 122
-975 427
-908 219
-1511 457
-874 1104
-264 360
-988 1252
-861 79
-498 1298
-1148 751
-570 854
-514 1274
-851 69
-918 48
-327 653
-37 1503
-716 1542
-620 1052
-311 1119
-1468 439
-523 1447
-1469 136
-1431 293
-594 844
-544 1209
-830 1104
-1521 1221
-406 63
-379 1381
-1117 1544
-1065 789
-40 1042
-1535 507
-560 768
-793 1340
-207 1133
-964 1018
-199 23
-803 1448
-672 1224
-1002 425
-439 340
-497 651
-1167 1244
-331 764
-273 431
-475 733
-643 728
-1383 318
-559 1191
-636 199
-808 475
-1194 698
-753 1491
-233 1492
-1182 336
-324 974
-43 1514
-667 595
-718 297
-1135 982
-1334 476
-392 1380
-151 1226
-1149 1022
-34 1269
-38 767
-875 983
-1462 802
-1320 161
-102 742
-159 55
-693 415
-115 432
-1304 351
-1497 1536
-895 112
-6 273
-889 1202
-1170 613
-409 1007
-744 1493
-1120 27
-1273 1389
-1122 827
-624 967
-775 148
-830 25
-464 1431
-738 45
-1506 910
-204 617
-954 840
-129 757
-1498 586
-608 1064
-315 868
-1491 345
-402 959
-1350 1458
-1482 1060
-1244 1504
-1168 204
-881 1203
-667 48
-455 174
-1338 748
-1351 1390
-840 1168
-396 1086
-1270 1180
-126 1446
-436 1531
-832 1357
-411 1329
-1114 937
-942 327
-1053 334
-504 1252
-448 14
-775 960
-448 1348
-329 117
-1054 359
-1029 1024
-193 858
-53 423
-686 958
-78 995
-1048 1271
-96 277
-347 715
-1275 1450
-57 245
-927 806
-1140 942
-429 1006
-440 1509
-1545 832
-259 1160
-355 103
-335 114
-166 357
-390 570
-856 1388
-1380 1132
-1330 377
-250 872
-272 130
-1273 868
-713 558
-626 477
-1101 1418
-1450 1469
-412 1320
-1473 1038
-472 1069
-1503 1163
-964 1470
-1209 248
-1429 1314
-812 1063
-1141 135
-391 852
-472 165
-1178 847
-165 1033
-68 1229
-443 1411
-1416 1328
-9 902
-556 461
-513 223
-454 1080
-915 723
-1161 1168
-978 1027
-1302 623
-244 99
-802 1489
-1043 107
-1303 656
-496 1313
-663 204
-963 1432
-967 53
-194 1437
-1496 125
-835 1191
-1078 277
-1364 44
-22 855
-998 1389
-753 1125
-1300 1334
-1061 1112
-856 614
-392 362
-234 936
-1359 1296
-197 421
-217 1062
-1347 1115
-78 1357
-165 21
-763 1391
-1473 1356
-520 547
-225 982
-92 1443
-857 1115
-180 769
-1216 1169
-433 288
-1259 413
-1184 1392
-1179 1345
-1084 42
-1500 688
-1063 1037
-1009 1396
-755 1
-1464 916
-891 1506
-754 1161
-331 225
-1032 297
-782 704
-644 1273
-536 1383
-463 1202
-830 505
-704 410
-538 1364
-229 885
-188 807
-412 1460
-948 350
-117 1357
-949 409
-104 109
-372 336
-433 381
-1316 1509
-992 1366
-1216 746
-320 583
-1387 167
-527 438
-862 1390
-1177 1345
-770 1000
-815 309
-39 90
-279 179
-736 579
-1346 1068
-736 665
-778 553
-511 811
-539 1190
-694 919
-1314 1496
-1523 1307
-1491 1179
-1252 1471
-510 1227
-1445 56
-646 207
-494 218
-1353 244
-141 955
-1123 1271
-1033 308
-1491 183
-1542 1381
-559 718
-889 734
-389 67
-1504 305
-947 787
-1025 241
-1342 837
-293 572
-382 428
-745 1016
-1226 83
-896 630
-1434 906
-1311 1492
-844 908
-1034 163
-1068 1292
-793 1108
-101 436
-115 344
-1250 281
-1324 795
-802 154
-1285 1113
-1458 1453
-180 129
-317 459
-880 852
-1480 613
-819 1053
-24 501
-219 222
-1030 40
-961 1446
-993 1534
-947 818
-462 1418
-363 516
-616 1327
-755 624
-594 587
-800 164
-949 342
-1331 1434
-673 1319
-34 1462
-74 1270
-663 596
-61 419
-1532 1383
-1241 1536
-1180 1040
-169 1442
-1253 1125
-111 346
-863 189
-553 773
-550 1206
-388 674
-1017 191
-868 490
-1279 1496
-1383 1076
-139 1472
-31 741
-882 164
-472 701
-550 75
-360 1132
-766 810
-526 57
-639 292
-267 92
-733 1353
-215 1440
-1160 8
-952 931
-974 1059
-981 1413
-190 260
-1404 1270
-1076 112
-634 465
-1402 183
-2 904
-1466 1252
-1178 320
-1504 785
-597 976
-1150 477
-1491 584
-1389 1137
-534 638
-801 1011
-547 534
-1437 1284
-175 1310
-1311 1426
-9 435
-802 1388
-1504 1067
-652 107
-1548 1463
-673 626
-442 1069
-613 987
-1035 18
-157 1426
-752 428
-586 723
-534 1112
-1230 741
-487 428
-1205 759
-1131 486
-1403 901
-1169 472
-424 1414
-287 468
-1144 364
-198 781
-740 1299
-513 534
-448 293
-894 411
-721 44
-632 849
-1191 169
-372 416
-1220 1059
-437 667
-942 1182
-449 932
-308 333
-139 967
-213 403
-104 1439
-973 892
-877 1092
-1140 202
-1126 1313
-395 430
-877 1435
-743 508
-624 1149
-130 432
-1144 877
-496 593
-420 314
-734 1509
-1313 150
-1420 425
-475 335
-1200 354
-1310 78
-349 753
-710 304
-906 1015
-176 1356
-1232 558
-1441 1454
-755 926
-779 132
-1371 734
-752 1457
-148 1501
-417 1195
-442 1334
-581 42
-62 1206
-1445 201
-199 1091
-1162 1309
-353 1395
-1278 978
-343 1015
-374 511
-415 544
-1296 238
-58 1000
-1128 1300
-39 821
-1413 1245
-614 1206
-1106 95
-1203 805
-1431 427
-1448 210
-1247 916
-855 1232
-28 1253
-800 1255
-525 695
-628 43
-1019 1224
-1463 1326
-124 1247
-104 1379
-374 1531
-1505 1459
-343 1168
-1180 1443
-658 943
-121 557
-1009 887
-244 1110
-756 955
-1222 406
-855 1024
-1025 844
-1095 854
-1073 584
-708 1250
-228 1347
-109 499
-1543 1528
-1074 1109
-1212 602
-631 1379
-540 274
-67 731
-313 850
-878 781
-1183 363
-1065 433
-473 1505
-222 504
-326 71
-1514 395
-211 1161
-1146 833
-125 1167
-1169 636
-1291 1321
-534 1093
-876 1379
-716 113
-1005 725
-80 1056
-304 1030
-312 390
-595 860
-1424 1413
-1292 1011
-328 345
-575 1078
-316 568
-679 312
-1304 186
-1424 668
-1312 874
-401 1508
-113 1166
-429 59
-1027 804
-1171 1542
-608 1195
-361 3
-697 664
-1388 1033
-718 926
-1007 1486
-1393 103
-487 1314
-1237 1127
-957 83
-1480 44
-1043 180
-1335 1063
-416 834
-488 1054
-824 533
-1517 479
-1514 569
-884 896
-1187 1456
-450 1045
-784 856
-1109 1229
-747 887
-687 883
-753 62
-1036 150
-18 865
-470 1357
-1544 263
-460 918
-1510 737
-614 115
-883 1044
-563 1142
-956 1049
-751 315
-48 245
-197 314
-670 162
-1269 1162
-941 1029
-491 796
-259 1197
-815 38
-218 1191
-115 1042
-207 560
-225 660
-237 910
-21 1158
-1241 1344
-1383 362
-700 843
-1261 1298
-321 1058
-1306 1216
-867 469
-384 507
-115 312
-1232 1397
-705 1491
-242 862
-1463 1272
-391 821
-959 1400
-573 422
-620 272
-710 925
-1071 446
-1083 1237
-1047 60
-240 1396
-861 1259
-222 1042
-609 1001
-673 85
-1254 1386
-989 1340
-1058 1191
-1063 400
-1120 984
-779 716
-313 193
-498 1441
-948 940
-1525 62
-254 367
-642 500
-1019 166
-289 519
-1057 1501
-437 417
-304 155
-808 124
-1476 1473
-1207 1012
-1110 558
-1194 1487
-352 1543
-474 189
-7 377
-345 1015
-1000 174
-1242 1409
-1127 1023
-270 487
-1387 928
-791 1372
-1438 86
-1241 1097
-133 1450
-675 2
-1528 743
-1549 1054
-437 84
-967 139
-1082 831
-1393 917
-98 262
-889 1352
-1386 54
-317 798
-754 588
-764 1257
-357 690
-1536 1089
-322 533
-494 1084
-960 147
-1128 1477
-1121 762
-782 624
-1019 1263
-1217 1482
-1348 1273
-916 1214
-308 251
-380 889
-450 1404
-35 1331
-190 62
-666 9
-437 1037
-1338 1392
-785 42
-143 742
-1026 1404
-1152 735
-1482 1157
-1121 247
-1390 433
-804 1165
-1375 1203
-266 17
-1349 740
-1191 50
-395 1145
-324 1523
-956 646
-864 1311
-908 15
-1250 326
-754 46
-569 581
-430 1523
-867 920
-580 371
-1179 1269
-1333 1383
-1301 675
-238 275
-980 80
-771 1196
-1288 1324
-1330 360
-593 1380
-517 123
-831 1350
-501 229
-768 1376
-832 36
-966 571
-1223 158
-349 124
-249 488
-276 928
-1475 455
-514 441
-1196 1248
-1425 668
-936 106
-921 466
-694 1318
-1506 553
-1404 484
-823 1419
-419 1023
-844 1120
-273 148
-1219 1187
-684 971
-250 1149
-286 897
-1226 731
-39 1270
-629 1413
-1208 1490
-1052 1455
-347 488
-259 777
-527 1431
-534 463
-927 1088
-612 54
-1366 1082
-190 307
-288 1178
-57 974
-230 1307
-805 836
-118 446
-1532 934
-621 1501
-1433 1057
-1324 858
-388 960
-1273 323
-956 159
-1097 55
-1403 157
-669 1030
-1080 1493
-1183 722
-1193 959
-919 653
-116 596
-473 670
-1421 1047
-360 735
-704 937
-583 1215
-1105 1053
-169 1317
-674 14
-89 533
-1262 843
-912 67
-492 731
-185 1153
-641 1289
-975 494
-1520 1152
-34 1549
-1103 20
-1251 896
-881 664
-36 946
-662 740
-1075 624
-355 1467
-847 351
-74 73
-214 863
-1145 821
-29 1105
-791 948
-427 851
-1110 754
-1290 1499
-1443 308
-660 998
-708 36
-1440 1027
-343 60
-377 1531
-908 104
-301 787
-1351 322
-575 1317
-1013 1258
-1143 1354
-179 1306
-716 880
-474 310
-81 1454
-415 649
-916 1148
-1514 312
-1083 10
-1422 641
-822 288
-715 1409
-1064 916
-933 276
-937 853
-378 877
-161 259
-452 818
-271 621
-680 1262
-1450 1363
-596 251
-1255 845
-1056 1371
-867 77
-57 297
-897 558
-1045 703
-539 1107
-861 1070
-1101 806
-917 475
-454 1538
-1338 244
-1088 549
-515 1181
-861 631
-415 173
-1008 366
-212 1048
-583 57
-1231 463
-1218 1501
-450 516
-1170 1025
-1141 184
-225 1236
-245 575
-413 1047
-299 997
-1306 567
-372 528
-754 1403
-1291 1161
-317 76
-1123 1251
-172 1546
-559 1516
-1409 829
-55 524
-578 1052
-1463 156
-942 243
-455 172
-71 1300
-756 827
-977 1086
-200 1543
-773 1087
-624 570
-1433 1352
-1076 525
-266 1307
-327 998
-1398 973
-577 1087
-859 1388
-321 251
-423 780
-1433 1237
-1501 140
-562 71
