62 11870 30.1
128 692 30.4
695 708 -10.2
792 869 -69.2
879 1128 92.3
1190 1209 -78.8
1294 1511 -87.2
1532 1695 -90.8
1714 1787 -39.5
1927 1940 -9.4
2146 2259 86.8
2434 2564 -25.3
2593 2711 85.8
2714 2807 -3.2
3001 3030 -83.7
3109 3231 79.3
3253 3307 11.6
3838 3869 -25
3931 3949 94.1
3998 4002 -87.8
4046 4097 -98.5
4213 4216 -30.1
4389 4505 -68.6
4563 4717 -9.7
4781 4800 24.1
4885 4897 68.7
4925 4931 24.7
4956 4977 -98.2
5000 5111 -10.9
5318 5476 23.3
5532 5615 -93.7
5630 5675 -4.6
5855 6012 -92.5
6018 6039 61.5
6346 6692 -98.8
6708 6770 -36.9
6870 6884 -74
6960 7129 -92.1
7161 7442 -71.6
7575 7638 24.2
7737 7804 57.6
7973 7989 -23.6
8025 8064 92
8180 8315 -72.1
8427 8546 -42.1
8612 8618 74.8
8754 8780 18.8
8814 8823 -84.8
8878 8884 93.5
8908 8910 86.1
8932 8948 -90.5
8962 9365 7.9
9388 9421 -21.1
9480 9488 50.5
9596 9607 -34.7
9638 9688 -97.5
9690 9964 51.3
10032 10077 48.3
10151 10169 -30.4
10337 10617 -26
10651 10704 -28.2
11104 11584 -29.9
11615 11858 94.4
