27720:
2,1
2,2
3,2
3,3
4,3
4,4
5,4
5,5
6,5
6,6
7,7
8,7
8,8
9,9
10,10
11,10
11,11
12,12
14,14
15,15
17,16
18,17
18,18
20,20
21,21
22,22
23,22
24,24
28,27
28,28
30,30
32,31
33,33
35,35
36,36
39,38
40,40
42,42
44,44
45,45
50,49
53,52
55,55
56,56
60,60
63,63
66,66
70,70
72,72
77,77
83,82
84,84
88,88
90,90
99,99
105,105
110,110
116,115
120,120
126,126
132,132
140,140
154,154
158,157
165,165
168,168
180,180
193,192
198,198
210,210
220,220
231,231
248,247
252,252
264,264
280,280
308,308
315,315
330,330
347,346
360,360
385,385
396,396
420,420
440,440
462,462
495,495
504,504
578,577
616,616
630,630
660,660
693,693
770,770
792,792
840,840
924,924
990,990
1155,1155
1260,1260
1320,1320
1386,1386
1540,1540
1733,1732
1848,1848
1980,1980
2310,2310
2520,2520
2772,2772
3080,3080
3465,3465
3960,3960
4620,4620
5544,5544
6930,6930
9240,9240
13860,13860
