25200:
2,1
2,2
3,2
3,3
4,3
4,4
5,4
5,5
6,6
7,7
8,7
8,8
9,9
10,10
11,10
12,12
13,12
14,14
15,15
16,16
18,17
18,18
20,20
21,21
23,22
24,24
25,25
28,28
30,30
32,31
35,35
36,36
38,37
40,40
42,42
45,45
48,48
50,50
51,50
53,52
56,56
60,60
63,63
70,70
72,72
75,75
80,80
84,84
88,87
90,90
100,100
105,105
112,112
113,112
120,120
126,126
140,140
144,144
150,150
158,157
168,168
175,175
180,180
200,200
210,210
225,225
240,240
250,249
252,252
263,262
280,280
300,300
315,315
336,336
350,350
360,360
400,400
420,420
450,450
504,504
525,525
560,560
600,600
630,630
700,700
720,720
788,787
840,840
900,900
1008,1008
1050,1050
1200,1200
1260,1260
1400,1400
1575,1575
1680,1680
1800,1800
2100,2100
2520,2520
2800,2800
3150,3150
3600,3600
4200,4200
5040,5040
6300,6300
8400,8400
12600,12600
