32760:
2,1
2,2
3,2
3,3
4,3
4,4
5,4
5,5
6,6
7,6
7,7
8,7
8,8
9,9
10,10
11,10
12,12
13,13
14,14
15,15
18,17
18,18
20,19
20,20
21,21
23,22
24,24
26,26
28,28
30,30
32,31
33,32
35,35
36,36
39,39
40,40
42,42
45,45
46,45
52,52
53,52
56,56
59,58
60,60
63,63
65,65
70,70
72,72
78,78
84,84
90,90
91,91
98,97
104,104
105,105
117,117
120,120
126,126
130,130
137,136
140,140
156,156
158,157
168,168
180,180
182,182
195,195
210,210
228,227
234,234
252,252
260,260
273,273
280,280
293,292
312,312
315,315
360,360
364,364
390,390
410,409
420,420
455,455
468,468
504,504
520,520
546,546
585,585
630,630
683,682
728,728
780,780
819,819
840,840
910,910
936,936
1092,1092
1170,1170
1260,1260
1365,1365
1560,1560
1638,1638
1820,1820
2048,2047
2184,2184
2340,2340
2520,2520
2730,2730
3276,3276
3640,3640
4095,4095
4680,4680
5460,5460
6552,6552
8190,8190
10920,10920
16380,16380
