46 793285 71.6
7275 19921 26.3
27158 35973 -97.4
43610 44524 -7.1
46226 59759 -47.5
61624 66434 90.5
67084 79510 49.5
81700 85745 16.1
89095 97755 70.1
101754 116819 93.8
122944 133349 -64.4
144436 148090 -49.7
149580 163681 58.5
163924 186804 12.6
195870 198262 92.7
206824 227585 50.5
230775 242738 -81.5
243097 259407 71.5
260506 263853 -50.3
268017 281959 -93.3
287409 293741 23.1
300658 332746 53.9
333892 342041 -9
342144 353957 -75.4
356007 371364 43.3
377284 392632 -65.8
406272 408204 22.9
416251 419067 15
424829 430119 -23.2
458788 460658 -39.5
477545 488051 -39.1
495237 507902 12.6
511151 529310 20.7
539005 545226 34.3
545884 553250 -11.4
554267 555919 41
564720 564878 96.2
580594 588208 -11.9
595760 596979 -20.2
602046 634034 -22
644874 652373 -67.3
655684 668938 -68.9
706245 718319 -17.8
734645 738833 -44.3
742853 746408 40.6
754519 773445 57.7
775695 790368 -60.1
