61 604758 72.1
4639 11310 -47.4
13264 22911 -24.7
35444 38878 -83.3
39824 43395 83.4
45491 50898 48.6
53645 60029 -50
60463 62806 -22.2
64362 71687 -51
76067 77758 56.2
81977 83165 90
99594 100127 29.4
102727 103667 27.8
105598 107515 96.2
110127 113744 -27
124073 128912 -10.7
136701 138910 29.8
139540 139892 -14.7
150361 151399 -95.1
167964 171987 -65
175093 175248 -61.6
179909 202194 -56.9
209274 216171 -94
216653 224601 -8.1
234383 246861 -11.6
248574 249905 23.9
252723 253663 69.2
254979 256275 30.7
263295 263932 -12.7
267695 269091 -32.6
271641 286483 -14.8
289390 293042 95.7
294841 303501 -42.9
305550 312745 57
328948 335653 -89.6
350994 370952 -30.7
376513 377598 -17.8
381218 384669 -60.5
387198 389204 -82.7
394606 404100 -34.6
409613 411143 -27.1
414140 418166 88.5
423318 430620 -82.5
443939 446147 -93.2
447147 450641 -6.6
456494 458886 88.9
465560 470564 -32.1
473629 474009 -22.2
475447 479536 -17.7
486276 493086 40.3
493391 494530 -16.8
497152 510037 -68.6
516235 520779 18.3
530532 530834 -18
531502 540038 13.9
542186 544769 -30.5
549239 550931 40.7
555867 557125 -60.3
559658 568881 -47.9
576534 584337 99.1
588514 591507 -84.6
602322 604670 -89.1
