1000 4967 1000000000
1 1000
1 2 1 1000000000
2 3 1 1000000000
3 4 1 1000000000
4 5 1 1000000000
5 6 1 1000000000
6 7 1 1000000000
7 8 1 1000000000
8 9 1 1000000000
9 10 1 1000000000
10 11 1 1000000000
11 12 1 1000000000
12 13 1 1000000000
13 14 1 1000000000
14 15 1 1000000000
15 16 1 1000000000
16 17 1 1000000000
17 18 1 1000000000
18 19 1 1000000000
19 20 1 1000000000
20 21 1 1000000000
21 22 1 1000000000
22 23 1 1000000000
23 24 1 1000000000
24 25 1 1000000000
25 26 1 1000000000
26 27 1 1000000000
27 28 1 1000000000
28 29 1 1000000000
29 30 1 1000000000
30 31 1 1000000000
31 32 1 1000000000
32 33 1 1000000000
33 34 1 1000000000
34 35 1 1000000000
35 36 1 1000000000
36 37 1 1000000000
37 38 1 1000000000
38 39 1 1000000000
39 40 1 1000000000
40 41 1 1000000000
41 42 1 1000000000
42 43 1 1000000000
43 44 1 1000000000
44 45 1 1000000000
45 46 1 1000000000
46 47 1 1000000000
47 48 1 1000000000
48 49 1 1000000000
49 50 1 1000000000
50 51 1 1000000000
51 52 1 1000000000
52 53 1 1000000000
53 54 1 1000000000
54 55 1 1000000000
55 56 1 1000000000
56 57 1 1000000000
57 58 1 1000000000
58 59 1 1000000000
59 60 1 1000000000
60 61 1 1000000000
61 62 1 1000000000
62 63 1 1000000000
64 65 1 1000000000
65 66 1 1000000000
66 67 1 1000000000
67 68 1 1000000000
68 69 1 1000000000
69 70 1 1000000000
70 71 1 1000000000
71 72 1 1000000000
72 73 1 1000000000
73 74 1 1000000000
74 75 1 1000000000
75 76 1 1000000000
76 77 1 1000000000
77 78 1 1000000000
78 79 1 1000000000
79 80 1 1000000000
80 81 1 1000000000
81 82 1 1000000000
82 83 1 1000000000
83 84 1 1000000000
84 85 1 1000000000
85 86 1 1000000000
86 87 1 1000000000
87 88 1 1000000000
88 89 1 1000000000
89 90 1 1000000000
90 91 1 1000000000
91 92 1 1000000000
92 93 1 1000000000
93 94 1 1000000000
94 95 1 1000000000
95 96 1 1000000000
96 97 1 1000000000
97 98 1 1000000000
98 99 1 1000000000
99 100 1 1000000000
100 101 1 1000000000
101 102 1 1000000000
102 103 1 1000000000
103 104 1 1000000000
104 105 1 1000000000
105 106 1 1000000000
106 107 1 1000000000
107 108 1 1000000000
108 109 1 1000000000
109 110 1 1000000000
110 111 1 1000000000
111 112 1 1000000000
112 113 1 1000000000
113 114 1 1000000000
114 115 1 1000000000
115 116 1 1000000000
116 117 1 1000000000
117 118 1 1000000000
118 119 1 1000000000
119 120 1 1000000000
120 121 1 1000000000
121 122 1 1000000000
122 123 1 1000000000
123 124 1 1000000000
124 125 1 1000000000
125 126 1 1000000000
126 127 1 1000000000
127 128 1 1000000000
128 129 1 1000000000
129 130 1 1000000000
130 131 1 1000000000
131 132 1 1000000000
132 133 1 1000000000
133 134 1 1000000000
134 135 1 1000000000
135 136 1 1000000000
136 137 1 1000000000
137 138 1 1000000000
138 139 1 1000000000
139 140 1 1000000000
140 141 1 1000000000
141 142 1 1000000000
142 143 1 1000000000
143 144 1 1000000000
144 145 1 1000000000
145 146 1 1000000000
146 147 1 1000000000
147 148 1 1000000000
148 149 1 1000000000
149 150 1 1000000000
150 151 1 1000000000
151 152 1 1000000000
152 153 1 1000000000
153 154 1 1000000000
154 155 1 1000000000
155 156 1 1000000000
156 157 1 1000000000
157 158 1 1000000000
158 159 1 1000000000
159 160 1 1000000000
160 161 1 1000000000
161 162 1 1000000000
162 163 1 1000000000
163 164 1 1000000000
164 165 1 1000000000
165 166 1 1000000000
166 167 1 1000000000
167 168 1 1000000000
168 169 1 1000000000
169 170 1 1000000000
170 171 1 1000000000
171 172 1 1000000000
172 173 1 1000000000
173 174 1 1000000000
174 175 1 1000000000
175 176 1 1000000000
176 177 1 1000000000
177 178 1 1000000000
178 179 1 1000000000
179 180 1 1000000000
180 181 1 1000000000
181 182 1 1000000000
182 183 1 1000000000
183 184 1 1000000000
184 185 1 1000000000
185 186 1 1000000000
186 187 1 1000000000
187 188 1 1000000000
188 189 1 1000000000
189 190 1 1000000000
190 191 1 1000000000
191 192 1 1000000000
192 193 1 1000000000
193 194 1 1000000000
194 195 1 1000000000
195 196 1 1000000000
196 197 1 1000000000
197 198 1 1000000000
198 199 1 1000000000
199 200 1 1000000000
200 201 1 1000000000
201 202 1 1000000000
202 203 1 1000000000
203 204 1 1000000000
204 205 1 1000000000
205 206 1 1000000000
206 207 1 1000000000
207 208 1 1000000000
208 209 1 1000000000
209 210 1 1000000000
210 211 1 1000000000
211 212 1 1000000000
212 213 1 1000000000
213 214 1 1000000000
214 215 1 1000000000
215 216 1 1000000000
216 217 1 1000000000
217 218 1 1000000000
218 219 1 1000000000
219 220 1 1000000000
220 221 1 1000000000
221 222 1 1000000000
222 223 1 1000000000
223 224 1 1000000000
224 225 1 1000000000
225 226 1 1000000000
226 227 1 1000000000
227 228 1 1000000000
228 229 1 1000000000
229 230 1 1000000000
230 231 1 1000000000
231 232 1 1000000000
232 233 1 1000000000
233 234 1 1000000000
234 235 1 1000000000
235 236 1 1000000000
236 237 1 1000000000
237 238 1 1000000000
238 239 1 1000000000
239 240 1 1000000000
240 241 1 1000000000
241 242 1 1000000000
242 243 1 1000000000
243 244 1 1000000000
244 245 1 1000000000
245 246 1 1000000000
246 247 1 1000000000
247 248 1 1000000000
248 249 1 1000000000
249 250 1 1000000000
250 251 1 1000000000
251 252 1 1000000000
252 253 1 1000000000
253 254 1 1000000000
254 255 1 1000000000
255 256 1 1000000000
256 257 1 1000000000
257 258 1 1000000000
258 259 1 1000000000
259 260 1 1000000000
260 261 1 1000000000
261 262 1 1000000000
262 263 1 1000000000
263 264 1 1000000000
264 265 1 1000000000
265 266 1 1000000000
266 267 1 1000000000
267 268 1 1000000000
268 269 1 1000000000
269 270 1 1000000000
270 271 1 1000000000
271 272 1 1000000000
272 273 1 1000000000
273 274 1 1000000000
274 275 1 1000000000
275 276 1 1000000000
276 277 1 1000000000
277 278 1 1000000000
278 279 1 1000000000
279 280 1 1000000000
280 281 1 1000000000
281 282 1 1000000000
282 283 1 1000000000
283 284 1 1000000000
284 285 1 1000000000
285 286 1 1000000000
286 287 1 1000000000
287 288 1 1000000000
288 289 1 1000000000
289 290 1 1000000000
290 291 1 1000000000
291 292 1 1000000000
292 293 1 1000000000
293 294 1 1000000000
294 295 1 1000000000
295 296 1 1000000000
296 297 1 1000000000
297 298 1 1000000000
298 299 1 1000000000
299 300 1 1000000000
300 301 1 1000000000
301 302 1 1000000000
302 303 1 1000000000
303 304 1 1000000000
304 305 1 1000000000
305 306 1 1000000000
306 307 1 1000000000
307 308 1 1000000000
308 309 1 1000000000
309 310 1 1000000000
310 311 1 1000000000
311 312 1 1000000000
312 313 1 1000000000
313 314 1 1000000000
314 315 1 1000000000
315 316 1 1000000000
316 317 1 1000000000
317 318 1 1000000000
318 319 1 1000000000
319 320 1 1000000000
320 321 1 1000000000
321 322 1 1000000000
322 323 1 1000000000
323 324 1 1000000000
324 325 1 1000000000
325 326 1 1000000000
326 327 1 1000000000
327 328 1 1000000000
328 329 1 1000000000
329 330 1 1000000000
330 331 1 1000000000
331 332 1 1000000000
332 333 1 1000000000
333 334 1 1000000000
334 335 1 1000000000
335 336 1 1000000000
336 337 1 1000000000
337 338 1 1000000000
338 339 1 1000000000
339 340 1 1000000000
340 341 1 1000000000
341 342 1 1000000000
342 343 1 1000000000
343 344 1 1000000000
344 345 1 1000000000
345 346 1 1000000000
346 347 1 1000000000
347 348 1 1000000000
348 349 1 1000000000
349 350 1 1000000000
350 351 1 1000000000
351 352 1 1000000000
352 353 1 1000000000
353 354 1 1000000000
354 355 1 1000000000
355 356 1 1000000000
356 357 1 1000000000
357 358 1 1000000000
358 359 1 1000000000
359 360 1 1000000000
360 361 1 1000000000
361 362 1 1000000000
362 363 1 1000000000
363 364 1 1000000000
364 365 1 1000000000
365 366 1 1000000000
366 367 1 1000000000
367 368 1 1000000000
368 369 1 1000000000
369 370 1 1000000000
370 371 1 1000000000
371 372 1 1000000000
372 373 1 1000000000
373 374 1 1000000000
374 375 1 1000000000
375 376 1 1000000000
376 377 1 1000000000
377 378 1 1000000000
378 379 1 1000000000
379 380 1 1000000000
380 381 1 1000000000
381 382 1 1000000000
382 383 1 1000000000
383 384 1 1000000000
384 385 1 1000000000
385 386 1 1000000000
386 387 1 1000000000
387 388 1 1000000000
388 389 1 1000000000
389 390 1 1000000000
390 391 1 1000000000
391 392 1 1000000000
392 393 1 1000000000
393 394 1 1000000000
394 395 1 1000000000
395 396 1 1000000000
396 397 1 1000000000
397 398 1 1000000000
398 399 1 1000000000
399 400 1 1000000000
400 401 1 1000000000
401 402 1 1000000000
402 403 1 1000000000
403 404 1 1000000000
404 405 1 1000000000
405 406 1 1000000000
406 407 1 1000000000
407 408 1 1000000000
408 409 1 1000000000
409 410 1 1000000000
410 411 1 1000000000
411 412 1 1000000000
412 413 1 1000000000
413 414 1 1000000000
414 415 1 1000000000
415 416 1 1000000000
416 417 1 1000000000
417 418 1 1000000000
418 419 1 1000000000
419 420 1 1000000000
420 421 1 1000000000
421 422 1 1000000000
422 423 1 1000000000
423 424 1 1000000000
424 425 1 1000000000
425 426 1 1000000000
426 427 1 1000000000
427 428 1 1000000000
428 429 1 1000000000
429 430 1 1000000000
430 431 1 1000000000
431 432 1 1000000000
432 433 1 1000000000
433 434 1 1000000000
434 435 1 1000000000
435 436 1 1000000000
436 437 1 1000000000
437 438 1 1000000000
438 439 1 1000000000
439 440 1 1000000000
440 441 1 1000000000
441 442 1 1000000000
442 443 1 1000000000
443 444 1 1000000000
444 445 1 1000000000
445 446 1 1000000000
446 447 1 1000000000
447 448 1 1000000000
448 449 1 1000000000
449 450 1 1000000000
450 451 1 1000000000
451 452 1 1000000000
452 453 1 1000000000
453 454 1 1000000000
454 455 1 1000000000
455 456 1 1000000000
456 457 1 1000000000
457 458 1 1000000000
458 459 1 1000000000
459 460 1 1000000000
460 461 1 1000000000
461 462 1 1000000000
462 463 1 1000000000
463 464 1 1000000000
464 465 1 1000000000
465 466 1 1000000000
466 467 1 1000000000
467 468 1 1000000000
468 469 1 1000000000
469 470 1 1000000000
470 471 1 1000000000
471 472 1 1000000000
472 473 1 1000000000
473 474 1 1000000000
474 475 1 1000000000
475 476 1 1000000000
476 477 1 1000000000
477 478 1 1000000000
478 479 1 1000000000
479 480 1 1000000000
480 481 1 1000000000
481 482 1 1000000000
482 483 1 1000000000
483 484 1 1000000000
484 485 1 1000000000
485 486 1 1000000000
486 487 1 1000000000
487 488 1 1000000000
488 489 1 1000000000
489 490 1 1000000000
490 491 1 1000000000
491 492 1 1000000000
492 493 1 1000000000
493 494 1 1000000000
494 495 1 1000000000
495 496 1 1000000000
496 497 1 1000000000
497 498 1 1000000000
498 499 1 1000000000
499 500 1 1000000000
500 501 1 1000000000
501 502 1 1000000000
502 503 1 1000000000
503 504 1 1000000000
504 505 1 1000000000
505 506 1 1000000000
506 507 1 1000000000
507 508 1 1000000000
508 509 1 1000000000
509 510 1 1000000000
510 511 1 1000000000
511 512 1 1000000000
512 513 1 1000000000
513 514 1 1000000000
514 515 1 1000000000
515 516 1 1000000000
516 517 1 1000000000
517 518 1 1000000000
518 519 1 1000000000
519 520 1 1000000000
520 521 1 1000000000
521 522 1 1000000000
522 523 1 1000000000
523 524 1 1000000000
524 525 1 1000000000
525 526 1 1000000000
526 527 1 1000000000
527 528 1 1000000000
528 529 1 1000000000
529 530 1 1000000000
530 531 1 1000000000
531 532 1 1000000000
532 533 1 1000000000
533 534 1 1000000000
534 535 1 1000000000
535 536 1 1000000000
536 537 1 1000000000
537 538 1 1000000000
538 539 1 1000000000
539 540 1 1000000000
540 541 1 1000000000
541 542 1 1000000000
542 543 1 1000000000
543 544 1 1000000000
544 545 1 1000000000
545 546 1 1000000000
546 547 1 1000000000
547 548 1 1000000000
548 549 1 1000000000
549 550 1 1000000000
550 551 1 1000000000
551 552 1 1000000000
552 553 1 1000000000
553 554 1 1000000000
554 555 1 1000000000
555 556 1 1000000000
556 557 1 1000000000
557 558 1 1000000000
558 559 1 1000000000
559 560 1 1000000000
560 561 1 1000000000
561 562 1 1000000000
562 563 1 1000000000
563 564 1 1000000000
564 565 1 1000000000
565 566 1 1000000000
566 567 1 1000000000
567 568 1 1000000000
568 569 1 1000000000
569 570 1 1000000000
570 571 1 1000000000
571 572 1 1000000000
572 573 1 1000000000
573 574 1 1000000000
574 575 1 1000000000
575 576 1 1000000000
576 577 1 1000000000
577 578 1 1000000000
578 579 1 1000000000
579 580 1 1000000000
580 581 1 1000000000
581 582 1 1000000000
582 583 1 1000000000
583 584 1 1000000000
584 585 1 1000000000
585 586 1 1000000000
586 587 1 1000000000
587 588 1 1000000000
588 589 1 1000000000
589 590 1 1000000000
590 591 1 1000000000
591 592 1 1000000000
592 593 1 1000000000
593 594 1 1000000000
594 595 1 1000000000
595 596 1 1000000000
596 597 1 1000000000
597 598 1 1000000000
598 599 1 1000000000
599 600 1 1000000000
600 601 1 1000000000
601 602 1 1000000000
602 603 1 1000000000
603 604 1 1000000000
604 605 1 1000000000
605 606 1 1000000000
606 607 1 1000000000
607 608 1 1000000000
608 609 1 1000000000
609 610 1 1000000000
610 611 1 1000000000
611 612 1 1000000000
612 613 1 1000000000
613 614 1 1000000000
614 615 1 1000000000
615 616 1 1000000000
616 617 1 1000000000
617 618 1 1000000000
618 619 1 1000000000
619 620 1 1000000000
620 621 1 1000000000
621 622 1 1000000000
622 623 1 1000000000
623 624 1 1000000000
624 625 1 1000000000
625 626 1 1000000000
626 627 1 1000000000
627 628 1 1000000000
628 629 1 1000000000
629 630 1 1000000000
630 631 1 1000000000
631 632 1 1000000000
632 633 1 1000000000
633 634 1 1000000000
634 635 1 1000000000
635 636 1 1000000000
636 637 1 1000000000
637 638 1 1000000000
638 639 1 1000000000
639 640 1 1000000000
640 641 1 1000000000
641 642 1 1000000000
642 643 1 1000000000
643 644 1 1000000000
644 645 1 1000000000
645 646 1 1000000000
646 647 1 1000000000
647 648 1 1000000000
648 649 1 1000000000
649 650 1 1000000000
650 651 1 1000000000
651 652 1 1000000000
652 653 1 1000000000
653 654 1 1000000000
654 655 1 1000000000
655 656 1 1000000000
656 657 1 1000000000
657 658 1 1000000000
658 659 1 1000000000
659 660 1 1000000000
660 661 1 1000000000
661 662 1 1000000000
662 663 1 1000000000
663 664 1 1000000000
664 665 1 1000000000
665 666 1 1000000000
666 667 1 1000000000
667 668 1 1000000000
668 669 1 1000000000
669 670 1 1000000000
670 671 1 1000000000
671 672 1 1000000000
672 673 1 1000000000
673 674 1 1000000000
674 675 1 1000000000
675 676 1 1000000000
676 677 1 1000000000
677 678 1 1000000000
678 679 1 1000000000
679 680 1 1000000000
680 681 1 1000000000
681 682 1 1000000000
682 683 1 1000000000
683 684 1 1000000000
684 685 1 1000000000
685 686 1 1000000000
686 687 1 1000000000
687 688 1 1000000000
688 689 1 1000000000
689 690 1 1000000000
690 691 1 1000000000
691 692 1 1000000000
692 693 1 1000000000
693 694 1 1000000000
694 695 1 1000000000
695 696 1 1000000000
696 697 1 1000000000
697 698 1 1000000000
698 699 1 1000000000
699 700 1 1000000000
700 701 1 1000000000
701 702 1 1000000000
702 703 1 1000000000
703 704 1 1000000000
704 705 1 1000000000
705 706 1 1000000000
706 707 1 1000000000
707 708 1 1000000000
708 709 1 1000000000
709 710 1 1000000000
710 711 1 1000000000
711 712 1 1000000000
712 713 1 1000000000
713 714 1 1000000000
714 715 1 1000000000
715 716 1 1000000000
716 717 1 1000000000
717 718 1 1000000000
718 719 1 1000000000
719 720 1 1000000000
720 721 1 1000000000
721 722 1 1000000000
722 723 1 1000000000
723 724 1 1000000000
724 725 1 1000000000
725 726 1 1000000000
726 727 1 1000000000
727 728 1 1000000000
728 729 1 1000000000
729 730 1 1000000000
730 731 1 1000000000
731 732 1 1000000000
732 733 1 1000000000
733 734 1 1000000000
734 735 1 1000000000
735 736 1 1000000000
736 737 1 1000000000
737 738 1 1000000000
738 739 1 1000000000
739 740 1 1000000000
740 741 1 1000000000
741 742 1 1000000000
742 743 1 1000000000
743 744 1 1000000000
744 745 1 1000000000
745 746 1 1000000000
746 747 1 1000000000
747 748 1 1000000000
748 749 1 1000000000
749 750 1 1000000000
750 751 1 1000000000
751 752 1 1000000000
752 753 1 1000000000
753 754 1 1000000000
754 755 1 1000000000
755 756 1 1000000000
756 757 1 1000000000
757 758 1 1000000000
758 759 1 1000000000
759 760 1 1000000000
760 761 1 1000000000
761 762 1 1000000000
762 763 1 1000000000
763 764 1 1000000000
764 765 1 1000000000
765 766 1 1000000000
766 767 1 1000000000
767 768 1 1000000000
768 769 1 1000000000
769 770 1 1000000000
770 771 1 1000000000
771 772 1 1000000000
772 773 1 1000000000
773 774 1 1000000000
774 775 1 1000000000
775 776 1 1000000000
776 777 1 1000000000
777 778 1 1000000000
778 779 1 1000000000
779 780 1 1000000000
780 781 1 1000000000
781 782 1 1000000000
782 783 1 1000000000
783 784 1 1000000000
784 785 1 1000000000
785 786 1 1000000000
786 787 1 1000000000
787 788 1 1000000000
788 789 1 1000000000
789 790 1 1000000000
790 791 1 1000000000
791 792 1 1000000000
792 793 1 1000000000
793 794 1 1000000000
794 795 1 1000000000
795 796 1 1000000000
796 797 1 1000000000
797 798 1 1000000000
798 799 1 1000000000
799 800 1 1000000000
800 801 1 1000000000
801 802 1 1000000000
802 803 1 1000000000
803 804 1 1000000000
804 805 1 1000000000
805 806 1 1000000000
806 807 1 1000000000
807 808 1 1000000000
808 809 1 1000000000
809 810 1 1000000000
810 811 1 1000000000
811 812 1 1000000000
812 813 1 1000000000
813 814 1 1000000000
814 815 1 1000000000
815 816 1 1000000000
816 817 1 1000000000
817 818 1 1000000000
818 819 1 1000000000
819 820 1 1000000000
820 821 1 1000000000
821 822 1 1000000000
822 823 1 1000000000
823 824 1 1000000000
824 825 1 1000000000
825 826 1 1000000000
826 827 1 1000000000
827 828 1 1000000000
828 829 1 1000000000
829 830 1 1000000000
830 831 1 1000000000
831 832 1 1000000000
832 833 1 1000000000
833 834 1 1000000000
834 835 1 1000000000
835 836 1 1000000000
836 837 1 1000000000
837 838 1 1000000000
838 839 1 1000000000
839 840 1 1000000000
840 841 1 1000000000
841 842 1 1000000000
842 843 1 1000000000
843 844 1 1000000000
844 845 1 1000000000
845 846 1 1000000000
846 847 1 1000000000
847 848 1 1000000000
848 849 1 1000000000
849 850 1 1000000000
850 851 1 1000000000
851 852 1 1000000000
852 853 1 1000000000
853 854 1 1000000000
854 855 1 1000000000
855 856 1 1000000000
856 857 1 1000000000
857 858 1 1000000000
858 859 1 1000000000
859 860 1 1000000000
860 861 1 1000000000
861 862 1 1000000000
862 863 1 1000000000
863 864 1 1000000000
864 865 1 1000000000
865 866 1 1000000000
866 867 1 1000000000
867 868 1 1000000000
868 869 1 1000000000
869 870 1 1000000000
870 871 1 1000000000
871 872 1 1000000000
872 873 1 1000000000
873 874 1 1000000000
874 875 1 1000000000
875 876 1 1000000000
876 877 1 1000000000
877 878 1 1000000000
878 879 1 1000000000
879 880 1 1000000000
880 881 1 1000000000
881 882 1 1000000000
882 883 1 1000000000
883 884 1 1000000000
884 885 1 1000000000
885 886 1 1000000000
886 887 1 1000000000
887 888 1 1000000000
888 889 1 1000000000
889 890 1 1000000000
890 891 1 1000000000
891 892 1 1000000000
892 893 1 1000000000
893 894 1 1000000000
894 895 1 1000000000
895 896 1 1000000000
896 897 1 1000000000
897 898 1 1000000000
898 899 1 1000000000
899 900 1 1000000000
900 901 1 1000000000
901 902 1 1000000000
902 903 1 1000000000
903 904 1 1000000000
904 905 1 1000000000
905 906 1 1000000000
906 907 1 1000000000
907 908 1 1000000000
908 909 1 1000000000
909 910 1 1000000000
910 911 1 1000000000
911 912 1 1000000000
912 913 1 1000000000
913 914 1 1000000000
914 915 1 1000000000
915 916 1 1000000000
916 917 1 1000000000
917 918 1 1000000000
918 919 1 1000000000
919 920 1 1000000000
920 921 1 1000000000
921 922 1 1000000000
922 923 1 1000000000
923 924 1 1000000000
924 925 1 1000000000
925 926 1 1000000000
926 927 1 1000000000
927 928 1 1000000000
928 929 1 1000000000
929 930 1 1000000000
930 931 1 1000000000
931 932 1 1000000000
932 933 1 1000000000
933 934 1 1000000000
934 935 1 1000000000
935 936 1 1000000000
936 937 1 1000000000
937 938 1 1000000000
938 939 1 1000000000
939 940 1 1000000000
940 941 1 1000000000
941 942 1 1000000000
942 943 1 1000000000
943 944 1 1000000000
944 945 1 1000000000
945 946 1 1000000000
946 947 1 1000000000
947 948 1 1000000000
948 949 1 1000000000
949 950 1 1000000000
950 951 1 1000000000
951 952 1 1000000000
952 953 1 1000000000
953 954 1 1000000000
954 955 1 1000000000
955 956 1 1000000000
956 957 1 1000000000
957 958 1 1000000000
958 959 1 1000000000
959 960 1 1000000000
960 961 1 1000000000
961 962 1 1000000000
962 963 1 1000000000
963 964 1 1000000000
964 965 1 1000000000
965 966 1 1000000000
966 967 1 1000000000
967 968 1 1000000000
968 969 1 1000000000
969 970 1 1000000000
970 971 1 1000000000
971 972 1 1000000000
972 973 1 1000000000
973 974 1 1000000000
974 975 1 1000000000
975 976 1 1000000000
976 977 1 1000000000
977 978 1 1000000000
978 979 1 1000000000
979 980 1 1000000000
980 981 1 1000000000
981 982 1 1000000000
982 983 1 1000000000
983 984 1 1000000000
984 985 1 1000000000
985 986 1 1000000000
986 987 1 1000000000
987 988 1 1000000000
988 989 1 1000000000
989 990 1 1000000000
990 991 1 1000000000
991 992 1 1000000000
992 993 1 1000000000
993 994 1 1000000000
994 995 1 1000000000
995 996 1 1000000000
996 997 1 1000000000
997 998 1 1000000000
998 999 1 1000000000
999 1000 1 1000000000
1 64 10 13
1 65 17 20
1 66 24 27
1 67 31 34
1 68 38 41
1 69 45 48
1 70 52 55
1 71 59 62
1 72 66 69
1 73 73 76
1 74 80 83
1 75 87 90
1 76 94 97
1 77 101 104
1 78 108 111
1 79 115 118
1 80 122 125
1 81 129 132
1 82 136 139
1 83 143 146
1 84 150 153
1 85 157 160
1 86 164 167
1 87 171 174
1 88 178 181
1 89 185 188
1 90 192 195
1 91 199 202
1 92 206 209
1 93 213 216
1 94 220 223
1 95 227 230
1 96 234 237
1 97 241 244
1 98 248 251
1 99 255 258
1 100 262 265
1 101 269 272
1 102 276 279
1 103 283 286
1 104 290 293
1 105 297 300
1 106 304 307
1 107 311 314
1 108 318 321
1 109 325 328
1 110 332 335
1 111 339 342
1 112 346 349
1 113 353 356
1 114 360 363
1 115 367 370
1 116 374 377
1 117 381 384
1 118 388 391
1 119 395 398
1 120 402 405
1 121 409 412
1 122 416 419
1 123 423 426
1 124 430 433
1 125 437 440
1 126 444 447
2 64 451 454
2 65 458 461
2 66 465 468
2 67 472 475
2 68 479 482
2 69 486 489
2 70 493 496
2 71 500 503
2 72 507 510
2 73 514 517
2 74 521 524
2 75 528 531
2 76 535 538
2 77 542 545
2 78 549 552
2 79 556 559
2 80 563 566
2 81 570 573
2 82 577 580
2 83 584 587
2 84 591 594
2 85 598 601
2 86 605 608
2 87 612 615
2 88 619 622
2 89 626 629
2 90 633 636
2 91 640 643
2 92 647 650
2 93 654 657
2 94 661 664
2 95 668 671
2 96 675 678
2 97 682 685
2 98 689 692
2 99 696 699
2 100 703 706
2 101 710 713
2 102 717 720
2 103 724 727
2 104 731 734
2 105 738 741
2 106 745 748
2 107 752 755
2 108 759 762
2 109 766 769
2 110 773 776
2 111 780 783
2 112 787 790
2 113 794 797
2 114 801 804
2 115 808 811
2 116 815 818
2 117 822 825
2 118 829 832
2 119 836 839
2 120 843 846
2 121 850 853
2 122 857 860
2 123 864 867
2 124 871 874
2 125 878 881
2 126 885 888
3 64 892 895
3 65 899 902
3 66 906 909
3 67 913 916
3 68 920 923
3 69 927 930
3 70 934 937
3 71 941 944
3 72 948 951
3 73 955 958
3 74 962 965
3 75 969 972
3 76 976 979
3 77 983 986
3 78 990 993
3 79 997 1000
3 80 1004 1007
3 81 1011 1014
3 82 1018 1021
3 83 1025 1028
3 84 1032 1035
3 85 1039 1042
3 86 1046 1049
3 87 1053 1056
3 88 1060 1063
3 89 1067 1070
3 90 1074 1077
3 91 1081 1084
3 92 1088 1091
3 93 1095 1098
3 94 1102 1105
3 95 1109 1112
3 96 1116 1119
3 97 1123 1126
3 98 1130 1133
3 99 1137 1140
3 100 1144 1147
3 101 1151 1154
3 102 1158 1161
3 103 1165 1168
3 104 1172 1175
3 105 1179 1182
3 106 1186 1189
3 107 1193 1196
3 108 1200 1203
3 109 1207 1210
3 110 1214 1217
3 111 1221 1224
3 112 1228 1231
3 113 1235 1238
3 114 1242 1245
3 115 1249 1252
3 116 1256 1259
3 117 1263 1266
3 118 1270 1273
3 119 1277 1280
3 120 1284 1287
3 121 1291 1294
3 122 1298 1301
3 123 1305 1308
3 124 1312 1315
3 125 1319 1322
3 126 1326 1329
4 64 1333 1336
4 65 1340 1343
4 66 1347 1350
4 67 1354 1357
4 68 1361 1364
4 69 1368 1371
4 70 1375 1378
4 71 1382 1385
4 72 1389 1392
4 73 1396 1399
4 74 1403 1406
4 75 1410 1413
4 76 1417 1420
4 77 1424 1427
4 78 1431 1434
4 79 1438 1441
4 80 1445 1448
4 81 1452 1455
4 82 1459 1462
4 83 1466 1469
4 84 1473 1476
4 85 1480 1483
4 86 1487 1490
4 87 1494 1497
4 88 1501 1504
4 89 1508 1511
4 90 1515 1518
4 91 1522 1525
4 92 1529 1532
4 93 1536 1539
4 94 1543 1546
4 95 1550 1553
4 96 1557 1560
4 97 1564 1567
4 98 1571 1574
4 99 1578 1581
4 100 1585 1588
4 101 1592 1595
4 102 1599 1602
4 103 1606 1609
4 104 1613 1616
4 105 1620 1623
4 106 1627 1630
4 107 1634 1637
4 108 1641 1644
4 109 1648 1651
4 110 1655 1658
4 111 1662 1665
4 112 1669 1672
4 113 1676 1679
4 114 1683 1686
4 115 1690 1693
4 116 1697 1700
4 117 1704 1707
4 118 1711 1714
4 119 1718 1721
4 120 1725 1728
4 121 1732 1735
4 122 1739 1742
4 123 1746 1749
4 124 1753 1756
4 125 1760 1763
4 126 1767 1770
5 64 1774 1777
5 65 1781 1784
5 66 1788 1791
5 67 1795 1798
5 68 1802 1805
5 69 1809 1812
5 70 1816 1819
5 71 1823 1826
5 72 1830 1833
5 73 1837 1840
5 74 1844 1847
5 75 1851 1854
5 76 1858 1861
5 77 1865 1868
5 78 1872 1875
5 79 1879 1882
5 80 1886 1889
5 81 1893 1896
5 82 1900 1903
5 83 1907 1910
5 84 1914 1917
5 85 1921 1924
5 86 1928 1931
5 87 1935 1938
5 88 1942 1945
5 89 1949 1952
5 90 1956 1959
5 91 1963 1966
5 92 1970 1973
5 93 1977 1980
5 94 1984 1987
5 95 1991 1994
5 96 1998 2001
5 97 2005 2008
5 98 2012 2015
5 99 2019 2022
5 100 2026 2029
5 101 2033 2036
5 102 2040 2043
5 103 2047 2050
5 104 2054 2057
5 105 2061 2064
5 106 2068 2071
5 107 2075 2078
5 108 2082 2085
5 109 2089 2092
5 110 2096 2099
5 111 2103 2106
5 112 2110 2113
5 113 2117 2120
5 114 2124 2127
5 115 2131 2134
5 116 2138 2141
5 117 2145 2148
5 118 2152 2155
5 119 2159 2162
5 120 2166 2169
5 121 2173 2176
5 122 2180 2183
5 123 2187 2190
5 124 2194 2197
5 125 2201 2204
5 126 2208 2211
6 64 2215 2218
6 65 2222 2225
6 66 2229 2232
6 67 2236 2239
6 68 2243 2246
6 69 2250 2253
6 70 2257 2260
6 71 2264 2267
6 72 2271 2274
6 73 2278 2281
6 74 2285 2288
6 75 2292 2295
6 76 2299 2302
6 77 2306 2309
6 78 2313 2316
6 79 2320 2323
6 80 2327 2330
6 81 2334 2337
6 82 2341 2344
6 83 2348 2351
6 84 2355 2358
6 85 2362 2365
6 86 2369 2372
6 87 2376 2379
6 88 2383 2386
6 89 2390 2393
6 90 2397 2400
6 91 2404 2407
6 92 2411 2414
6 93 2418 2421
6 94 2425 2428
6 95 2432 2435
6 96 2439 2442
6 97 2446 2449
6 98 2453 2456
6 99 2460 2463
6 100 2467 2470
6 101 2474 2477
6 102 2481 2484
6 103 2488 2491
6 104 2495 2498
6 105 2502 2505
6 106 2509 2512
6 107 2516 2519
6 108 2523 2526
6 109 2530 2533
6 110 2537 2540
6 111 2544 2547
6 112 2551 2554
6 113 2558 2561
6 114 2565 2568
6 115 2572 2575
6 116 2579 2582
6 117 2586 2589
6 118 2593 2596
6 119 2600 2603
6 120 2607 2610
6 121 2614 2617
6 122 2621 2624
6 123 2628 2631
6 124 2635 2638
6 125 2642 2645
6 126 2649 2652
7 64 2656 2659
7 65 2663 2666
7 66 2670 2673
7 67 2677 2680
7 68 2684 2687
7 69 2691 2694
7 70 2698 2701
7 71 2705 2708
7 72 2712 2715
7 73 2719 2722
7 74 2726 2729
7 75 2733 2736
7 76 2740 2743
7 77 2747 2750
7 78 2754 2757
7 79 2761 2764
7 80 2768 2771
7 81 2775 2778
7 82 2782 2785
7 83 2789 2792
7 84 2796 2799
7 85 2803 2806
7 86 2810 2813
7 87 2817 2820
7 88 2824 2827
7 89 2831 2834
7 90 2838 2841
7 91 2845 2848
7 92 2852 2855
7 93 2859 2862
7 94 2866 2869
7 95 2873 2876
7 96 2880 2883
7 97 2887 2890
7 98 2894 2897
7 99 2901 2904
7 100 2908 2911
7 101 2915 2918
7 102 2922 2925
7 103 2929 2932
7 104 2936 2939
7 105 2943 2946
7 106 2950 2953
7 107 2957 2960
7 108 2964 2967
7 109 2971 2974
7 110 2978 2981
7 111 2985 2988
7 112 2992 2995
7 113 2999 3002
7 114 3006 3009
7 115 3013 3016
7 116 3020 3023
7 117 3027 3030
7 118 3034 3037
7 119 3041 3044
7 120 3048 3051
7 121 3055 3058
7 122 3062 3065
7 123 3069 3072
7 124 3076 3079
7 125 3083 3086
7 126 3090 3093
8 64 3097 3100
8 65 3104 3107
8 66 3111 3114
8 67 3118 3121
8 68 3125 3128
8 69 3132 3135
8 70 3139 3142
8 71 3146 3149
8 72 3153 3156
8 73 3160 3163
8 74 3167 3170
8 75 3174 3177
8 76 3181 3184
8 77 3188 3191
8 78 3195 3198
8 79 3202 3205
8 80 3209 3212
8 81 3216 3219
8 82 3223 3226
8 83 3230 3233
8 84 3237 3240
8 85 3244 3247
8 86 3251 3254
8 87 3258 3261
8 88 3265 3268
8 89 3272 3275
8 90 3279 3282
8 91 3286 3289
8 92 3293 3296
8 93 3300 3303
8 94 3307 3310
8 95 3314 3317
8 96 3321 3324
8 97 3328 3331
8 98 3335 3338
8 99 3342 3345
8 100 3349 3352
8 101 3356 3359
8 102 3363 3366
8 103 3370 3373
8 104 3377 3380
8 105 3384 3387
8 106 3391 3394
8 107 3398 3401
8 108 3405 3408
8 109 3412 3415
8 110 3419 3422
8 111 3426 3429
8 112 3433 3436
8 113 3440 3443
8 114 3447 3450
8 115 3454 3457
8 116 3461 3464
8 117 3468 3471
8 118 3475 3478
8 119 3482 3485
8 120 3489 3492
8 121 3496 3499
8 122 3503 3506
8 123 3510 3513
8 124 3517 3520
8 125 3524 3527
8 126 3531 3534
9 64 3538 3541
9 65 3545 3548
9 66 3552 3555
9 67 3559 3562
9 68 3566 3569
9 69 3573 3576
9 70 3580 3583
9 71 3587 3590
9 72 3594 3597
9 73 3601 3604
9 74 3608 3611
9 75 3615 3618
9 76 3622 3625
9 77 3629 3632
9 78 3636 3639
9 79 3643 3646
9 80 3650 3653
9 81 3657 3660
9 82 3664 3667
9 83 3671 3674
9 84 3678 3681
9 85 3685 3688
9 86 3692 3695
9 87 3699 3702
9 88 3706 3709
9 89 3713 3716
9 90 3720 3723
9 91 3727 3730
9 92 3734 3737
9 93 3741 3744
9 94 3748 3751
9 95 3755 3758
9 96 3762 3765
9 97 3769 3772
9 98 3776 3779
9 99 3783 3786
9 100 3790 3793
9 101 3797 3800
9 102 3804 3807
9 103 3811 3814
9 104 3818 3821
9 105 3825 3828
9 106 3832 3835
9 107 3839 3842
9 108 3846 3849
9 109 3853 3856
9 110 3860 3863
9 111 3867 3870
9 112 3874 3877
9 113 3881 3884
9 114 3888 3891
9 115 3895 3898
9 116 3902 3905
9 117 3909 3912
9 118 3916 3919
9 119 3923 3926
9 120 3930 3933
9 121 3937 3940
9 122 3944 3947
9 123 3951 3954
9 124 3958 3961
9 125 3965 3968
9 126 3972 3975
10 64 3979 3982
10 65 3986 3989
10 66 3993 3996
10 67 4000 4003
10 68 4007 4010
10 69 4014 4017
10 70 4021 4024
10 71 4028 4031
10 72 4035 4038
10 73 4042 4045
10 74 4049 4052
10 75 4056 4059
10 76 4063 4066
10 77 4070 4073
10 78 4077 4080
10 79 4084 4087
10 80 4091 4094
10 81 4098 4101
10 82 4105 4108
10 83 4112 4115
10 84 4119 4122
10 85 4126 4129
10 86 4133 4136
10 87 4140 4143
10 88 4147 4150
10 89 4154 4157
10 90 4161 4164
10 91 4168 4171
10 92 4175 4178
10 93 4182 4185
10 94 4189 4192
10 95 4196 4199
10 96 4203 4206
10 97 4210 4213
10 98 4217 4220
10 99 4224 4227
10 100 4231 4234
10 101 4238 4241
10 102 4245 4248
10 103 4252 4255
10 104 4259 4262
10 105 4266 4269
10 106 4273 4276
10 107 4280 4283
10 108 4287 4290
10 109 4294 4297
10 110 4301 4304
10 111 4308 4311
10 112 4315 4318
10 113 4322 4325
10 114 4329 4332
10 115 4336 4339
10 116 4343 4346
10 117 4350 4353
10 118 4357 4360
10 119 4364 4367
10 120 4371 4374
10 121 4378 4381
10 122 4385 4388
10 123 4392 4395
10 124 4399 4402
10 125 4406 4409
10 126 4413 4416
11 64 4420 4423
11 65 4427 4430
11 66 4434 4437
11 67 4441 4444
11 68 4448 4451
11 69 4455 4458
11 70 4462 4465
11 71 4469 4472
11 72 4476 4479
11 73 4483 4486
11 74 4490 4493
11 75 4497 4500
11 76 4504 4507
11 77 4511 4514
11 78 4518 4521
11 79 4525 4528
11 80 4532 4535
11 81 4539 4542
11 82 4546 4549
11 83 4553 4556
11 84 4560 4563
11 85 4567 4570
11 86 4574 4577
11 87 4581 4584
11 88 4588 4591
11 89 4595 4598
11 90 4602 4605
11 91 4609 4612
11 92 4616 4619
11 93 4623 4626
11 94 4630 4633
11 95 4637 4640
11 96 4644 4647
11 97 4651 4654
11 98 4658 4661
11 99 4665 4668
11 100 4672 4675
11 101 4679 4682
11 102 4686 4689
11 103 4693 4696
11 104 4700 4703
11 105 4707 4710
11 106 4714 4717
11 107 4721 4724
11 108 4728 4731
11 109 4735 4738
11 110 4742 4745
11 111 4749 4752
11 112 4756 4759
11 113 4763 4766
11 114 4770 4773
11 115 4777 4780
11 116 4784 4787
11 117 4791 4794
11 118 4798 4801
11 119 4805 4808
11 120 4812 4815
11 121 4819 4822
11 122 4826 4829
11 123 4833 4836
11 124 4840 4843
11 125 4847 4850
11 126 4854 4857
12 64 4861 4864
12 65 4868 4871
12 66 4875 4878
12 67 4882 4885
12 68 4889 4892
12 69 4896 4899
12 70 4903 4906
12 71 4910 4913
12 72 4917 4920
12 73 4924 4927
12 74 4931 4934
12 75 4938 4941
12 76 4945 4948
12 77 4952 4955
12 78 4959 4962
12 79 4966 4969
12 80 4973 4976
12 81 4980 4983
12 82 4987 4990
12 83 4994 4997
12 84 5001 5004
12 85 5008 5011
12 86 5015 5018
12 87 5022 5025
12 88 5029 5032
12 89 5036 5039
12 90 5043 5046
12 91 5050 5053
12 92 5057 5060
12 93 5064 5067
12 94 5071 5074
12 95 5078 5081
12 96 5085 5088
12 97 5092 5095
12 98 5099 5102
12 99 5106 5109
12 100 5113 5116
12 101 5120 5123
12 102 5127 5130
12 103 5134 5137
12 104 5141 5144
12 105 5148 5151
12 106 5155 5158
12 107 5162 5165
12 108 5169 5172
12 109 5176 5179
12 110 5183 5186
12 111 5190 5193
12 112 5197 5200
12 113 5204 5207
12 114 5211 5214
12 115 5218 5221
12 116 5225 5228
12 117 5232 5235
12 118 5239 5242
12 119 5246 5249
12 120 5253 5256
12 121 5260 5263
12 122 5267 5270
12 123 5274 5277
12 124 5281 5284
12 125 5288 5291
12 126 5295 5298
13 64 5302 5305
13 65 5309 5312
13 66 5316 5319
13 67 5323 5326
13 68 5330 5333
13 69 5337 5340
13 70 5344 5347
13 71 5351 5354
13 72 5358 5361
13 73 5365 5368
13 74 5372 5375
13 75 5379 5382
13 76 5386 5389
13 77 5393 5396
13 78 5400 5403
13 79 5407 5410
13 80 5414 5417
13 81 5421 5424
13 82 5428 5431
13 83 5435 5438
13 84 5442 5445
13 85 5449 5452
13 86 5456 5459
13 87 5463 5466
13 88 5470 5473
13 89 5477 5480
13 90 5484 5487
13 91 5491 5494
13 92 5498 5501
13 93 5505 5508
13 94 5512 5515
13 95 5519 5522
13 96 5526 5529
13 97 5533 5536
13 98 5540 5543
13 99 5547 5550
13 100 5554 5557
13 101 5561 5564
13 102 5568 5571
13 103 5575 5578
13 104 5582 5585
13 105 5589 5592
13 106 5596 5599
13 107 5603 5606
13 108 5610 5613
13 109 5617 5620
13 110 5624 5627
13 111 5631 5634
13 112 5638 5641
13 113 5645 5648
13 114 5652 5655
13 115 5659 5662
13 116 5666 5669
13 117 5673 5676
13 118 5680 5683
13 119 5687 5690
13 120 5694 5697
13 121 5701 5704
13 122 5708 5711
13 123 5715 5718
13 124 5722 5725
13 125 5729 5732
13 126 5736 5739
14 64 5743 5746
14 65 5750 5753
14 66 5757 5760
14 67 5764 5767
14 68 5771 5774
14 69 5778 5781
14 70 5785 5788
14 71 5792 5795
14 72 5799 5802
14 73 5806 5809
14 74 5813 5816
14 75 5820 5823
14 76 5827 5830
14 77 5834 5837
14 78 5841 5844
14 79 5848 5851
14 80 5855 5858
14 81 5862 5865
14 82 5869 5872
14 83 5876 5879
14 84 5883 5886
14 85 5890 5893
14 86 5897 5900
14 87 5904 5907
14 88 5911 5914
14 89 5918 5921
14 90 5925 5928
14 91 5932 5935
14 92 5939 5942
14 93 5946 5949
14 94 5953 5956
14 95 5960 5963
14 96 5967 5970
14 97 5974 5977
14 98 5981 5984
14 99 5988 5991
14 100 5995 5998
14 101 6002 6005
14 102 6009 6012
14 103 6016 6019
14 104 6023 6026
14 105 6030 6033
14 106 6037 6040
14 107 6044 6047
14 108 6051 6054
14 109 6058 6061
14 110 6065 6068
14 111 6072 6075
14 112 6079 6082
14 113 6086 6089
14 114 6093 6096
14 115 6100 6103
14 116 6107 6110
14 117 6114 6117
14 118 6121 6124
14 119 6128 6131
14 120 6135 6138
14 121 6142 6145
14 122 6149 6152
14 123 6156 6159
14 124 6163 6166
14 125 6170 6173
14 126 6177 6180
15 64 6184 6187
15 65 6191 6194
15 66 6198 6201
15 67 6205 6208
15 68 6212 6215
15 69 6219 6222
15 70 6226 6229
15 71 6233 6236
15 72 6240 6243
15 73 6247 6250
15 74 6254 6257
15 75 6261 6264
15 76 6268 6271
15 77 6275 6278
15 78 6282 6285
15 79 6289 6292
15 80 6296 6299
15 81 6303 6306
15 82 6310 6313
15 83 6317 6320
15 84 6324 6327
15 85 6331 6334
15 86 6338 6341
15 87 6345 6348
15 88 6352 6355
15 89 6359 6362
15 90 6366 6369
15 91 6373 6376
15 92 6380 6383
15 93 6387 6390
15 94 6394 6397
15 95 6401 6404
15 96 6408 6411
15 97 6415 6418
15 98 6422 6425
15 99 6429 6432
15 100 6436 6439
15 101 6443 6446
15 102 6450 6453
15 103 6457 6460
15 104 6464 6467
15 105 6471 6474
15 106 6478 6481
15 107 6485 6488
15 108 6492 6495
15 109 6499 6502
15 110 6506 6509
15 111 6513 6516
15 112 6520 6523
15 113 6527 6530
15 114 6534 6537
15 115 6541 6544
15 116 6548 6551
15 117 6555 6558
15 118 6562 6565
15 119 6569 6572
15 120 6576 6579
15 121 6583 6586
15 122 6590 6593
15 123 6597 6600
15 124 6604 6607
15 125 6611 6614
15 126 6618 6621
16 64 6625 6628
16 65 6632 6635
16 66 6639 6642
16 67 6646 6649
16 68 6653 6656
16 69 6660 6663
16 70 6667 6670
16 71 6674 6677
16 72 6681 6684
16 73 6688 6691
16 74 6695 6698
16 75 6702 6705
16 76 6709 6712
16 77 6716 6719
16 78 6723 6726
16 79 6730 6733
16 80 6737 6740
16 81 6744 6747
16 82 6751 6754
16 83 6758 6761
16 84 6765 6768
16 85 6772 6775
16 86 6779 6782
16 87 6786 6789
16 88 6793 6796
16 89 6800 6803
16 90 6807 6810
16 91 6814 6817
16 92 6821 6824
16 93 6828 6831
16 94 6835 6838
16 95 6842 6845
16 96 6849 6852
16 97 6856 6859
16 98 6863 6866
16 99 6870 6873
16 100 6877 6880
16 101 6884 6887
16 102 6891 6894
16 103 6898 6901
16 104 6905 6908
16 105 6912 6915
16 106 6919 6922
16 107 6926 6929
16 108 6933 6936
16 109 6940 6943
16 110 6947 6950
16 111 6954 6957
16 112 6961 6964
16 113 6968 6971
16 114 6975 6978
16 115 6982 6985
16 116 6989 6992
16 117 6996 6999
16 118 7003 7006
16 119 7010 7013
16 120 7017 7020
16 121 7024 7027
16 122 7031 7034
16 123 7038 7041
16 124 7045 7048
16 125 7052 7055
16 126 7059 7062
17 64 7066 7069
17 65 7073 7076
17 66 7080 7083
17 67 7087 7090
17 68 7094 7097
17 69 7101 7104
17 70 7108 7111
17 71 7115 7118
17 72 7122 7125
17 73 7129 7132
17 74 7136 7139
17 75 7143 7146
17 76 7150 7153
17 77 7157 7160
17 78 7164 7167
17 79 7171 7174
17 80 7178 7181
17 81 7185 7188
17 82 7192 7195
17 83 7199 7202
17 84 7206 7209
17 85 7213 7216
17 86 7220 7223
17 87 7227 7230
17 88 7234 7237
17 89 7241 7244
17 90 7248 7251
17 91 7255 7258
17 92 7262 7265
17 93 7269 7272
17 94 7276 7279
17 95 7283 7286
17 96 7290 7293
17 97 7297 7300
17 98 7304 7307
17 99 7311 7314
17 100 7318 7321
17 101 7325 7328
17 102 7332 7335
17 103 7339 7342
17 104 7346 7349
17 105 7353 7356
17 106 7360 7363
17 107 7367 7370
17 108 7374 7377
17 109 7381 7384
17 110 7388 7391
17 111 7395 7398
17 112 7402 7405
17 113 7409 7412
17 114 7416 7419
17 115 7423 7426
17 116 7430 7433
17 117 7437 7440
17 118 7444 7447
17 119 7451 7454
17 120 7458 7461
17 121 7465 7468
17 122 7472 7475
17 123 7479 7482
17 124 7486 7489
17 125 7493 7496
17 126 7500 7503
18 64 7507 7510
18 65 7514 7517
18 66 7521 7524
18 67 7528 7531
18 68 7535 7538
18 69 7542 7545
18 70 7549 7552
18 71 7556 7559
18 72 7563 7566
18 73 7570 7573
18 74 7577 7580
18 75 7584 7587
18 76 7591 7594
18 77 7598 7601
18 78 7605 7608
18 79 7612 7615
18 80 7619 7622
18 81 7626 7629
18 82 7633 7636
18 83 7640 7643
18 84 7647 7650
18 85 7654 7657
18 86 7661 7664
18 87 7668 7671
18 88 7675 7678
18 89 7682 7685
18 90 7689 7692
18 91 7696 7699
18 92 7703 7706
18 93 7710 7713
18 94 7717 7720
18 95 7724 7727
18 96 7731 7734
18 97 7738 7741
18 98 7745 7748
18 99 7752 7755
18 100 7759 7762
18 101 7766 7769
18 102 7773 7776
18 103 7780 7783
18 104 7787 7790
18 105 7794 7797
18 106 7801 7804
18 107 7808 7811
18 108 7815 7818
18 109 7822 7825
18 110 7829 7832
18 111 7836 7839
18 112 7843 7846
18 113 7850 7853
18 114 7857 7860
18 115 7864 7867
18 116 7871 7874
18 117 7878 7881
18 118 7885 7888
18 119 7892 7895
18 120 7899 7902
18 121 7906 7909
18 122 7913 7916
18 123 7920 7923
18 124 7927 7930
18 125 7934 7937
18 126 7941 7944
19 64 7948 7951
19 65 7955 7958
19 66 7962 7965
19 67 7969 7972
19 68 7976 7979
19 69 7983 7986
19 70 7990 7993
19 71 7997 8000
19 72 8004 8007
19 73 8011 8014
19 74 8018 8021
19 75 8025 8028
19 76 8032 8035
19 77 8039 8042
19 78 8046 8049
19 79 8053 8056
19 80 8060 8063
19 81 8067 8070
19 82 8074 8077
19 83 8081 8084
19 84 8088 8091
19 85 8095 8098
19 86 8102 8105
19 87 8109 8112
19 88 8116 8119
19 89 8123 8126
19 90 8130 8133
19 91 8137 8140
19 92 8144 8147
19 93 8151 8154
19 94 8158 8161
19 95 8165 8168
19 96 8172 8175
19 97 8179 8182
19 98 8186 8189
19 99 8193 8196
19 100 8200 8203
19 101 8207 8210
19 102 8214 8217
19 103 8221 8224
19 104 8228 8231
19 105 8235 8238
19 106 8242 8245
19 107 8249 8252
19 108 8256 8259
19 109 8263 8266
19 110 8270 8273
19 111 8277 8280
19 112 8284 8287
19 113 8291 8294
19 114 8298 8301
19 115 8305 8308
19 116 8312 8315
19 117 8319 8322
19 118 8326 8329
19 119 8333 8336
19 120 8340 8343
19 121 8347 8350
19 122 8354 8357
19 123 8361 8364
19 124 8368 8371
19 125 8375 8378
19 126 8382 8385
20 64 8389 8392
20 65 8396 8399
20 66 8403 8406
20 67 8410 8413
20 68 8417 8420
20 69 8424 8427
20 70 8431 8434
20 71 8438 8441
20 72 8445 8448
20 73 8452 8455
20 74 8459 8462
20 75 8466 8469
20 76 8473 8476
20 77 8480 8483
20 78 8487 8490
20 79 8494 8497
20 80 8501 8504
20 81 8508 8511
20 82 8515 8518
20 83 8522 8525
20 84 8529 8532
20 85 8536 8539
20 86 8543 8546
20 87 8550 8553
20 88 8557 8560
20 89 8564 8567
20 90 8571 8574
20 91 8578 8581
20 92 8585 8588
20 93 8592 8595
20 94 8599 8602
20 95 8606 8609
20 96 8613 8616
20 97 8620 8623
20 98 8627 8630
20 99 8634 8637
20 100 8641 8644
20 101 8648 8651
20 102 8655 8658
20 103 8662 8665
20 104 8669 8672
20 105 8676 8679
20 106 8683 8686
20 107 8690 8693
20 108 8697 8700
20 109 8704 8707
20 110 8711 8714
20 111 8718 8721
20 112 8725 8728
20 113 8732 8735
20 114 8739 8742
20 115 8746 8749
20 116 8753 8756
20 117 8760 8763
20 118 8767 8770
20 119 8774 8777
20 120 8781 8784
20 121 8788 8791
20 122 8795 8798
20 123 8802 8805
20 124 8809 8812
20 125 8816 8819
20 126 8823 8826
21 64 8830 8833
21 65 8837 8840
21 66 8844 8847
21 67 8851 8854
21 68 8858 8861
21 69 8865 8868
21 70 8872 8875
21 71 8879 8882
21 72 8886 8889
21 73 8893 8896
21 74 8900 8903
21 75 8907 8910
21 76 8914 8917
21 77 8921 8924
21 78 8928 8931
21 79 8935 8938
21 80 8942 8945
21 81 8949 8952
21 82 8956 8959
21 83 8963 8966
21 84 8970 8973
21 85 8977 8980
21 86 8984 8987
21 87 8991 8994
21 88 8998 9001
21 89 9005 9008
21 90 9012 9015
21 91 9019 9022
21 92 9026 9029
21 93 9033 9036
21 94 9040 9043
21 95 9047 9050
21 96 9054 9057
21 97 9061 9064
21 98 9068 9071
21 99 9075 9078
21 100 9082 9085
21 101 9089 9092
21 102 9096 9099
21 103 9103 9106
21 104 9110 9113
21 105 9117 9120
21 106 9124 9127
21 107 9131 9134
21 108 9138 9141
21 109 9145 9148
21 110 9152 9155
21 111 9159 9162
21 112 9166 9169
21 113 9173 9176
21 114 9180 9183
21 115 9187 9190
21 116 9194 9197
21 117 9201 9204
21 118 9208 9211
21 119 9215 9218
21 120 9222 9225
21 121 9229 9232
21 122 9236 9239
21 123 9243 9246
21 124 9250 9253
21 125 9257 9260
21 126 9264 9267
22 64 9271 9274
22 65 9278 9281
22 66 9285 9288
22 67 9292 9295
22 68 9299 9302
22 69 9306 9309
22 70 9313 9316
22 71 9320 9323
22 72 9327 9330
22 73 9334 9337
22 74 9341 9344
22 75 9348 9351
22 76 9355 9358
22 77 9362 9365
22 78 9369 9372
22 79 9376 9379
22 80 9383 9386
22 81 9390 9393
22 82 9397 9400
22 83 9404 9407
22 84 9411 9414
22 85 9418 9421
22 86 9425 9428
22 87 9432 9435
22 88 9439 9442
22 89 9446 9449
22 90 9453 9456
22 91 9460 9463
22 92 9467 9470
22 93 9474 9477
22 94 9481 9484
22 95 9488 9491
22 96 9495 9498
22 97 9502 9505
22 98 9509 9512
22 99 9516 9519
22 100 9523 9526
22 101 9530 9533
22 102 9537 9540
22 103 9544 9547
22 104 9551 9554
22 105 9558 9561
22 106 9565 9568
22 107 9572 9575
22 108 9579 9582
22 109 9586 9589
22 110 9593 9596
22 111 9600 9603
22 112 9607 9610
22 113 9614 9617
22 114 9621 9624
22 115 9628 9631
22 116 9635 9638
22 117 9642 9645
22 118 9649 9652
22 119 9656 9659
22 120 9663 9666
22 121 9670 9673
22 122 9677 9680
22 123 9684 9687
22 124 9691 9694
22 125 9698 9701
22 126 9705 9708
23 64 9712 9715
23 65 9719 9722
23 66 9726 9729
23 67 9733 9736
23 68 9740 9743
23 69 9747 9750
23 70 9754 9757
23 71 9761 9764
23 72 9768 9771
23 73 9775 9778
23 74 9782 9785
23 75 9789 9792
23 76 9796 9799
23 77 9803 9806
23 78 9810 9813
23 79 9817 9820
23 80 9824 9827
23 81 9831 9834
23 82 9838 9841
23 83 9845 9848
23 84 9852 9855
23 85 9859 9862
23 86 9866 9869
23 87 9873 9876
23 88 9880 9883
23 89 9887 9890
23 90 9894 9897
23 91 9901 9904
23 92 9908 9911
23 93 9915 9918
23 94 9922 9925
23 95 9929 9932
23 96 9936 9939
23 97 9943 9946
23 98 9950 9953
23 99 9957 9960
23 100 9964 9967
23 101 9971 9974
23 102 9978 9981
23 103 9985 9988
23 104 9992 9995
23 105 9999 10002
23 106 10006 10009
23 107 10013 10016
23 108 10020 10023
23 109 10027 10030
23 110 10034 10037
23 111 10041 10044
23 112 10048 10051
23 113 10055 10058
23 114 10062 10065
23 115 10069 10072
23 116 10076 10079
23 117 10083 10086
23 118 10090 10093
23 119 10097 10100
23 120 10104 10107
23 121 10111 10114
23 122 10118 10121
23 123 10125 10128
23 124 10132 10135
23 125 10139 10142
23 126 10146 10149
24 64 10153 10156
24 65 10160 10163
24 66 10167 10170
24 67 10174 10177
24 68 10181 10184
24 69 10188 10191
24 70 10195 10198
24 71 10202 10205
24 72 10209 10212
24 73 10216 10219
24 74 10223 10226
24 75 10230 10233
24 76 10237 10240
24 77 10244 10247
24 78 10251 10254
24 79 10258 10261
24 80 10265 10268
24 81 10272 10275
24 82 10279 10282
24 83 10286 10289
24 84 10293 10296
24 85 10300 10303
24 86 10307 10310
24 87 10314 10317
24 88 10321 10324
24 89 10328 10331
24 90 10335 10338
24 91 10342 10345
24 92 10349 10352
24 93 10356 10359
24 94 10363 10366
24 95 10370 10373
24 96 10377 10380
24 97 10384 10387
24 98 10391 10394
24 99 10398 10401
24 100 10405 10408
24 101 10412 10415
24 102 10419 10422
24 103 10426 10429
24 104 10433 10436
24 105 10440 10443
24 106 10447 10450
24 107 10454 10457
24 108 10461 10464
24 109 10468 10471
24 110 10475 10478
24 111 10482 10485
24 112 10489 10492
24 113 10496 10499
24 114 10503 10506
24 115 10510 10513
24 116 10517 10520
24 117 10524 10527
24 118 10531 10534
24 119 10538 10541
24 120 10545 10548
24 121 10552 10555
24 122 10559 10562
24 123 10566 10569
24 124 10573 10576
24 125 10580 10583
24 126 10587 10590
25 64 10594 10597
25 65 10601 10604
25 66 10608 10611
25 67 10615 10618
25 68 10622 10625
25 69 10629 10632
25 70 10636 10639
25 71 10643 10646
25 72 10650 10653
25 73 10657 10660
25 74 10664 10667
25 75 10671 10674
25 76 10678 10681
25 77 10685 10688
25 78 10692 10695
25 79 10699 10702
25 80 10706 10709
25 81 10713 10716
25 82 10720 10723
25 83 10727 10730
25 84 10734 10737
25 85 10741 10744
25 86 10748 10751
25 87 10755 10758
25 88 10762 10765
25 89 10769 10772
25 90 10776 10779
25 91 10783 10786
25 92 10790 10793
25 93 10797 10800
25 94 10804 10807
25 95 10811 10814
25 96 10818 10821
25 97 10825 10828
25 98 10832 10835
25 99 10839 10842
25 100 10846 10849
25 101 10853 10856
25 102 10860 10863
25 103 10867 10870
25 104 10874 10877
25 105 10881 10884
25 106 10888 10891
25 107 10895 10898
25 108 10902 10905
25 109 10909 10912
25 110 10916 10919
25 111 10923 10926
25 112 10930 10933
25 113 10937 10940
25 114 10944 10947
25 115 10951 10954
25 116 10958 10961
25 117 10965 10968
25 118 10972 10975
25 119 10979 10982
25 120 10986 10989
25 121 10993 10996
25 122 11000 11003
25 123 11007 11010
25 124 11014 11017
25 125 11021 11024
25 126 11028 11031
26 64 11035 11038
26 65 11042 11045
26 66 11049 11052
26 67 11056 11059
26 68 11063 11066
26 69 11070 11073
26 70 11077 11080
26 71 11084 11087
26 72 11091 11094
26 73 11098 11101
26 74 11105 11108
26 75 11112 11115
26 76 11119 11122
26 77 11126 11129
26 78 11133 11136
26 79 11140 11143
26 80 11147 11150
26 81 11154 11157
26 82 11161 11164
26 83 11168 11171
26 84 11175 11178
26 85 11182 11185
26 86 11189 11192
26 87 11196 11199
26 88 11203 11206
26 89 11210 11213
26 90 11217 11220
26 91 11224 11227
26 92 11231 11234
26 93 11238 11241
26 94 11245 11248
26 95 11252 11255
26 96 11259 11262
26 97 11266 11269
26 98 11273 11276
26 99 11280 11283
26 100 11287 11290
26 101 11294 11297
26 102 11301 11304
26 103 11308 11311
26 104 11315 11318
26 105 11322 11325
26 106 11329 11332
26 107 11336 11339
26 108 11343 11346
26 109 11350 11353
26 110 11357 11360
26 111 11364 11367
26 112 11371 11374
26 113 11378 11381
26 114 11385 11388
26 115 11392 11395
26 116 11399 11402
26 117 11406 11409
26 118 11413 11416
26 119 11420 11423
26 120 11427 11430
26 121 11434 11437
26 122 11441 11444
26 123 11448 11451
26 124 11455 11458
26 125 11462 11465
26 126 11469 11472
27 64 11476 11479
27 65 11483 11486
27 66 11490 11493
27 67 11497 11500
27 68 11504 11507
27 69 11511 11514
27 70 11518 11521
27 71 11525 11528
27 72 11532 11535
27 73 11539 11542
27 74 11546 11549
27 75 11553 11556
27 76 11560 11563
27 77 11567 11570
27 78 11574 11577
27 79 11581 11584
27 80 11588 11591
27 81 11595 11598
27 82 11602 11605
27 83 11609 11612
27 84 11616 11619
27 85 11623 11626
27 86 11630 11633
27 87 11637 11640
27 88 11644 11647
27 89 11651 11654
27 90 11658 11661
27 91 11665 11668
27 92 11672 11675
27 93 11679 11682
27 94 11686 11689
27 95 11693 11696
27 96 11700 11703
27 97 11707 11710
27 98 11714 11717
27 99 11721 11724
27 100 11728 11731
27 101 11735 11738
27 102 11742 11745
27 103 11749 11752
27 104 11756 11759
27 105 11763 11766
27 106 11770 11773
27 107 11777 11780
27 108 11784 11787
27 109 11791 11794
27 110 11798 11801
27 111 11805 11808
27 112 11812 11815
27 113 11819 11822
27 114 11826 11829
27 115 11833 11836
27 116 11840 11843
27 117 11847 11850
27 118 11854 11857
27 119 11861 11864
27 120 11868 11871
27 121 11875 11878
27 122 11882 11885
27 123 11889 11892
27 124 11896 11899
27 125 11903 11906
27 126 11910 11913
28 64 11917 11920
28 65 11924 11927
28 66 11931 11934
28 67 11938 11941
28 68 11945 11948
28 69 11952 11955
28 70 11959 11962
28 71 11966 11969
28 72 11973 11976
28 73 11980 11983
28 74 11987 11990
28 75 11994 11997
28 76 12001 12004
28 77 12008 12011
28 78 12015 12018
28 79 12022 12025
28 80 12029 12032
28 81 12036 12039
28 82 12043 12046
28 83 12050 12053
28 84 12057 12060
28 85 12064 12067
28 86 12071 12074
28 87 12078 12081
28 88 12085 12088
28 89 12092 12095
28 90 12099 12102
28 91 12106 12109
28 92 12113 12116
28 93 12120 12123
28 94 12127 12130
28 95 12134 12137
28 96 12141 12144
28 97 12148 12151
28 98 12155 12158
28 99 12162 12165
28 100 12169 12172
28 101 12176 12179
28 102 12183 12186
28 103 12190 12193
28 104 12197 12200
28 105 12204 12207
28 106 12211 12214
28 107 12218 12221
28 108 12225 12228
28 109 12232 12235
28 110 12239 12242
28 111 12246 12249
28 112 12253 12256
28 113 12260 12263
28 114 12267 12270
28 115 12274 12277
28 116 12281 12284
28 117 12288 12291
28 118 12295 12298
28 119 12302 12305
28 120 12309 12312
28 121 12316 12319
28 122 12323 12326
28 123 12330 12333
28 124 12337 12340
28 125 12344 12347
28 126 12351 12354
29 64 12358 12361
29 65 12365 12368
29 66 12372 12375
29 67 12379 12382
29 68 12386 12389
29 69 12393 12396
29 70 12400 12403
29 71 12407 12410
29 72 12414 12417
29 73 12421 12424
29 74 12428 12431
29 75 12435 12438
29 76 12442 12445
29 77 12449 12452
29 78 12456 12459
29 79 12463 12466
29 80 12470 12473
29 81 12477 12480
29 82 12484 12487
29 83 12491 12494
29 84 12498 12501
29 85 12505 12508
29 86 12512 12515
29 87 12519 12522
29 88 12526 12529
29 89 12533 12536
29 90 12540 12543
29 91 12547 12550
29 92 12554 12557
29 93 12561 12564
29 94 12568 12571
29 95 12575 12578
29 96 12582 12585
29 97 12589 12592
29 98 12596 12599
29 99 12603 12606
29 100 12610 12613
29 101 12617 12620
29 102 12624 12627
29 103 12631 12634
29 104 12638 12641
29 105 12645 12648
29 106 12652 12655
29 107 12659 12662
29 108 12666 12669
29 109 12673 12676
29 110 12680 12683
29 111 12687 12690
29 112 12694 12697
29 113 12701 12704
29 114 12708 12711
29 115 12715 12718
29 116 12722 12725
29 117 12729 12732
29 118 12736 12739
29 119 12743 12746
29 120 12750 12753
29 121 12757 12760
29 122 12764 12767
29 123 12771 12774
29 124 12778 12781
29 125 12785 12788
29 126 12792 12795
30 64 12799 12802
30 65 12806 12809
30 66 12813 12816
30 67 12820 12823
30 68 12827 12830
30 69 12834 12837
30 70 12841 12844
30 71 12848 12851
30 72 12855 12858
30 73 12862 12865
30 74 12869 12872
30 75 12876 12879
30 76 12883 12886
30 77 12890 12893
30 78 12897 12900
30 79 12904 12907
30 80 12911 12914
30 81 12918 12921
30 82 12925 12928
30 83 12932 12935
30 84 12939 12942
30 85 12946 12949
30 86 12953 12956
30 87 12960 12963
30 88 12967 12970
30 89 12974 12977
30 90 12981 12984
30 91 12988 12991
30 92 12995 12998
30 93 13002 13005
30 94 13009 13012
30 95 13016 13019
30 96 13023 13026
30 97 13030 13033
30 98 13037 13040
30 99 13044 13047
30 100 13051 13054
30 101 13058 13061
30 102 13065 13068
30 103 13072 13075
30 104 13079 13082
30 105 13086 13089
30 106 13093 13096
30 107 13100 13103
30 108 13107 13110
30 109 13114 13117
30 110 13121 13124
30 111 13128 13131
30 112 13135 13138
30 113 13142 13145
30 114 13149 13152
30 115 13156 13159
30 116 13163 13166
30 117 13170 13173
30 118 13177 13180
30 119 13184 13187
30 120 13191 13194
30 121 13198 13201
30 122 13205 13208
30 123 13212 13215
30 124 13219 13222
30 125 13226 13229
30 126 13233 13236
31 64 13240 13243
31 65 13247 13250
31 66 13254 13257
31 67 13261 13264
31 68 13268 13271
31 69 13275 13278
31 70 13282 13285
31 71 13289 13292
31 72 13296 13299
31 73 13303 13306
31 74 13310 13313
31 75 13317 13320
31 76 13324 13327
31 77 13331 13334
31 78 13338 13341
31 79 13345 13348
31 80 13352 13355
31 81 13359 13362
31 82 13366 13369
31 83 13373 13376
31 84 13380 13383
31 85 13387 13390
31 86 13394 13397
31 87 13401 13404
31 88 13408 13411
31 89 13415 13418
31 90 13422 13425
31 91 13429 13432
31 92 13436 13439
31 93 13443 13446
31 94 13450 13453
31 95 13457 13460
31 96 13464 13467
31 97 13471 13474
31 98 13478 13481
31 99 13485 13488
31 100 13492 13495
31 101 13499 13502
31 102 13506 13509
31 103 13513 13516
31 104 13520 13523
31 105 13527 13530
31 106 13534 13537
31 107 13541 13544
31 108 13548 13551
31 109 13555 13558
31 110 13562 13565
31 111 13569 13572
31 112 13576 13579
31 113 13583 13586
31 114 13590 13593
31 115 13597 13600
31 116 13604 13607
31 117 13611 13614
31 118 13618 13621
31 119 13625 13628
31 120 13632 13635
31 121 13639 13642
31 122 13646 13649
31 123 13653 13656
31 124 13660 13663
31 125 13667 13670
31 126 13674 13677
32 64 13681 13684
32 65 13688 13691
32 66 13695 13698
32 67 13702 13705
32 68 13709 13712
32 69 13716 13719
32 70 13723 13726
32 71 13730 13733
32 72 13737 13740
32 73 13744 13747
32 74 13751 13754
32 75 13758 13761
32 76 13765 13768
32 77 13772 13775
32 78 13779 13782
32 79 13786 13789
32 80 13793 13796
32 81 13800 13803
32 82 13807 13810
32 83 13814 13817
32 84 13821 13824
32 85 13828 13831
32 86 13835 13838
32 87 13842 13845
32 88 13849 13852
32 89 13856 13859
32 90 13863 13866
32 91 13870 13873
32 92 13877 13880
32 93 13884 13887
32 94 13891 13894
32 95 13898 13901
32 96 13905 13908
32 97 13912 13915
32 98 13919 13922
32 99 13926 13929
32 100 13933 13936
32 101 13940 13943
32 102 13947 13950
32 103 13954 13957
32 104 13961 13964
32 105 13968 13971
32 106 13975 13978
32 107 13982 13985
32 108 13989 13992
32 109 13996 13999
32 110 14003 14006
32 111 14010 14013
32 112 14017 14020
32 113 14024 14027
32 114 14031 14034
32 115 14038 14041
32 116 14045 14048
32 117 14052 14055
32 118 14059 14062
32 119 14066 14069
32 120 14073 14076
32 121 14080 14083
32 122 14087 14090
32 123 14094 14097
32 124 14101 14104
32 125 14108 14111
32 126 14115 14118
33 64 14122 14125
33 65 14129 14132
33 66 14136 14139
33 67 14143 14146
33 68 14150 14153
33 69 14157 14160
33 70 14164 14167
33 71 14171 14174
33 72 14178 14181
33 73 14185 14188
33 74 14192 14195
33 75 14199 14202
33 76 14206 14209
33 77 14213 14216
33 78 14220 14223
33 79 14227 14230
33 80 14234 14237
33 81 14241 14244
33 82 14248 14251
33 83 14255 14258
33 84 14262 14265
33 85 14269 14272
33 86 14276 14279
33 87 14283 14286
33 88 14290 14293
33 89 14297 14300
33 90 14304 14307
33 91 14311 14314
33 92 14318 14321
33 93 14325 14328
33 94 14332 14335
33 95 14339 14342
33 96 14346 14349
33 97 14353 14356
33 98 14360 14363
33 99 14367 14370
33 100 14374 14377
33 101 14381 14384
33 102 14388 14391
33 103 14395 14398
33 104 14402 14405
33 105 14409 14412
33 106 14416 14419
33 107 14423 14426
33 108 14430 14433
33 109 14437 14440
33 110 14444 14447
33 111 14451 14454
33 112 14458 14461
33 113 14465 14468
33 114 14472 14475
33 115 14479 14482
33 116 14486 14489
33 117 14493 14496
33 118 14500 14503
33 119 14507 14510
33 120 14514 14517
33 121 14521 14524
33 122 14528 14531
33 123 14535 14538
33 124 14542 14545
33 125 14549 14552
33 126 14556 14559
34 64 14563 14566
34 65 14570 14573
34 66 14577 14580
34 67 14584 14587
34 68 14591 14594
34 69 14598 14601
34 70 14605 14608
34 71 14612 14615
34 72 14619 14622
34 73 14626 14629
34 74 14633 14636
34 75 14640 14643
34 76 14647 14650
34 77 14654 14657
34 78 14661 14664
34 79 14668 14671
34 80 14675 14678
34 81 14682 14685
34 82 14689 14692
34 83 14696 14699
34 84 14703 14706
34 85 14710 14713
34 86 14717 14720
34 87 14724 14727
34 88 14731 14734
34 89 14738 14741
34 90 14745 14748
34 91 14752 14755
34 92 14759 14762
34 93 14766 14769
34 94 14773 14776
34 95 14780 14783
34 96 14787 14790
34 97 14794 14797
34 98 14801 14804
34 99 14808 14811
34 100 14815 14818
34 101 14822 14825
34 102 14829 14832
34 103 14836 14839
34 104 14843 14846
34 105 14850 14853
34 106 14857 14860
34 107 14864 14867
34 108 14871 14874
34 109 14878 14881
34 110 14885 14888
34 111 14892 14895
34 112 14899 14902
34 113 14906 14909
34 114 14913 14916
34 115 14920 14923
34 116 14927 14930
34 117 14934 14937
34 118 14941 14944
34 119 14948 14951
34 120 14955 14958
34 121 14962 14965
34 122 14969 14972
34 123 14976 14979
34 124 14983 14986
34 125 14990 14993
34 126 14997 15000
35 64 15004 15007
35 65 15011 15014
35 66 15018 15021
35 67 15025 15028
35 68 15032 15035
35 69 15039 15042
35 70 15046 15049
35 71 15053 15056
35 72 15060 15063
35 73 15067 15070
35 74 15074 15077
35 75 15081 15084
35 76 15088 15091
35 77 15095 15098
35 78 15102 15105
35 79 15109 15112
35 80 15116 15119
35 81 15123 15126
35 82 15130 15133
35 83 15137 15140
35 84 15144 15147
35 85 15151 15154
35 86 15158 15161
35 87 15165 15168
35 88 15172 15175
35 89 15179 15182
35 90 15186 15189
35 91 15193 15196
35 92 15200 15203
35 93 15207 15210
35 94 15214 15217
35 95 15221 15224
35 96 15228 15231
35 97 15235 15238
35 98 15242 15245
35 99 15249 15252
35 100 15256 15259
35 101 15263 15266
35 102 15270 15273
35 103 15277 15280
35 104 15284 15287
35 105 15291 15294
35 106 15298 15301
35 107 15305 15308
35 108 15312 15315
35 109 15319 15322
35 110 15326 15329
35 111 15333 15336
35 112 15340 15343
35 113 15347 15350
35 114 15354 15357
35 115 15361 15364
35 116 15368 15371
35 117 15375 15378
35 118 15382 15385
35 119 15389 15392
35 120 15396 15399
35 121 15403 15406
35 122 15410 15413
35 123 15417 15420
35 124 15424 15427
35 125 15431 15434
35 126 15438 15441
36 64 15445 15448
36 65 15452 15455
36 66 15459 15462
36 67 15466 15469
36 68 15473 15476
36 69 15480 15483
36 70 15487 15490
36 71 15494 15497
36 72 15501 15504
36 73 15508 15511
36 74 15515 15518
36 75 15522 15525
36 76 15529 15532
36 77 15536 15539
36 78 15543 15546
36 79 15550 15553
36 80 15557 15560
36 81 15564 15567
36 82 15571 15574
36 83 15578 15581
36 84 15585 15588
36 85 15592 15595
36 86 15599 15602
36 87 15606 15609
36 88 15613 15616
36 89 15620 15623
36 90 15627 15630
36 91 15634 15637
36 92 15641 15644
36 93 15648 15651
36 94 15655 15658
36 95 15662 15665
36 96 15669 15672
36 97 15676 15679
36 98 15683 15686
36 99 15690 15693
36 100 15697 15700
36 101 15704 15707
36 102 15711 15714
36 103 15718 15721
36 104 15725 15728
36 105 15732 15735
36 106 15739 15742
36 107 15746 15749
36 108 15753 15756
36 109 15760 15763
36 110 15767 15770
36 111 15774 15777
36 112 15781 15784
36 113 15788 15791
36 114 15795 15798
36 115 15802 15805
36 116 15809 15812
36 117 15816 15819
36 118 15823 15826
36 119 15830 15833
36 120 15837 15840
36 121 15844 15847
36 122 15851 15854
36 123 15858 15861
36 124 15865 15868
36 125 15872 15875
36 126 15879 15882
37 64 15886 15889
37 65 15893 15896
37 66 15900 15903
37 67 15907 15910
37 68 15914 15917
37 69 15921 15924
37 70 15928 15931
37 71 15935 15938
37 72 15942 15945
37 73 15949 15952
37 74 15956 15959
37 75 15963 15966
37 76 15970 15973
37 77 15977 15980
37 78 15984 15987
37 79 15991 15994
37 80 15998 16001
37 81 16005 16008
37 82 16012 16015
37 83 16019 16022
37 84 16026 16029
37 85 16033 16036
37 86 16040 16043
37 87 16047 16050
37 88 16054 16057
37 89 16061 16064
37 90 16068 16071
37 91 16075 16078
37 92 16082 16085
37 93 16089 16092
37 94 16096 16099
37 95 16103 16106
37 96 16110 16113
37 97 16117 16120
37 98 16124 16127
37 99 16131 16134
37 100 16138 16141
37 101 16145 16148
37 102 16152 16155
37 103 16159 16162
37 104 16166 16169
37 105 16173 16176
37 106 16180 16183
37 107 16187 16190
37 108 16194 16197
37 109 16201 16204
37 110 16208 16211
37 111 16215 16218
37 112 16222 16225
37 113 16229 16232
37 114 16236 16239
37 115 16243 16246
37 116 16250 16253
37 117 16257 16260
37 118 16264 16267
37 119 16271 16274
37 120 16278 16281
37 121 16285 16288
37 122 16292 16295
37 123 16299 16302
37 124 16306 16309
37 125 16313 16316
37 126 16320 16323
38 64 16327 16330
38 65 16334 16337
38 66 16341 16344
38 67 16348 16351
38 68 16355 16358
38 69 16362 16365
38 70 16369 16372
38 71 16376 16379
38 72 16383 16386
38 73 16390 16393
38 74 16397 16400
38 75 16404 16407
38 76 16411 16414
38 77 16418 16421
38 78 16425 16428
38 79 16432 16435
38 80 16439 16442
38 81 16446 16449
38 82 16453 16456
38 83 16460 16463
38 84 16467 16470
38 85 16474 16477
38 86 16481 16484
38 87 16488 16491
38 88 16495 16498
38 89 16502 16505
38 90 16509 16512
38 91 16516 16519
38 92 16523 16526
38 93 16530 16533
38 94 16537 16540
38 95 16544 16547
38 96 16551 16554
38 97 16558 16561
38 98 16565 16568
38 99 16572 16575
38 100 16579 16582
38 101 16586 16589
38 102 16593 16596
38 103 16600 16603
38 104 16607 16610
38 105 16614 16617
38 106 16621 16624
38 107 16628 16631
38 108 16635 16638
38 109 16642 16645
38 110 16649 16652
38 111 16656 16659
38 112 16663 16666
38 113 16670 16673
38 114 16677 16680
38 115 16684 16687
38 116 16691 16694
38 117 16698 16701
38 118 16705 16708
38 119 16712 16715
38 120 16719 16722
38 121 16726 16729
38 122 16733 16736
38 123 16740 16743
38 124 16747 16750
38 125 16754 16757
38 126 16761 16764
39 64 16768 16771
39 65 16775 16778
39 66 16782 16785
39 67 16789 16792
39 68 16796 16799
39 69 16803 16806
39 70 16810 16813
39 71 16817 16820
39 72 16824 16827
39 73 16831 16834
39 74 16838 16841
39 75 16845 16848
39 76 16852 16855
39 77 16859 16862
39 78 16866 16869
39 79 16873 16876
39 80 16880 16883
39 81 16887 16890
39 82 16894 16897
39 83 16901 16904
39 84 16908 16911
39 85 16915 16918
39 86 16922 16925
39 87 16929 16932
39 88 16936 16939
39 89 16943 16946
39 90 16950 16953
39 91 16957 16960
39 92 16964 16967
39 93 16971 16974
39 94 16978 16981
39 95 16985 16988
39 96 16992 16995
39 97 16999 17002
39 98 17006 17009
39 99 17013 17016
39 100 17020 17023
39 101 17027 17030
39 102 17034 17037
39 103 17041 17044
39 104 17048 17051
39 105 17055 17058
39 106 17062 17065
39 107 17069 17072
39 108 17076 17079
39 109 17083 17086
39 110 17090 17093
39 111 17097 17100
39 112 17104 17107
39 113 17111 17114
39 114 17118 17121
39 115 17125 17128
39 116 17132 17135
39 117 17139 17142
39 118 17146 17149
39 119 17153 17156
39 120 17160 17163
39 121 17167 17170
39 122 17174 17177
39 123 17181 17184
39 124 17188 17191
39 125 17195 17198
39 126 17202 17205
40 64 17209 17212
40 65 17216 17219
40 66 17223 17226
40 67 17230 17233
40 68 17237 17240
40 69 17244 17247
40 70 17251 17254
40 71 17258 17261
40 72 17265 17268
40 73 17272 17275
40 74 17279 17282
40 75 17286 17289
40 76 17293 17296
40 77 17300 17303
40 78 17307 17310
40 79 17314 17317
40 80 17321 17324
40 81 17328 17331
40 82 17335 17338
40 83 17342 17345
40 84 17349 17352
40 85 17356 17359
40 86 17363 17366
40 87 17370 17373
40 88 17377 17380
40 89 17384 17387
40 90 17391 17394
40 91 17398 17401
40 92 17405 17408
40 93 17412 17415
40 94 17419 17422
40 95 17426 17429
40 96 17433 17436
40 97 17440 17443
40 98 17447 17450
40 99 17454 17457
40 100 17461 17464
40 101 17468 17471
40 102 17475 17478
40 103 17482 17485
40 104 17489 17492
40 105 17496 17499
40 106 17503 17506
40 107 17510 17513
40 108 17517 17520
40 109 17524 17527
40 110 17531 17534
40 111 17538 17541
40 112 17545 17548
40 113 17552 17555
40 114 17559 17562
40 115 17566 17569
40 116 17573 17576
40 117 17580 17583
40 118 17587 17590
40 119 17594 17597
40 120 17601 17604
40 121 17608 17611
40 122 17615 17618
40 123 17622 17625
40 124 17629 17632
40 125 17636 17639
40 126 17643 17646
41 64 17650 17653
41 65 17657 17660
41 66 17664 17667
41 67 17671 17674
41 68 17678 17681
41 69 17685 17688
41 70 17692 17695
41 71 17699 17702
41 72 17706 17709
41 73 17713 17716
41 74 17720 17723
41 75 17727 17730
41 76 17734 17737
41 77 17741 17744
41 78 17748 17751
41 79 17755 17758
41 80 17762 17765
41 81 17769 17772
41 82 17776 17779
41 83 17783 17786
41 84 17790 17793
41 85 17797 17800
41 86 17804 17807
41 87 17811 17814
41 88 17818 17821
41 89 17825 17828
41 90 17832 17835
41 91 17839 17842
41 92 17846 17849
41 93 17853 17856
41 94 17860 17863
41 95 17867 17870
41 96 17874 17877
41 97 17881 17884
41 98 17888 17891
41 99 17895 17898
41 100 17902 17905
41 101 17909 17912
41 102 17916 17919
41 103 17923 17926
41 104 17930 17933
41 105 17937 17940
41 106 17944 17947
41 107 17951 17954
41 108 17958 17961
41 109 17965 17968
41 110 17972 17975
41 111 17979 17982
41 112 17986 17989
41 113 17993 17996
41 114 18000 18003
41 115 18007 18010
41 116 18014 18017
41 117 18021 18024
41 118 18028 18031
41 119 18035 18038
41 120 18042 18045
41 121 18049 18052
41 122 18056 18059
41 123 18063 18066
41 124 18070 18073
41 125 18077 18080
41 126 18084 18087
42 64 18091 18094
42 65 18098 18101
42 66 18105 18108
42 67 18112 18115
42 68 18119 18122
42 69 18126 18129
42 70 18133 18136
42 71 18140 18143
42 72 18147 18150
42 73 18154 18157
42 74 18161 18164
42 75 18168 18171
42 76 18175 18178
42 77 18182 18185
42 78 18189 18192
42 79 18196 18199
42 80 18203 18206
42 81 18210 18213
42 82 18217 18220
42 83 18224 18227
42 84 18231 18234
42 85 18238 18241
42 86 18245 18248
42 87 18252 18255
42 88 18259 18262
42 89 18266 18269
42 90 18273 18276
42 91 18280 18283
42 92 18287 18290
42 93 18294 18297
42 94 18301 18304
42 95 18308 18311
42 96 18315 18318
42 97 18322 18325
42 98 18329 18332
42 99 18336 18339
42 100 18343 18346
42 101 18350 18353
42 102 18357 18360
42 103 18364 18367
42 104 18371 18374
42 105 18378 18381
42 106 18385 18388
42 107 18392 18395
42 108 18399 18402
42 109 18406 18409
42 110 18413 18416
42 111 18420 18423
42 112 18427 18430
42 113 18434 18437
42 114 18441 18444
42 115 18448 18451
42 116 18455 18458
42 117 18462 18465
42 118 18469 18472
42 119 18476 18479
42 120 18483 18486
42 121 18490 18493
42 122 18497 18500
42 123 18504 18507
42 124 18511 18514
42 125 18518 18521
42 126 18525 18528
43 64 18532 18535
43 65 18539 18542
43 66 18546 18549
43 67 18553 18556
43 68 18560 18563
43 69 18567 18570
43 70 18574 18577
43 71 18581 18584
43 72 18588 18591
43 73 18595 18598
43 74 18602 18605
43 75 18609 18612
43 76 18616 18619
43 77 18623 18626
43 78 18630 18633
43 79 18637 18640
43 80 18644 18647
43 81 18651 18654
43 82 18658 18661
43 83 18665 18668
43 84 18672 18675
43 85 18679 18682
43 86 18686 18689
43 87 18693 18696
43 88 18700 18703
43 89 18707 18710
43 90 18714 18717
43 91 18721 18724
43 92 18728 18731
43 93 18735 18738
43 94 18742 18745
43 95 18749 18752
43 96 18756 18759
43 97 18763 18766
43 98 18770 18773
43 99 18777 18780
43 100 18784 18787
43 101 18791 18794
43 102 18798 18801
43 103 18805 18808
43 104 18812 18815
43 105 18819 18822
43 106 18826 18829
43 107 18833 18836
43 108 18840 18843
43 109 18847 18850
43 110 18854 18857
43 111 18861 18864
43 112 18868 18871
43 113 18875 18878
43 114 18882 18885
43 115 18889 18892
43 116 18896 18899
43 117 18903 18906
43 118 18910 18913
43 119 18917 18920
43 120 18924 18927
43 121 18931 18934
43 122 18938 18941
43 123 18945 18948
43 124 18952 18955
43 125 18959 18962
43 126 18966 18969
44 64 18973 18976
44 65 18980 18983
44 66 18987 18990
44 67 18994 18997
44 68 19001 19004
44 69 19008 19011
44 70 19015 19018
44 71 19022 19025
44 72 19029 19032
44 73 19036 19039
44 74 19043 19046
44 75 19050 19053
44 76 19057 19060
44 77 19064 19067
44 78 19071 19074
44 79 19078 19081
44 80 19085 19088
44 81 19092 19095
44 82 19099 19102
44 83 19106 19109
44 84 19113 19116
44 85 19120 19123
44 86 19127 19130
44 87 19134 19137
44 88 19141 19144
44 89 19148 19151
44 90 19155 19158
44 91 19162 19165
44 92 19169 19172
44 93 19176 19179
44 94 19183 19186
44 95 19190 19193
44 96 19197 19200
44 97 19204 19207
44 98 19211 19214
44 99 19218 19221
44 100 19225 19228
44 101 19232 19235
44 102 19239 19242
44 103 19246 19249
44 104 19253 19256
44 105 19260 19263
44 106 19267 19270
44 107 19274 19277
44 108 19281 19284
44 109 19288 19291
44 110 19295 19298
44 111 19302 19305
44 112 19309 19312
44 113 19316 19319
44 114 19323 19326
44 115 19330 19333
44 116 19337 19340
44 117 19344 19347
44 118 19351 19354
44 119 19358 19361
44 120 19365 19368
44 121 19372 19375
44 122 19379 19382
44 123 19386 19389
44 124 19393 19396
44 125 19400 19403
44 126 19407 19410
45 64 19414 19417
45 65 19421 19424
45 66 19428 19431
45 67 19435 19438
45 68 19442 19445
45 69 19449 19452
45 70 19456 19459
45 71 19463 19466
45 72 19470 19473
45 73 19477 19480
45 74 19484 19487
45 75 19491 19494
45 76 19498 19501
45 77 19505 19508
45 78 19512 19515
45 79 19519 19522
45 80 19526 19529
45 81 19533 19536
45 82 19540 19543
45 83 19547 19550
45 84 19554 19557
45 85 19561 19564
45 86 19568 19571
45 87 19575 19578
45 88 19582 19585
45 89 19589 19592
45 90 19596 19599
45 91 19603 19606
45 92 19610 19613
45 93 19617 19620
45 94 19624 19627
45 95 19631 19634
45 96 19638 19641
45 97 19645 19648
45 98 19652 19655
45 99 19659 19662
45 100 19666 19669
45 101 19673 19676
45 102 19680 19683
45 103 19687 19690
45 104 19694 19697
45 105 19701 19704
45 106 19708 19711
45 107 19715 19718
45 108 19722 19725
45 109 19729 19732
45 110 19736 19739
45 111 19743 19746
45 112 19750 19753
45 113 19757 19760
45 114 19764 19767
45 115 19771 19774
45 116 19778 19781
45 117 19785 19788
45 118 19792 19795
45 119 19799 19802
45 120 19806 19809
45 121 19813 19816
45 122 19820 19823
45 123 19827 19830
45 124 19834 19837
45 125 19841 19844
45 126 19848 19851
46 64 19855 19858
46 65 19862 19865
46 66 19869 19872
46 67 19876 19879
46 68 19883 19886
46 69 19890 19893
46 70 19897 19900
46 71 19904 19907
46 72 19911 19914
46 73 19918 19921
46 74 19925 19928
46 75 19932 19935
46 76 19939 19942
46 77 19946 19949
46 78 19953 19956
46 79 19960 19963
46 80 19967 19970
46 81 19974 19977
46 82 19981 19984
46 83 19988 19991
46 84 19995 19998
46 85 20002 20005
46 86 20009 20012
46 87 20016 20019
46 88 20023 20026
46 89 20030 20033
46 90 20037 20040
46 91 20044 20047
46 92 20051 20054
46 93 20058 20061
46 94 20065 20068
46 95 20072 20075
46 96 20079 20082
46 97 20086 20089
46 98 20093 20096
46 99 20100 20103
46 100 20107 20110
46 101 20114 20117
46 102 20121 20124
46 103 20128 20131
46 104 20135 20138
46 105 20142 20145
46 106 20149 20152
46 107 20156 20159
46 108 20163 20166
46 109 20170 20173
46 110 20177 20180
46 111 20184 20187
46 112 20191 20194
46 113 20198 20201
46 114 20205 20208
46 115 20212 20215
46 116 20219 20222
46 117 20226 20229
46 118 20233 20236
46 119 20240 20243
46 120 20247 20250
46 121 20254 20257
46 122 20261 20264
46 123 20268 20271
46 124 20275 20278
46 125 20282 20285
46 126 20289 20292
47 64 20296 20299
47 65 20303 20306
47 66 20310 20313
47 67 20317 20320
47 68 20324 20327
47 69 20331 20334
47 70 20338 20341
47 71 20345 20348
47 72 20352 20355
47 73 20359 20362
47 74 20366 20369
47 75 20373 20376
47 76 20380 20383
47 77 20387 20390
47 78 20394 20397
47 79 20401 20404
47 80 20408 20411
47 81 20415 20418
47 82 20422 20425
47 83 20429 20432
47 84 20436 20439
47 85 20443 20446
47 86 20450 20453
47 87 20457 20460
47 88 20464 20467
47 89 20471 20474
47 90 20478 20481
47 91 20485 20488
47 92 20492 20495
47 93 20499 20502
47 94 20506 20509
47 95 20513 20516
47 96 20520 20523
47 97 20527 20530
47 98 20534 20537
47 99 20541 20544
47 100 20548 20551
47 101 20555 20558
47 102 20562 20565
47 103 20569 20572
47 104 20576 20579
47 105 20583 20586
47 106 20590 20593
47 107 20597 20600
47 108 20604 20607
47 109 20611 20614
47 110 20618 20621
47 111 20625 20628
47 112 20632 20635
47 113 20639 20642
47 114 20646 20649
47 115 20653 20656
47 116 20660 20663
47 117 20667 20670
47 118 20674 20677
47 119 20681 20684
47 120 20688 20691
47 121 20695 20698
47 122 20702 20705
47 123 20709 20712
47 124 20716 20719
47 125 20723 20726
47 126 20730 20733
48 64 20737 20740
48 65 20744 20747
48 66 20751 20754
48 67 20758 20761
48 68 20765 20768
48 69 20772 20775
48 70 20779 20782
48 71 20786 20789
48 72 20793 20796
48 73 20800 20803
48 74 20807 20810
48 75 20814 20817
48 76 20821 20824
48 77 20828 20831
48 78 20835 20838
48 79 20842 20845
48 80 20849 20852
48 81 20856 20859
48 82 20863 20866
48 83 20870 20873
48 84 20877 20880
48 85 20884 20887
48 86 20891 20894
48 87 20898 20901
48 88 20905 20908
48 89 20912 20915
48 90 20919 20922
48 91 20926 20929
48 92 20933 20936
48 93 20940 20943
48 94 20947 20950
48 95 20954 20957
48 96 20961 20964
48 97 20968 20971
48 98 20975 20978
48 99 20982 20985
48 100 20989 20992
48 101 20996 20999
48 102 21003 21006
48 103 21010 21013
48 104 21017 21020
48 105 21024 21027
48 106 21031 21034
48 107 21038 21041
48 108 21045 21048
48 109 21052 21055
48 110 21059 21062
48 111 21066 21069
48 112 21073 21076
48 113 21080 21083
48 114 21087 21090
48 115 21094 21097
48 116 21101 21104
48 117 21108 21111
48 118 21115 21118
48 119 21122 21125
48 120 21129 21132
48 121 21136 21139
48 122 21143 21146
48 123 21150 21153
48 124 21157 21160
48 125 21164 21167
48 126 21171 21174
49 64 21178 21181
49 65 21185 21188
49 66 21192 21195
49 67 21199 21202
49 68 21206 21209
49 69 21213 21216
49 70 21220 21223
49 71 21227 21230
49 72 21234 21237
49 73 21241 21244
49 74 21248 21251
49 75 21255 21258
49 76 21262 21265
49 77 21269 21272
49 78 21276 21279
49 79 21283 21286
49 80 21290 21293
49 81 21297 21300
49 82 21304 21307
49 83 21311 21314
49 84 21318 21321
49 85 21325 21328
49 86 21332 21335
49 87 21339 21342
49 88 21346 21349
49 89 21353 21356
49 90 21360 21363
49 91 21367 21370
49 92 21374 21377
49 93 21381 21384
49 94 21388 21391
49 95 21395 21398
49 96 21402 21405
49 97 21409 21412
49 98 21416 21419
49 99 21423 21426
49 100 21430 21433
49 101 21437 21440
49 102 21444 21447
49 103 21451 21454
49 104 21458 21461
49 105 21465 21468
49 106 21472 21475
49 107 21479 21482
49 108 21486 21489
49 109 21493 21496
49 110 21500 21503
49 111 21507 21510
49 112 21514 21517
49 113 21521 21524
49 114 21528 21531
49 115 21535 21538
49 116 21542 21545
49 117 21549 21552
49 118 21556 21559
49 119 21563 21566
49 120 21570 21573
49 121 21577 21580
49 122 21584 21587
49 123 21591 21594
49 124 21598 21601
49 125 21605 21608
49 126 21612 21615
50 64 21619 21622
50 65 21626 21629
50 66 21633 21636
50 67 21640 21643
50 68 21647 21650
50 69 21654 21657
50 70 21661 21664
50 71 21668 21671
50 72 21675 21678
50 73 21682 21685
50 74 21689 21692
50 75 21696 21699
50 76 21703 21706
50 77 21710 21713
50 78 21717 21720
50 79 21724 21727
50 80 21731 21734
50 81 21738 21741
50 82 21745 21748
50 83 21752 21755
50 84 21759 21762
50 85 21766 21769
50 86 21773 21776
50 87 21780 21783
50 88 21787 21790
50 89 21794 21797
50 90 21801 21804
50 91 21808 21811
50 92 21815 21818
50 93 21822 21825
50 94 21829 21832
50 95 21836 21839
50 96 21843 21846
50 97 21850 21853
50 98 21857 21860
50 99 21864 21867
50 100 21871 21874
50 101 21878 21881
50 102 21885 21888
50 103 21892 21895
50 104 21899 21902
50 105 21906 21909
50 106 21913 21916
50 107 21920 21923
50 108 21927 21930
50 109 21934 21937
50 110 21941 21944
50 111 21948 21951
50 112 21955 21958
50 113 21962 21965
50 114 21969 21972
50 115 21976 21979
50 116 21983 21986
50 117 21990 21993
50 118 21997 22000
50 119 22004 22007
50 120 22011 22014
50 121 22018 22021
50 122 22025 22028
50 123 22032 22035
50 124 22039 22042
50 125 22046 22049
50 126 22053 22056
51 64 22060 22063
51 65 22067 22070
51 66 22074 22077
51 67 22081 22084
51 68 22088 22091
51 69 22095 22098
51 70 22102 22105
51 71 22109 22112
51 72 22116 22119
51 73 22123 22126
51 74 22130 22133
51 75 22137 22140
51 76 22144 22147
51 77 22151 22154
51 78 22158 22161
51 79 22165 22168
51 80 22172 22175
51 81 22179 22182
51 82 22186 22189
51 83 22193 22196
51 84 22200 22203
51 85 22207 22210
51 86 22214 22217
51 87 22221 22224
51 88 22228 22231
51 89 22235 22238
51 90 22242 22245
51 91 22249 22252
51 92 22256 22259
51 93 22263 22266
51 94 22270 22273
51 95 22277 22280
51 96 22284 22287
51 97 22291 22294
51 98 22298 22301
51 99 22305 22308
51 100 22312 22315
51 101 22319 22322
51 102 22326 22329
51 103 22333 22336
51 104 22340 22343
51 105 22347 22350
51 106 22354 22357
51 107 22361 22364
51 108 22368 22371
51 109 22375 22378
51 110 22382 22385
51 111 22389 22392
51 112 22396 22399
51 113 22403 22406
51 114 22410 22413
51 115 22417 22420
51 116 22424 22427
51 117 22431 22434
51 118 22438 22441
51 119 22445 22448
51 120 22452 22455
51 121 22459 22462
51 122 22466 22469
51 123 22473 22476
51 124 22480 22483
51 125 22487 22490
51 126 22494 22497
52 64 22501 22504
52 65 22508 22511
52 66 22515 22518
52 67 22522 22525
52 68 22529 22532
52 69 22536 22539
52 70 22543 22546
52 71 22550 22553
52 72 22557 22560
52 73 22564 22567
52 74 22571 22574
52 75 22578 22581
52 76 22585 22588
52 77 22592 22595
52 78 22599 22602
52 79 22606 22609
52 80 22613 22616
52 81 22620 22623
52 82 22627 22630
52 83 22634 22637
52 84 22641 22644
52 85 22648 22651
52 86 22655 22658
52 87 22662 22665
52 88 22669 22672
52 89 22676 22679
52 90 22683 22686
52 91 22690 22693
52 92 22697 22700
52 93 22704 22707
52 94 22711 22714
52 95 22718 22721
52 96 22725 22728
52 97 22732 22735
52 98 22739 22742
52 99 22746 22749
52 100 22753 22756
52 101 22760 22763
52 102 22767 22770
52 103 22774 22777
52 104 22781 22784
52 105 22788 22791
52 106 22795 22798
52 107 22802 22805
52 108 22809 22812
52 109 22816 22819
52 110 22823 22826
52 111 22830 22833
52 112 22837 22840
52 113 22844 22847
52 114 22851 22854
52 115 22858 22861
52 116 22865 22868
52 117 22872 22875
52 118 22879 22882
52 119 22886 22889
52 120 22893 22896
52 121 22900 22903
52 122 22907 22910
52 123 22914 22917
52 124 22921 22924
52 125 22928 22931
52 126 22935 22938
53 64 22942 22945
53 65 22949 22952
53 66 22956 22959
53 67 22963 22966
53 68 22970 22973
53 69 22977 22980
53 70 22984 22987
53 71 22991 22994
53 72 22998 23001
53 73 23005 23008
53 74 23012 23015
53 75 23019 23022
53 76 23026 23029
53 77 23033 23036
53 78 23040 23043
53 79 23047 23050
53 80 23054 23057
53 81 23061 23064
53 82 23068 23071
53 83 23075 23078
53 84 23082 23085
53 85 23089 23092
53 86 23096 23099
53 87 23103 23106
53 88 23110 23113
53 89 23117 23120
53 90 23124 23127
53 91 23131 23134
53 92 23138 23141
53 93 23145 23148
53 94 23152 23155
53 95 23159 23162
53 96 23166 23169
53 97 23173 23176
53 98 23180 23183
53 99 23187 23190
53 100 23194 23197
53 101 23201 23204
53 102 23208 23211
53 103 23215 23218
53 104 23222 23225
53 105 23229 23232
53 106 23236 23239
53 107 23243 23246
53 108 23250 23253
53 109 23257 23260
53 110 23264 23267
53 111 23271 23274
53 112 23278 23281
53 113 23285 23288
53 114 23292 23295
53 115 23299 23302
53 116 23306 23309
53 117 23313 23316
53 118 23320 23323
53 119 23327 23330
53 120 23334 23337
53 121 23341 23344
53 122 23348 23351
53 123 23355 23358
53 124 23362 23365
53 125 23369 23372
53 126 23376 23379
54 64 23383 23386
54 65 23390 23393
54 66 23397 23400
54 67 23404 23407
54 68 23411 23414
54 69 23418 23421
54 70 23425 23428
54 71 23432 23435
54 72 23439 23442
54 73 23446 23449
54 74 23453 23456
54 75 23460 23463
54 76 23467 23470
54 77 23474 23477
54 78 23481 23484
54 79 23488 23491
54 80 23495 23498
54 81 23502 23505
54 82 23509 23512
54 83 23516 23519
54 84 23523 23526
54 85 23530 23533
54 86 23537 23540
54 87 23544 23547
54 88 23551 23554
54 89 23558 23561
54 90 23565 23568
54 91 23572 23575
54 92 23579 23582
54 93 23586 23589
54 94 23593 23596
54 95 23600 23603
54 96 23607 23610
54 97 23614 23617
54 98 23621 23624
54 99 23628 23631
54 100 23635 23638
54 101 23642 23645
54 102 23649 23652
54 103 23656 23659
54 104 23663 23666
54 105 23670 23673
54 106 23677 23680
54 107 23684 23687
54 108 23691 23694
54 109 23698 23701
54 110 23705 23708
54 111 23712 23715
54 112 23719 23722
54 113 23726 23729
54 114 23733 23736
54 115 23740 23743
54 116 23747 23750
54 117 23754 23757
54 118 23761 23764
54 119 23768 23771
54 120 23775 23778
54 121 23782 23785
54 122 23789 23792
54 123 23796 23799
54 124 23803 23806
54 125 23810 23813
54 126 23817 23820
55 64 23824 23827
55 65 23831 23834
55 66 23838 23841
55 67 23845 23848
55 68 23852 23855
55 69 23859 23862
55 70 23866 23869
55 71 23873 23876
55 72 23880 23883
55 73 23887 23890
55 74 23894 23897
55 75 23901 23904
55 76 23908 23911
55 77 23915 23918
55 78 23922 23925
55 79 23929 23932
55 80 23936 23939
55 81 23943 23946
55 82 23950 23953
55 83 23957 23960
55 84 23964 23967
55 85 23971 23974
55 86 23978 23981
55 87 23985 23988
55 88 23992 23995
55 89 23999 24002
55 90 24006 24009
55 91 24013 24016
55 92 24020 24023
55 93 24027 24030
55 94 24034 24037
55 95 24041 24044
55 96 24048 24051
55 97 24055 24058
55 98 24062 24065
55 99 24069 24072
55 100 24076 24079
55 101 24083 24086
55 102 24090 24093
55 103 24097 24100
55 104 24104 24107
55 105 24111 24114
55 106 24118 24121
55 107 24125 24128
55 108 24132 24135
55 109 24139 24142
55 110 24146 24149
55 111 24153 24156
55 112 24160 24163
55 113 24167 24170
55 114 24174 24177
55 115 24181 24184
55 116 24188 24191
55 117 24195 24198
55 118 24202 24205
55 119 24209 24212
55 120 24216 24219
55 121 24223 24226
55 122 24230 24233
55 123 24237 24240
55 124 24244 24247
55 125 24251 24254
55 126 24258 24261
56 64 24265 24268
56 65 24272 24275
56 66 24279 24282
56 67 24286 24289
56 68 24293 24296
56 69 24300 24303
56 70 24307 24310
56 71 24314 24317
56 72 24321 24324
56 73 24328 24331
56 74 24335 24338
56 75 24342 24345
56 76 24349 24352
56 77 24356 24359
56 78 24363 24366
56 79 24370 24373
56 80 24377 24380
56 81 24384 24387
56 82 24391 24394
56 83 24398 24401
56 84 24405 24408
56 85 24412 24415
56 86 24419 24422
56 87 24426 24429
56 88 24433 24436
56 89 24440 24443
56 90 24447 24450
56 91 24454 24457
56 92 24461 24464
56 93 24468 24471
56 94 24475 24478
56 95 24482 24485
56 96 24489 24492
56 97 24496 24499
56 98 24503 24506
56 99 24510 24513
56 100 24517 24520
56 101 24524 24527
56 102 24531 24534
56 103 24538 24541
56 104 24545 24548
56 105 24552 24555
56 106 24559 24562
56 107 24566 24569
56 108 24573 24576
56 109 24580 24583
56 110 24587 24590
56 111 24594 24597
56 112 24601 24604
56 113 24608 24611
56 114 24615 24618
56 115 24622 24625
56 116 24629 24632
56 117 24636 24639
56 118 24643 24646
56 119 24650 24653
56 120 24657 24660
56 121 24664 24667
56 122 24671 24674
56 123 24678 24681
56 124 24685 24688
56 125 24692 24695
56 126 24699 24702
57 64 24706 24709
57 65 24713 24716
57 66 24720 24723
57 67 24727 24730
57 68 24734 24737
57 69 24741 24744
57 70 24748 24751
57 71 24755 24758
57 72 24762 24765
57 73 24769 24772
57 74 24776 24779
57 75 24783 24786
57 76 24790 24793
57 77 24797 24800
57 78 24804 24807
57 79 24811 24814
57 80 24818 24821
57 81 24825 24828
57 82 24832 24835
57 83 24839 24842
57 84 24846 24849
57 85 24853 24856
57 86 24860 24863
57 87 24867 24870
57 88 24874 24877
57 89 24881 24884
57 90 24888 24891
57 91 24895 24898
57 92 24902 24905
57 93 24909 24912
57 94 24916 24919
57 95 24923 24926
57 96 24930 24933
57 97 24937 24940
57 98 24944 24947
57 99 24951 24954
57 100 24958 24961
57 101 24965 24968
57 102 24972 24975
57 103 24979 24982
57 104 24986 24989
57 105 24993 24996
57 106 25000 25003
57 107 25007 25010
57 108 25014 25017
57 109 25021 25024
57 110 25028 25031
57 111 25035 25038
57 112 25042 25045
57 113 25049 25052
57 114 25056 25059
57 115 25063 25066
57 116 25070 25073
57 117 25077 25080
57 118 25084 25087
57 119 25091 25094
57 120 25098 25101
57 121 25105 25108
57 122 25112 25115
57 123 25119 25122
57 124 25126 25129
57 125 25133 25136
57 126 25140 25143
58 64 25147 25150
58 65 25154 25157
58 66 25161 25164
58 67 25168 25171
58 68 25175 25178
58 69 25182 25185
58 70 25189 25192
58 71 25196 25199
58 72 25203 25206
58 73 25210 25213
58 74 25217 25220
58 75 25224 25227
58 76 25231 25234
58 77 25238 25241
58 78 25245 25248
58 79 25252 25255
58 80 25259 25262
58 81 25266 25269
58 82 25273 25276
58 83 25280 25283
58 84 25287 25290
58 85 25294 25297
58 86 25301 25304
58 87 25308 25311
58 88 25315 25318
58 89 25322 25325
58 90 25329 25332
58 91 25336 25339
58 92 25343 25346
58 93 25350 25353
58 94 25357 25360
58 95 25364 25367
58 96 25371 25374
58 97 25378 25381
58 98 25385 25388
58 99 25392 25395
58 100 25399 25402
58 101 25406 25409
58 102 25413 25416
58 103 25420 25423
58 104 25427 25430
58 105 25434 25437
58 106 25441 25444
58 107 25448 25451
58 108 25455 25458
58 109 25462 25465
58 110 25469 25472
58 111 25476 25479
58 112 25483 25486
58 113 25490 25493
58 114 25497 25500
58 115 25504 25507
58 116 25511 25514
58 117 25518 25521
58 118 25525 25528
58 119 25532 25535
58 120 25539 25542
58 121 25546 25549
58 122 25553 25556
58 123 25560 25563
58 124 25567 25570
58 125 25574 25577
58 126 25581 25584
59 64 25588 25591
59 65 25595 25598
59 66 25602 25605
59 67 25609 25612
59 68 25616 25619
59 69 25623 25626
59 70 25630 25633
59 71 25637 25640
59 72 25644 25647
59 73 25651 25654
59 74 25658 25661
59 75 25665 25668
59 76 25672 25675
59 77 25679 25682
59 78 25686 25689
59 79 25693 25696
59 80 25700 25703
59 81 25707 25710
59 82 25714 25717
59 83 25721 25724
59 84 25728 25731
59 85 25735 25738
59 86 25742 25745
59 87 25749 25752
59 88 25756 25759
59 89 25763 25766
59 90 25770 25773
59 91 25777 25780
59 92 25784 25787
59 93 25791 25794
59 94 25798 25801
59 95 25805 25808
59 96 25812 25815
59 97 25819 25822
59 98 25826 25829
59 99 25833 25836
59 100 25840 25843
59 101 25847 25850
59 102 25854 25857
59 103 25861 25864
59 104 25868 25871
59 105 25875 25878
59 106 25882 25885
59 107 25889 25892
59 108 25896 25899
59 109 25903 25906
59 110 25910 25913
59 111 25917 25920
59 112 25924 25927
59 113 25931 25934
59 114 25938 25941
59 115 25945 25948
59 116 25952 25955
59 117 25959 25962
59 118 25966 25969
59 119 25973 25976
59 120 25980 25983
59 121 25987 25990
59 122 25994 25997
59 123 26001 26004
59 124 26008 26011
59 125 26015 26018
59 126 26022 26025
60 64 26029 26032
60 65 26036 26039
60 66 26043 26046
60 67 26050 26053
60 68 26057 26060
60 69 26064 26067
60 70 26071 26074
60 71 26078 26081
60 72 26085 26088
60 73 26092 26095
60 74 26099 26102
60 75 26106 26109
60 76 26113 26116
60 77 26120 26123
60 78 26127 26130
60 79 26134 26137
60 80 26141 26144
60 81 26148 26151
60 82 26155 26158
60 83 26162 26165
60 84 26169 26172
60 85 26176 26179
60 86 26183 26186
60 87 26190 26193
60 88 26197 26200
60 89 26204 26207
60 90 26211 26214
60 91 26218 26221
60 92 26225 26228
60 93 26232 26235
60 94 26239 26242
60 95 26246 26249
60 96 26253 26256
60 97 26260 26263
60 98 26267 26270
60 99 26274 26277
60 100 26281 26284
60 101 26288 26291
60 102 26295 26298
60 103 26302 26305
60 104 26309 26312
60 105 26316 26319
60 106 26323 26326
60 107 26330 26333
60 108 26337 26340
60 109 26344 26347
60 110 26351 26354
60 111 26358 26361
60 112 26365 26368
60 113 26372 26375
60 114 26379 26382
60 115 26386 26389
60 116 26393 26396
60 117 26400 26403
60 118 26407 26410
60 119 26414 26417
60 120 26421 26424
60 121 26428 26431
60 122 26435 26438
60 123 26442 26445
60 124 26449 26452
60 125 26456 26459
60 126 26463 26466
61 64 26470 26473
61 65 26477 26480
61 66 26484 26487
61 67 26491 26494
61 68 26498 26501
61 69 26505 26508
61 70 26512 26515
61 71 26519 26522
61 72 26526 26529
61 73 26533 26536
61 74 26540 26543
61 75 26547 26550
61 76 26554 26557
61 77 26561 26564
61 78 26568 26571
61 79 26575 26578
61 80 26582 26585
61 81 26589 26592
61 82 26596 26599
61 83 26603 26606
61 84 26610 26613
61 85 26617 26620
61 86 26624 26627
61 87 26631 26634
61 88 26638 26641
61 89 26645 26648
61 90 26652 26655
61 91 26659 26662
61 92 26666 26669
61 93 26673 26676
61 94 26680 26683
61 95 26687 26690
61 96 26694 26697
61 97 26701 26704
61 98 26708 26711
61 99 26715 26718
61 100 26722 26725
61 101 26729 26732
61 102 26736 26739
61 103 26743 26746
61 104 26750 26753
61 105 26757 26760
61 106 26764 26767
61 107 26771 26774
61 108 26778 26781
61 109 26785 26788
61 110 26792 26795
61 111 26799 26802
61 112 26806 26809
61 113 26813 26816
61 114 26820 26823
61 115 26827 26830
61 116 26834 26837
61 117 26841 26844
61 118 26848 26851
61 119 26855 26858
61 120 26862 26865
61 121 26869 26872
61 122 26876 26879
61 123 26883 26886
61 124 26890 26893
61 125 26897 26900
61 126 26904 26907
62 64 26911 26914
62 65 26918 26921
62 66 26925 26928
62 67 26932 26935
62 68 26939 26942
62 69 26946 26949
62 70 26953 26956
62 71 26960 26963
62 72 26967 26970
62 73 26974 26977
62 74 26981 26984
62 75 26988 26991
62 76 26995 26998
62 77 27002 27005
62 78 27009 27012
62 79 27016 27019
62 80 27023 27026
62 81 27030 27033
62 82 27037 27040
62 83 27044 27047
62 84 27051 27054
62 85 27058 27061
62 86 27065 27068
62 87 27072 27075
62 88 27079 27082
62 89 27086 27089
62 90 27093 27096
62 91 27100 27103
62 92 27107 27110
62 93 27114 27117
62 94 27121 27124
62 95 27128 27131
62 96 27135 27138
62 97 27142 27145
62 98 27149 27152
62 99 27156 27159
62 100 27163 27166
62 101 27170 27173
62 102 27177 27180
62 103 27184 27187
62 104 27191 27194
62 105 27198 27201
62 106 27205 27208
62 107 27212 27215
62 108 27219 27222
62 109 27226 27229
62 110 27233 27236
62 111 27240 27243
62 112 27247 27250
62 113 27254 27257
62 114 27261 27264
62 115 27268 27271
62 116 27275 27278
62 117 27282 27285
62 118 27289 27292
62 119 27296 27299
62 120 27303 27306
62 121 27310 27313
62 122 27317 27320
62 123 27324 27327
62 124 27331 27334
62 125 27338 27341
62 126 27345 27348
63 64 27352 27355
63 65 27359 27362
63 66 27366 27369
63 67 27373 27376
63 68 27380 27383
63 69 27387 27390
63 70 27394 27397
63 71 27401 27404
63 72 27408 27411
63 73 27415 27418
63 74 27422 27425
63 75 27429 27432
63 76 27436 27439
63 77 27443 27446
63 78 27450 27453
63 79 27457 27460
63 80 27464 27467
63 81 27471 27474
63 82 27478 27481
63 83 27485 27488
63 84 27492 27495
63 85 27499 27502
63 86 27506 27509
63 87 27513 27516
63 88 27520 27523
63 89 27527 27530
63 90 27534 27537
63 91 27541 27544
63 92 27548 27551
63 93 27555 27558
63 94 27562 27565
63 95 27569 27572
63 96 27576 27579
63 97 27583 27586
63 98 27590 27593
63 99 27597 27600
63 100 27604 27607
63 101 27611 27614
63 102 27618 27621
63 103 27625 27628
63 104 27632 27635
63 105 27639 27642
63 106 27646 27649
63 107 27653 27656
63 108 27660 27663
63 109 27667 27670
63 110 27674 27677
63 111 27681 27684
63 112 27688 27691
63 113 27695 27698
63 114 27702 27705
63 115 27709 27712
63 116 27716 27719
63 117 27723 27726
63 118 27730 27733
63 119 27737 27740
63 120 27744 27747
63 121 27751 27754
63 122 27758 27761
63 123 27765 27768
63 124 27772 27775
63 125 27779 27782
63 126 27786 27789
