1000
10 11 4
9 10 3
13 14 4
12 13 3
15 16 2
12 15 5
12 17 1
9 12 4
9 18 5
9 19 1
8 9 2
20 21 5
20 22 1
20 23 2
20 24 3
8 20 4
7 8 3
6 7 4
25 26 1
6 25 5
6 27 1
6 28 2
5 6 3
40 41 2
39 40 4
38 39 5
37 38 2
42 43 1
37 42 3
37 44 5
36 37 4
36 45 5
36 46 1
36 47 2
35 36 3
34 35 2
51 52 2
50 51 4
53 54 3
53 55 4
50 53 1
50 56 2
49 50 5
48 49 4
34 48 3
60 61 2
60 62 3
59 60 4
63 64 1
59 63 5
59 65 1
58 59 3
57 58 2
57 66 3
34 57 4
33 34 5
32 33 4
67 68 3
67 69 4
32 67 5
70 71 3
32 70 1
32 72 3
31 32 2
74 75 5
74 76 1
74 77 2
73 74 4
80 81 5
79 80 4
78 79 1
82 83 5
78 82 2
78 84 3
73 78 5
31 73 3
89 90 2
88 89 1
87 88 5
87 91 2
87 92 3
86 87 1
94 95 5
93 94 3
93 96 4
86 93 2
102 103 5
101 102 3
101 104 4
100 101 5
105 106 4
105 107 5
100 105 1
108 109 3
100 108 2
110 111 2
110 112 4
110 113 5
100 110 3
99 100 4
98 99 3
97 98 1
114 115 1
97 114 2
86 97 3
85 86 4
31 85 5
30 31 4
29 30 2
5 29 5
121 122 5
120 121 4
119 120 5
124 125 4
123 124 3
123 126 4
123 127 5
119 123 1
118 119 2
117 118 1
130 131 3
129 130 2
129 132 3
129 133 5
128 129 4
134 135 2
134 136 3
128 134 5
117 128 2
143 144 3
143 145 4
142 143 2
146 147 4
142 146 3
142 148 4
142 149 5
141 142 1
152 153 2
151 152 1
150 151 4
154 155 1
154 156 2
150 154 5
157 158 5
150 157 1
159 160 5
150 159 2
141 150 3
140 141 2
139 140 5
163 164 4
163 165 5
163 166 1
162 163 3
162 167 4
162 168 5
162 169 1
161 162 2
139 161 1
138 139 4
137 138 1
178 179 2
177 178 1
176 177 2
175 176 5
174 175 3
181 182 3
180 181 2
180 183 3
180 184 4
180 185 1
174 180 5
174 186 1
173 174 4
172 173 3
189 190 5
188 189 3
187 188 1
172 187 5
172 191 1
171 172 4
170 171 3
137 170 2
192 193 2
137 192 4
117 137 3
194 195 1
194 196 2
194 197 3
194 198 5
117 194 4
116 117 5
5 116 1
4 5 4
203 204 5
202 203 1
202 205 2
202 206 3
201 202 5
210 211 1
209 210 3
208 209 2
214 215 4
213 214 3
216 217 5
216 218 1
213 216 4
213 219 5
212 213 2
208 212 4
207 208 3
220 221 2
220 222 3
207 220 4
223 224 1
207 223 5
201 207 1
226 227 3
225 226 4
201 225 2
228 229 4
228 230 5
201 228 3
200 201 4
199 200 3
238 239 3
237 238 2
237 240 4
236 237 3
241 242 3
236 241 4
235 236 1
245 246 4
244 245 3
244 247 4
244 248 1
244 249 2
243 244 5
235 243 3
234 235 1
251 252 3
250 251 1
256 257 4
256 258 5
256 259 1
256 260 2
255 256 3
263 264 5
262 263 3
261 262 5
261 265 1
261 266 2
261 267 3
255 261 4
254 255 1
270 271 3
269 270 4
272 273 3
272 274 4
269 272 5
268 269 3
276 277 2
275 276 1
268 275 4
279 280 3
278 279 2
268 278 5
284 285 1
283 284 3
282 283 5
281 282 4
281 286 5
281 287 2
268 281 1
254 268 2
289 290 1
289 291 3
288 289 2
254 288 3
253 254 5
253 292 1
253 293 3
250 253 2
234 250 3
296 297 4
295 296 5
298 299 4
295 298 2
300 301 4
295 300 3
295 302 4
294 295 1
294 303 2
294 304 3
234 294 4
233 234 2
232 233 4
231 232 3
199 231 4
4 199 5
308 309 4
308 310 5
308 311 2
307 308 1
316 317 1
315 316 3
314 315 2
314 318 3
314 319 4
313 314 1
312 313 5
320 321 2
312 320 1
323 324 1
322 323 2
322 325 4
312 322 3
307 312 2
327 328 1
326 327 5
307 326 3
329 330 2
307 329 4
306 307 5
334 335 5
333 334 2
333 336 3
333 337 4
333 338 5
332 333 1
339 340 5
339 341 1
332 339 2
343 344 2
342 343 1
332 342 3
345 346 3
332 345 4
331 332 5
352 353 5
351 352 4
350 351 5
355 356 2
355 357 3
355 358 4
355 359 5
354 355 1
350 354 2
349 350 1
360 361 1
360 362 2
349 360 3
363 364 1
349 363 4
349 365 5
348 349 2
348 366 3
348 367 5
348 368 1
347 348 4
331 347 2
306 331 1
369 370 5
306 369 2
305 306 3
375 376 5
374 375 4
374 377 5
374 378 1
373 374 3
383 384 2
382 383 5
381 382 1
385 386 3
381 385 2
380 381 4
379 380 5
387 388 3
387 389 4
379 387 1
390 391 3
390 392 4
379 390 2
373 379 4
394 395 1
393 394 2
397 398 3
396 397 2
393 396 3
400 401 2
399 400 1
393 399 4
393 402 5
373 393 1
372 373 5
371 372 2
405 406 2
404 405 3
403 404 1
408 409 5
407 408 4
403 407 2
403 410 4
371 403 3
411 412 3
411 413 4
371 411 5
414 415 5
371 414 1
305 371 4
426 427 4
425 426 2
428 429 4
428 430 5
428 431 1
425 428 3
425 432 5
424 425 4
434 435 3
433 434 1
437 438 1
437 439 2
437 440 4
436 437 3
433 436 2
443 444 4
442 443 5
441 442 4
433 441 3
424 433 5
446 447 4
446 448 5
445 446 2
424 445 1
423 424 2
451 452 1
451 453 2
450 451 4
455 456 5
455 457 1
454 455 4
458 459 3
454 458 5
454 460 2
450 454 1
463 464 1
462 463 5
462 465 1
461 462 3
450 461 2
449 450 5
423 449 3
422 423 4
421 422 3
420 421 4
467 468 1
467 469 3
466 467 2
472 473 3
471 472 2
470 471 4
474 475 1
470 474 5
466 470 3
477 478 5
476 477 3
466 476 4
420 466 5
483 484 1
482 483 2
482 485 3
482 486 4
481 482 5
481 487 1
480 481 4
491 492 1
491 493 2
490 491 4
489 490 2
488 489 1
480 488 5
497 498 3
497 499 4
496 497 5
496 500 1
495 496 3
494 495 2
501 502 4
494 501 3
480 494 1
479 480 2
420 479 1
507 508 4
506 507 3
506 509 5
505 506 4
510 511 4
505 510 5
512 513 2
512 514 3
512 515 4
505 512 1
504 505 3
516 517 3
516 518 4
504 516 5
503 504 4
420 503 3
419 420 2
523 524 1
522 523 5
525 526 2
522 525 1
521 522 4
527 528 2
521 527 5
529 530 2
529 531 3
521 529 1
521 532 3
520 521 2
534 535 4
534 536 1
533 534 5
533 537 1
520 533 3
538 539 1
520 538 4
520 540 1
519 520 5
419 519 3
419 541 4
419 542 5
418 419 1
417 418 4
548 549 2
548 550 3
547 548 5
546 547 2
554 555 5
554 556 1
554 557 3
553 554 2
559 560 1
559 561 2
559 562 3
558 559 4
553 558 3
564 565 4
563 564 1
563 566 2
553 563 4
553 567 5
552 553 1
568 569 5
552 568 3
570 571 3
552 570 4
573 574 2
572 573 4
572 575 1
572 576 2
552 572 5
551 552 2
546 551 3
546 577 4
545 546 5
579 580 5
579 581 1
579 582 2
578 579 4
545 578 1
584 585 1
583 584 3
545 583 2
544 545 4
543 544 3
589 590 5
588 589 3
588 591 4
588 592 5
587 588 1
586 587 2
593 594 1
593 595 2
586 593 3
597 598 4
596 597 1
586 596 5
543 586 4
612 613 3
611 612 1
610 611 4
609 610 3
609 614 4
608 609 5
615 616 2
608 615 1
608 617 2
607 608 4
607 618 5
607 619 1
607 620 3
606 607 2
621 622 4
606 621 3
623 624 2
606 623 5
606 625 1
605 606 4
627 628 4
626 627 5
626 629 2
605 626 1
605 630 2
605 631 3
604 605 5
603 604 4
602 603 3
635 636 5
634 635 4
633 634 3
632 633 5
638 639 1
638 640 2
638 641 3
637 638 5
643 644 1
642 643 5
642 645 1
642 646 3
642 647 4
637 642 2
649 650 1
649 651 2
649 652 3
648 649 4
637 648 3
637 653 4
632 637 1
602 632 4
657 658 5
656 657 4
655 656 3
654 655 2
602 654 5
602 659 1
601 602 2
600 601 3
599 600 2
599 660 3
599 661 4
599 662 5
543 599 1
669 670 3
669 671 4
668 669 1
668 672 2
667 668 5
666 667 4
673 674 1
666 673 5
666 675 1
665 666 3
677 678 4
677 679 5
677 680 1
677 681 3
676 677 2
683 684 4
682 683 2
685 686 5
682 685 4
687 688 3
682 687 5
676 682 3
689 690 4
689 691 1
676 689 5
665 676 4
664 665 1
693 694 4
692 693 3
664 692 2
664 695 3
663 664 4
698 699 1
697 698 2
700 701 5
697 700 4
696 697 3
704 705 4
704 706 5
703 704 1
707 708 1
707 709 3
703 707 2
712 713 4
711 712 5
710 711 4
703 710 3
702 703 5
714 715 2
714 716 3
702 714 1
717 718 3
702 717 2
702 719 3
696 702 4
720 721 5
696 720 1
727 728 1
727 729 2
727 730 3
727 731 5
726 727 4
726 732 5
725 726 2
733 734 2
725 733 3
725 735 4
725 736 5
724 725 1
738 739 3
737 738 5
740 741 2
737 740 1
737 742 3
737 743 4
724 737 2
723 724 5
723 744 1
723 745 2
722 723 3
696 722 2
663 696 5
747 748 2
746 747 4
746 749 5
663 746 1
543 663 2
417 543 5
416 417 2
305 416 5
4 305 1
3 4 2
754 755 4
753 754 3
753 756 4
753 757 5
752 753 2
758 759 3
752 758 4
752 760 5
751 752 3
766 767 2
765 766 1
764 765 3
768 769 1
764 768 4
770 771 3
764 770 1
764 772 2
763 764 5
777 778 5
777 779 2
776 777 1
780 781 5
776 780 3
782 783 5
782 784 1
776 782 4
776 785 5
775 776 2
790 791 2
790 792 3
789 790 1
793 794 2
789 793 3
789 795 4
789 796 5
788 789 2
788 797 3
787 788 4
786 787 1
775 786 3
775 798 4
775 799 5
774 775 1
773 774 3
763 773 1
801 802 2
801 803 4
801 804 5
800 801 3
806 807 1
805 806 5
808 809 2
808 810 3
808 811 4
805 808 1
800 805 4
763 800 2
762 763 4
821 822 1
820 821 5
823 824 2
820 823 1
820 825 2
819 820 4
818 819 5
826 827 4
818 826 2
830 831 5
830 832 2
829 830 1
833 834 3
829 833 2
829 835 3
828 829 4
836 837 4
828 836 5
828 838 1
818 828 3
817 818 1
841 842 4
841 843 5
840 841 3
839 840 4
844 845 2
839 844 5
839 846 1
839 847 3
817 839 2
816 817 4
851 852 3
850 851 5
849 850 3
853 854 3
853 855 5
853 856 1
853 857 2
849 853 4
848 849 1
860 861 1
859 860 3
858 859 5
862 863 2
858 862 1
858 864 3
848 858 2
848 865 3
816 848 5
866 867 5
866 868 2
866 869 3
816 866 1
870 871 4
816 870 2
815 816 3
873 874 3
872 873 5
815 872 4
875 876 1
815 875 5
879 880 1
878 879 4
877 878 3
815 877 1
814 815 2
813 814 1
812 813 4
762 812 1
883 884 1
882 883 5
885 886 1
882 885 2
888 889 2
887 888 5
887 890 1
887 891 2
882 887 3
881 882 1
762 881 2
895 896 2
894 895 1
893 894 3
898 899 3
897 898 4
900 901 2
897 900 1
897 902 2
897 903 3
893 897 5
892 893 4
762 892 3
761 762 5
751 761 4
750 751 2
3 750 3
907 908 3
907 909 4
906 907 2
910 911 3
906 910 4
913 914 3
912 913 2
915 916 4
912 915 3
912 917 4
906 912 5
905 906 3
920 921 5
919 920 1
924 925 5
923 924 2
922 923 4
922 926 5
922 927 1
922 928 3
919 922 2
918 919 5
930 931 5
929 930 3
929 932 4
918 929 1
918 933 2
918 934 3
905 918 4
937 938 5
936 937 4
935 936 2
940 941 5
940 942 1
940 943 2
940 944 3
939 940 4
939 945 5
939 946 1
939 947 2
935 939 3
905 935 5
948 949 2
905 948 1
904 905 2
953 954 3
952 953 2
952 955 3
951 952 1
959 960 1
958 959 2
958 961 3
958 962 4
957 958 5
956 957 1
965 966 3
965 967 4
964 965 5
963 964 4
969 970 1
968 969 3
968 971 4
968 972 1
963 968 5
956 963 3
973 974 5
973 975 1
956 973 4
976 977 1
976 978 2
956 976 5
951 956 2
950 951 5
981 982 1
980 981 4
979 980 3
983 984 1
979 983 4
979 985 5
979 986 2
950 979 1
988 989 5
987 988 4
990 991 2
987 990 5
987 992 1
950 987 2
995 996 5
994 995 3
993 994 5
998 999 5
997 998 4
993 997 1
993 1000 2
950 993 4
904 950 3
3 904 4
2 3 1
1 2 5
