2000
5 6 1981
4 5 6
4 7 7
4 8 8
4 9 9
4 10 10
4 11 11
4 12 12
4 13 13
4 14 14
4 15 15
4 16 16
4 17 17
4 18 18
4 19 19
4 20 20
4 21 21
4 22 22
4 23 23
4 24 24
4 25 25
3 4 493
27 28 487
27 29 488
27 30 489
27 31 490
27 32 491
27 33 492
27 34 493
27 35 494
27 36 495
26 27 1111
38 39 1536
37 38 694
37 40 695
37 41 696
37 42 697
26 37 1112
44 45 409
43 44 476
46 47 469
43 46 477
43 48 478
43 49 479
26 43 1113
50 51 920
26 50 1114
26 52 1115
26 53 1116
26 54 1117
26 55 1118
26 56 1119
26 57 1120
26 58 1121
26 59 1122
26 60 1123
26 61 1124
26 62 1125
26 63 1126
26 64 1127
26 65 1128
26 66 1129
26 67 1130
26 68 1131
26 69 1132
26 70 1133
26 71 1134
3 26 494
72 73 292
3 72 495
3 74 496
3 75 497
3 76 498
3 77 499
3 78 500
3 79 501
3 80 502
3 81 503
3 82 504
3 83 505
3 84 506
3 85 507
3 86 508
3 87 509
3 88 510
3 89 511
3 90 512
3 91 513
3 92 514
3 93 515
3 94 516
2 3 123
97 98 1522
97 99 1523
97 100 1524
96 97 773
96 101 774
96 102 775
96 103 776
96 104 777
96 105 778
96 106 779
95 96 446
95 107 447
95 108 448
2 95 124
2 109 125
2 110 126
2 111 127
2 112 128
2 113 129
2 114 130
2 115 131
2 116 132
2 117 133
2 118 134
2 119 135
2 120 136
2 121 137
2 122 138
2 123 139
2 124 140
2 125 141
2 126 142
2 127 143
2 128 144
2 129 145
2 130 146
2 131 147
2 132 148
2 133 149
2 134 150
2 135 151
2 136 152
2 137 153
2 138 154
2 139 155
2 140 156
2 141 157
2 142 158
2 143 159
2 144 160
2 145 161
2 146 162
2 147 163
2 148 164
2 149 165
2 150 166
2 151 167
2 152 168
2 153 169
2 154 170
2 155 171
2 156 172
2 157 173
2 158 174
2 159 175
2 160 176
2 161 177
2 162 178
2 163 179
2 164 180
2 165 181
2 166 182
2 167 183
2 168 184
2 169 185
2 170 186
2 171 187
2 172 188
2 173 189
2 174 190
2 175 191
2 176 192
2 177 193
2 178 194
2 179 195
2 180 196
2 181 197
2 182 198
2 183 199
2 184 200
2 185 201
2 186 202
2 187 203
2 188 204
2 189 205
2 190 206
2 191 207
2 192 208
2 193 209
2 194 210
2 195 211
2 196 212
2 197 213
2 198 214
2 199 215
2 200 216
2 201 217
2 202 218
2 203 219
2 204 220
2 205 221
2 206 222
2 207 223
2 208 224
2 209 225
2 210 226
2 211 227
2 212 228
2 213 229
2 214 230
2 215 231
2 216 232
2 217 233
2 218 234
2 219 235
2 220 236
2 221 237
2 222 238
2 223 239
2 224 240
2 225 241
2 226 242
2 227 243
2 228 244
2 229 245
2 230 246
2 231 247
2 232 248
2 233 249
2 234 250
2 235 251
2 236 252
2 237 253
2 238 254
2 239 255
2 240 256
2 241 257
2 242 258
2 243 259
2 244 260
2 245 261
2 246 262
2 247 263
2 248 264
2 249 265
2 250 266
2 251 267
2 252 268
2 253 269
2 254 270
2 255 271
2 256 272
2 257 273
2 258 274
2 259 275
2 260 276
2 261 277
2 262 278
2 263 279
2 264 280
2 265 281
2 266 282
2 267 283
2 268 284
2 269 285
2 270 286
2 271 287
2 272 288
2 273 289
2 274 290
2 275 291
2 276 292
2 277 293
2 278 294
2 279 295
2 280 296
2 281 297
2 282 298
2 283 299
2 284 300
2 285 301
2 286 302
2 287 303
2 288 304
2 289 305
2 290 306
2 291 307
2 292 308
2 293 309
2 294 310
2 295 311
2 296 312
2 297 313
2 298 314
2 299 315
2 300 316
2 301 317
2 302 318
2 303 319
2 304 320
2 305 321
2 306 322
2 307 323
2 308 324
2 309 325
2 310 326
2 311 327
2 312 328
2 313 329
2 314 330
2 315 331
2 316 332
2 317 333
2 318 334
2 319 335
2 320 336
2 321 337
2 322 338
2 323 339
2 324 340
2 325 341
2 326 342
2 327 343
2 328 344
2 329 345
2 330 346
2 331 347
2 332 348
2 333 349
2 334 350
2 335 351
2 336 352
2 337 353
2 338 354
2 339 355
2 340 356
2 341 357
2 342 358
2 343 359
2 344 360
2 345 361
2 346 362
2 347 363
2 348 364
2 349 365
2 350 366
2 351 367
2 352 368
2 353 369
2 354 370
2 355 371
2 356 372
2 357 373
2 358 374
2 359 375
2 360 376
2 361 377
2 362 378
2 363 379
2 364 380
2 365 381
2 366 382
2 367 383
2 368 384
2 369 385
2 370 386
2 371 387
2 372 388
2 373 389
2 374 390
2 375 391
2 376 392
2 377 393
2 378 394
2 379 395
2 380 396
2 381 397
2 382 398
2 383 399
2 384 400
2 385 401
2 386 402
2 387 403
2 388 404
2 389 405
2 390 406
2 391 407
2 392 408
2 393 409
2 394 410
2 395 411
2 396 412
2 397 413
2 398 414
2 399 415
2 400 416
2 401 417
2 402 418
2 403 419
2 404 420
2 405 421
2 406 422
2 407 423
2 408 424
2 409 425
2 410 426
2 411 427
2 412 428
2 413 429
2 414 430
2 415 431
2 416 432
2 417 433
2 418 434
2 419 435
2 420 436
2 421 437
2 422 438
2 423 439
2 424 440
2 425 441
2 426 442
2 427 443
2 428 444
2 429 445
2 430 446
2 431 447
2 432 448
2 433 449
2 434 450
2 435 451
2 436 452
2 437 453
2 438 454
2 439 455
2 440 456
2 441 457
2 442 458
2 443 459
2 444 460
2 445 461
2 446 462
2 447 463
2 448 464
2 449 465
2 450 466
2 451 467
2 452 468
2 453 469
2 454 470
2 455 471
2 456 472
2 457 473
2 458 474
2 459 475
2 460 476
2 461 477
2 462 478
2 463 479
2 464 480
2 465 481
2 466 482
2 467 483
2 468 484
2 469 485
2 470 486
2 471 487
2 472 488
2 473 489
2 474 490
2 475 491
2 476 492
2 477 493
2 478 494
2 479 495
2 480 496
2 481 497
2 482 498
2 483 499
2 484 500
2 485 501
2 486 502
2 487 503
2 488 504
2 489 505
2 490 506
2 491 507
2 492 508
2 493 509
2 494 510
2 495 511
2 496 512
2 497 513
2 498 514
2 499 515
2 500 516
2 501 517
2 502 518
2 503 519
2 504 520
2 505 521
2 506 522
2 507 523
2 508 524
2 509 525
2 510 526
2 511 527
2 512 528
2 513 529
2 514 530
2 515 531
2 516 532
2 517 533
2 518 534
2 519 535
2 520 536
2 521 537
2 522 538
2 523 539
2 524 540
2 525 541
2 526 542
2 527 543
2 528 544
2 529 545
2 530 546
2 531 547
2 532 548
2 533 549
2 534 550
2 535 551
2 536 552
2 537 553
2 538 554
2 539 555
2 540 556
2 541 557
2 542 558
2 543 559
2 544 560
2 545 561
2 546 562
2 547 563
2 548 564
2 549 565
2 550 566
2 551 567
2 552 568
2 553 569
2 554 570
2 555 571
2 556 572
2 557 573
2 558 574
2 559 575
2 560 576
2 561 577
2 562 578
2 563 579
2 564 580
2 565 581
2 566 582
2 567 583
2 568 584
2 569 585
2 570 586
2 571 587
2 572 588
2 573 589
2 574 590
2 575 591
2 576 592
2 577 593
2 578 594
2 579 595
2 580 596
2 581 597
2 582 598
2 583 599
2 584 600
2 585 601
2 586 602
2 587 603
2 588 604
2 589 605
2 590 606
2 591 607
2 592 608
2 593 609
2 594 610
2 595 611
2 596 612
2 597 613
2 598 614
2 599 615
2 600 616
2 601 617
2 602 618
2 603 619
2 604 620
2 605 621
2 606 622
2 607 623
2 608 624
2 609 625
2 610 626
2 611 627
2 612 628
2 613 629
2 614 630
2 615 631
2 616 632
2 617 633
2 618 634
2 619 635
2 620 636
2 621 637
2 622 638
2 623 639
2 624 640
2 625 641
2 626 642
2 627 643
2 628 644
2 629 645
2 630 646
2 631 647
2 632 648
2 633 649
2 634 650
2 635 651
2 636 652
2 637 653
2 638 654
2 639 655
2 640 656
2 641 657
2 642 658
2 643 659
2 644 660
2 645 661
2 646 662
2 647 663
2 648 664
2 649 665
2 650 666
2 651 667
2 652 668
2 653 669
2 654 670
2 655 671
2 656 672
2 657 673
2 658 674
2 659 675
2 660 676
2 661 677
2 662 678
2 663 679
2 664 680
2 665 681
2 666 682
2 667 683
2 668 684
2 669 685
2 670 686
2 671 687
2 672 688
2 673 689
2 674 690
2 675 691
2 676 692
2 677 693
2 678 694
2 679 695
2 680 696
2 681 697
2 682 698
2 683 699
2 684 700
2 685 701
2 686 702
2 687 703
2 688 704
2 689 705
2 690 706
2 691 707
2 692 708
2 693 709
2 694 710
2 695 711
2 696 712
2 697 713
2 698 714
2 699 715
2 700 716
2 701 717
2 702 718
2 703 719
2 704 720
2 705 721
2 706 722
2 707 723
2 708 724
2 709 725
2 710 726
2 711 727
2 712 728
2 713 729
2 714 730
2 715 731
2 716 732
2 717 733
2 718 734
2 719 735
2 720 736
2 721 737
2 722 738
2 723 739
2 724 740
2 725 741
2 726 742
2 727 743
2 728 744
2 729 745
2 730 746
2 731 747
2 732 748
2 733 749
2 734 750
2 735 751
2 736 752
2 737 753
2 738 754
2 739 755
2 740 756
2 741 757
2 742 758
2 743 759
2 744 760
2 745 761
2 746 762
2 747 763
2 748 764
2 749 765
2 750 766
2 751 767
2 752 768
2 753 769
2 754 770
2 755 771
2 756 772
2 757 773
2 758 774
2 759 775
2 760 776
2 761 777
2 762 778
2 763 779
2 764 780
2 765 781
2 766 782
2 767 783
2 768 784
2 769 785
2 770 786
2 771 787
2 772 788
2 773 789
2 774 790
2 775 791
2 776 792
2 777 793
2 778 794
2 779 795
2 780 796
2 781 797
2 782 798
2 783 799
2 784 800
2 785 801
2 786 802
2 787 803
2 788 804
2 789 805
2 790 806
2 791 807
2 792 808
2 793 809
2 794 810
2 795 811
2 796 812
2 797 813
2 798 814
2 799 815
2 800 816
2 801 817
2 802 818
2 803 819
2 804 820
2 805 821
2 806 822
2 807 823
2 808 824
2 809 825
2 810 826
2 811 827
2 812 828
2 813 829
2 814 830
2 815 831
2 816 832
2 817 833
2 818 834
2 819 835
2 820 836
2 821 837
2 822 838
2 823 839
2 824 840
2 825 841
2 826 842
2 827 843
2 828 844
2 829 845
2 830 846
2 831 847
2 832 848
2 833 849
2 834 850
2 835 851
2 836 852
2 837 853
2 838 854
2 839 855
2 840 856
2 841 857
2 842 858
2 843 859
2 844 860
2 845 861
2 846 862
2 847 863
2 848 864
2 849 865
2 850 866
2 851 867
2 852 868
2 853 869
2 854 870
2 855 871
2 856 872
2 857 873
2 858 874
2 859 875
2 860 876
2 861 877
2 862 878
2 863 879
2 864 880
2 865 881
2 866 882
2 867 883
2 868 884
2 869 885
2 870 886
2 871 887
2 872 888
2 873 889
2 874 890
2 875 891
2 876 892
2 877 893
2 878 894
2 879 895
2 880 896
2 881 897
2 882 898
2 883 899
2 884 900
2 885 901
2 886 902
2 887 903
2 888 904
2 889 905
2 890 906
2 891 907
2 892 908
2 893 909
2 894 910
1 2 1880
898 899 551
897 898 936
897 900 937
896 897 1925
901 902 810
896 901 1926
896 903 1927
896 904 1928
895 896 1546
905 906 1957
895 905 1547
907 908 187
907 909 188
907 910 189
907 911 190
895 907 1548
912 913 912
895 912 1549
914 915 127
895 914 1550
895 916 1551
895 917 1552
895 918 1553
895 919 1554
895 920 1555
895 921 1556
895 922 1557
895 923 1558
895 924 1559
895 925 1560
895 926 1561
895 927 1562
895 928 1563
895 929 1564
895 930 1565
895 931 1566
895 932 1567
895 933 1568
895 934 1569
895 935 1570
895 936 1571
895 937 1572
895 938 1573
895 939 1574
895 940 1575
895 941 1576
895 942 1577
895 943 1578
895 944 1579
895 945 1580
895 946 1581
895 947 1582
895 948 1583
895 949 1584
895 950 1585
895 951 1586
895 952 1587
895 953 1588
895 954 1589
895 955 1590
895 956 1591
895 957 1592
895 958 1593
895 959 1594
895 960 1595
895 961 1596
895 962 1597
895 963 1598
895 964 1599
895 965 1600
895 966 1601
895 967 1602
895 968 1603
895 969 1604
895 970 1605
895 971 1606
895 972 1607
895 973 1608
895 974 1609
895 975 1610
895 976 1611
895 977 1612
895 978 1613
895 979 1614
895 980 1615
895 981 1616
895 982 1617
895 983 1618
895 984 1619
895 985 1620
895 986 1621
895 987 1622
895 988 1623
895 989 1624
895 990 1625
895 991 1626
895 992 1627
895 993 1628
895 994 1629
895 995 1630
895 996 1631
895 997 1632
895 998 1633
895 999 1634
895 1000 1635
895 1001 1636
895 1002 1637
895 1003 1638
895 1004 1639
895 1005 1640
895 1006 1641
895 1007 1642
895 1008 1643
895 1009 1644
895 1010 1645
895 1011 1646
895 1012 1647
895 1013 1648
895 1014 1649
895 1015 1650
895 1016 1651
895 1017 1652
895 1018 1653
895 1019 1654
895 1020 1655
895 1021 1656
895 1022 1657
895 1023 1658
895 1024 1659
895 1025 1660
895 1026 1661
895 1027 1662
895 1028 1663
895 1029 1664
895 1030 1665
895 1031 1666
895 1032 1667
895 1033 1668
895 1034 1669
895 1035 1670
895 1036 1671
895 1037 1672
895 1038 1673
895 1039 1674
895 1040 1675
895 1041 1676
895 1042 1677
895 1043 1678
895 1044 1679
895 1045 1680
895 1046 1681
895 1047 1682
895 1048 1683
895 1049 1684
895 1050 1685
895 1051 1686
895 1052 1687
895 1053 1688
895 1054 1689
895 1055 1690
895 1056 1691
895 1057 1692
895 1058 1693
895 1059 1694
895 1060 1695
895 1061 1696
895 1062 1697
895 1063 1698
895 1064 1699
895 1065 1700
895 1066 1701
895 1067 1702
895 1068 1703
895 1069 1704
895 1070 1705
895 1071 1706
895 1072 1707
895 1073 1708
895 1074 1709
895 1075 1710
895 1076 1711
895 1077 1712
895 1078 1713
895 1079 1714
895 1080 1715
895 1081 1716
895 1082 1717
895 1083 1718
895 1084 1719
895 1085 1720
895 1086 1721
895 1087 1722
895 1088 1723
895 1089 1724
895 1090 1725
895 1091 1726
895 1092 1727
895 1093 1728
895 1094 1729
895 1095 1730
895 1096 1731
895 1097 1732
895 1098 1733
895 1099 1734
895 1100 1735
895 1101 1736
895 1102 1737
895 1103 1738
895 1104 1739
895 1105 1740
895 1106 1741
895 1107 1742
895 1108 1743
895 1109 1744
895 1110 1745
895 1111 1746
895 1112 1747
895 1113 1748
895 1114 1749
895 1115 1750
895 1116 1751
895 1117 1752
895 1118 1753
895 1119 1754
895 1120 1755
895 1121 1756
895 1122 1757
895 1123 1758
895 1124 1759
895 1125 1760
895 1126 1761
895 1127 1762
895 1128 1763
895 1129 1764
895 1130 1765
895 1131 1766
895 1132 1767
895 1133 1768
895 1134 1769
895 1135 1770
895 1136 1771
895 1137 1772
895 1138 1773
895 1139 1774
895 1140 1775
895 1141 1776
895 1142 1777
895 1143 1778
895 1144 1779
895 1145 1780
895 1146 1781
895 1147 1782
895 1148 1783
895 1149 1784
895 1150 1785
895 1151 1786
895 1152 1787
895 1153 1788
895 1154 1789
895 1155 1790
895 1156 1791
895 1157 1792
895 1158 1793
895 1159 1794
895 1160 1795
895 1161 1796
895 1162 1797
895 1163 1798
895 1164 1799
895 1165 1800
895 1166 1801
895 1167 1802
895 1168 1803
895 1169 1804
895 1170 1805
895 1171 1806
895 1172 1807
895 1173 1808
895 1174 1809
895 1175 1810
895 1176 1811
895 1177 1812
895 1178 1813
895 1179 1814
895 1180 1815
895 1181 1816
895 1182 1817
895 1183 1818
895 1184 1819
895 1185 1820
895 1186 1821
895 1187 1822
895 1188 1823
895 1189 1824
895 1190 1825
895 1191 1826
895 1192 1827
895 1193 1828
895 1194 1829
895 1195 1830
895 1196 1831
895 1197 1832
895 1198 1833
895 1199 1834
895 1200 1835
895 1201 1836
895 1202 1837
895 1203 1838
895 1204 1839
895 1205 1840
895 1206 1841
895 1207 1842
895 1208 1843
895 1209 1844
1 895 1881
1215 1216 236
1214 1215 1475
1213 1214 1969
1212 1213 650
1218 1219 1838
1217 1218 881
1220 1221 367
1220 1222 368
1217 1220 882
1212 1217 651
1224 1225 1946
1224 1226 1947
1223 1224 1846
1212 1223 652
1212 1227 653
1212 1228 654
1212 1229 655
1212 1230 656
1212 1231 657
1212 1232 658
1212 1233 659
1212 1234 660
1211 1212 1719
1237 1238 152
1237 1239 153
1237 1240 154
1237 1241 155
1236 1237 1117
1235 1236 376
1243 1244 433
1243 1245 724
1242 1243 433
1246 1247 410
1246 1248 411
1246 1249 412
1246 1250 413
1242 1246 434
1235 1242 377
1235 1251 378
1235 1252 379
1211 1235 1720
1254 1255 1397
1253 1254 83
1211 1253 1721
1256 1257 708
1256 1258 709
1256 1259 710
1211 1256 1722
1260 1261 677
1260 1262 678
1211 1260 1723
1263 1264 668
1211 1263 1724
1265 1266 613
1211 1265 1725
1211 1267 1726
1211 1268 1727
1211 1269 1728
1211 1270 1729
1211 1271 1730
1211 1272 1731
1211 1273 1732
1211 1274 1733
1211 1275 1734
1211 1276 1735
1211 1277 1736
1211 1278 1737
1211 1279 1738
1211 1280 1739
1211 1281 1740
1211 1282 1741
1211 1283 1742
1211 1284 1743
1211 1285 1744
1211 1286 1745
1211 1287 1746
1211 1288 1747
1211 1289 1748
1211 1290 1749
1211 1291 1750
1211 1292 1751
1211 1293 1752
1211 1294 1753
1211 1295 1754
1211 1296 1755
1211 1297 1756
1211 1298 1757
1211 1299 1758
1211 1300 1759
1211 1301 1760
1211 1302 1761
1211 1303 1762
1211 1304 1763
1211 1305 1764
1211 1306 1765
1211 1307 1766
1211 1308 1767
1211 1309 1768
1211 1310 1769
1211 1311 1770
1211 1312 1771
1211 1313 1772
1211 1314 1773
1211 1315 1774
1211 1316 1775
1211 1317 1776
1211 1318 1777
1211 1319 1778
1211 1320 1779
1211 1321 1780
1211 1322 1781
1211 1323 1782
1211 1324 1783
1211 1325 1784
1211 1326 1785
1211 1327 1786
1211 1328 1787
1211 1329 1788
1211 1330 1789
1211 1331 1790
1211 1332 1791
1211 1333 1792
1211 1334 1793
1211 1335 1794
1211 1336 1795
1211 1337 1796
1211 1338 1797
1211 1339 1798
1211 1340 1799
1211 1341 1800
1211 1342 1801
1211 1343 1802
1211 1344 1803
1211 1345 1804
1211 1346 1805
1211 1347 1806
1211 1348 1807
1211 1349 1808
1211 1350 1809
1211 1351 1810
1211 1352 1811
1211 1353 1812
1211 1354 1813
1211 1355 1814
1211 1356 1815
1211 1357 1816
1211 1358 1817
1211 1359 1818
1211 1360 1819
1211 1361 1820
1211 1362 1821
1211 1363 1822
1211 1364 1823
1211 1365 1824
1211 1366 1825
1211 1367 1826
1211 1368 1827
1211 1369 1828
1211 1370 1829
1210 1211 751
1372 1373 359
1371 1372 728
1371 1374 729
1371 1375 730
1371 1376 731
1371 1377 732
1371 1378 733
1371 1379 734
1371 1380 735
1371 1381 736
1371 1382 737
1371 1383 738
1371 1384 739
1371 1385 740
1371 1386 741
1371 1387 742
1210 1371 752
1388 1389 1092
1388 1390 1093
1388 1391 1094
1388 1392 1095
1388 1393 1096
1210 1388 753
1394 1395 1052
1210 1394 754
1396 1397 1285
1210 1396 755
1210 1398 756
1210 1399 757
1210 1400 758
1210 1401 759
1210 1402 760
1210 1403 761
1210 1404 762
1210 1405 763
1210 1406 764
1210 1407 765
1210 1408 766
1210 1409 767
1210 1410 768
1210 1411 769
1210 1412 770
1210 1413 771
1210 1414 772
1210 1415 773
1210 1416 774
1 1210 1882
1417 1418 1642
1417 1419 1643
1417 1420 1644
1417 1421 1645
1417 1422 1646
1417 1423 1647
1417 1424 1648
1417 1425 1649
1417 1426 1650
1417 1427 1651
1417 1428 1652
1417 1429 1653
1417 1430 1654
1417 1431 1655
1417 1432 1656
1417 1433 1657
1417 1434 1658
1417 1435 1659
1417 1436 1660
1417 1437 1661
1417 1438 1662
1417 1439 1663
1417 1440 1664
1417 1441 1665
1417 1442 1666
1417 1443 1667
1417 1444 1668
1417 1445 1669
1417 1446 1670
1417 1447 1671
1417 1448 1672
1417 1449 1673
1417 1450 1674
1417 1451 1675
1417 1452 1676
1417 1453 1677
1 1417 1883
1454 1455 386
1454 1456 387
1454 1457 388
1454 1458 389
1 1454 1884
1 1459 1885
1 1460 1886
1 1461 1887
1 1462 1888
1 1463 1889
1 1464 1890
1 1465 1891
1 1466 1892
1 1467 1893
1 1468 1894
1 1469 1895
1 1470 1896
1 1471 1897
1 1472 1898
1 1473 1899
1 1474 1900
1 1475 1901
1 1476 1902
1 1477 1903
1 1478 1904
1 1479 1905
1 1480 1906
1 1481 1907
1 1482 1908
1 1483 1909
1 1484 1910
1 1485 1911
1 1486 1912
1 1487 1913
1 1488 1914
1 1489 1915
1 1490 1916
1 1491 1917
1 1492 1918
1 1493 1919
1 1494 1920
1 1495 1921
1 1496 1922
1 1497 1923
1 1498 1924
1 1499 1925
1 1500 1926
1 1501 1927
1 1502 1928
1 1503 1929
1 1504 1930
1 1505 1931
1 1506 1932
1 1507 1933
1 1508 1934
1 1509 1935
1 1510 1936
1 1511 1937
1 1512 1938
1 1513 1939
1 1514 1940
1 1515 1941
1 1516 1942
1 1517 1943
1 1518 1944
1 1519 1945
1 1520 1946
1 1521 1947
1 1522 1948
1 1523 1949
1 1524 1950
1 1525 1951
1 1526 1952
1 1527 1953
1 1528 1954
1 1529 1955
1 1530 1956
1 1531 1957
1 1532 1958
1 1533 1959
1 1534 1960
1 1535 1961
1 1536 1962
1 1537 1963
1 1538 1964
1 1539 1965
1 1540 1966
1 1541 1967
1 1542 1968
1 1543 1969
1 1544 1970
1 1545 1971
1 1546 1972
1 1547 1973
1 1548 1974
1 1549 1975
1 1550 1976
1 1551 1977
1 1552 1978
1 1553 1979
1 1554 1980
1 1555 1981
1 1556 1982
1 1557 1983
1 1558 1984
1 1559 1985
1 1560 1986
1 1561 1987
1 1562 1988
1 1563 1989
1 1564 1990
1 1565 1991
1 1566 1992
1 1567 1993
1 1568 1994
1 1569 1995
1 1570 1996
1 1571 1997
1 1572 1998
1 1573 1999
1 1574 2
1 1575 3
1 1576 4
1 1577 5
1 1578 6
1 1579 7
1 1580 8
1 1581 9
1 1582 10
1 1583 11
1 1584 12
1 1585 13
1 1586 14
1 1587 15
1 1588 16
1 1589 17
1 1590 18
1 1591 19
1 1592 20
1 1593 21
1 1594 22
1 1595 23
1 1596 24
1 1597 25
1 1598 26
1 1599 27
1 1600 28
1 1601 29
1 1602 30
1 1603 31
1 1604 32
1 1605 33
1 1606 34
1 1607 35
1 1608 36
1 1609 37
1 1610 38
1 1611 39
1 1612 40
1 1613 41
1 1614 42
1 1615 43
1 1616 44
1 1617 45
1 1618 46
1 1619 47
1 1620 48
1 1621 49
1 1622 50
1 1623 51
1 1624 52
1 1625 53
1 1626 54
1 1627 55
1 1628 56
1 1629 57
1 1630 58
1 1631 59
1 1632 60
1 1633 61
1 1634 62
1 1635 63
1 1636 64
1 1637 65
1 1638 66
1 1639 67
1 1640 68
1 1641 69
1 1642 70
1 1643 71
1 1644 72
1 1645 73
1 1646 74
1 1647 75
1 1648 76
1 1649 77
1 1650 78
1 1651 79
1 1652 80
1 1653 81
1 1654 82
1 1655 83
1 1656 84
1 1657 85
1 1658 86
1 1659 87
1 1660 88
1 1661 89
1 1662 90
1 1663 91
1 1664 92
1 1665 93
1 1666 94
1 1667 95
1 1668 96
1 1669 97
1 1670 98
1 1671 99
1 1672 100
1 1673 101
1 1674 102
1 1675 103
1 1676 104
1 1677 105
1 1678 106
1 1679 107
1 1680 108
1 1681 109
1 1682 110
1 1683 111
1 1684 112
1 1685 113
1 1686 114
1 1687 115
1 1688 116
1 1689 117
1 1690 118
1 1691 119
1 1692 120
1 1693 121
1 1694 122
1 1695 123
1 1696 124
1 1697 125
1 1698 126
1 1699 127
1 1700 128
1 1701 129
1 1702 130
1 1703 131
1 1704 132
1 1705 133
1 1706 134
1 1707 135
1 1708 136
1 1709 137
1 1710 138
1 1711 139
1 1712 140
1 1713 141
1 1714 142
1 1715 143
1 1716 144
1 1717 145
1 1718 146
1 1719 147
1 1720 148
1 1721 149
1 1722 150
1 1723 151
1 1724 152
1 1725 153
1 1726 154
1 1727 155
1 1728 156
1 1729 157
1 1730 158
1 1731 159
1 1732 160
1 1733 161
1 1734 162
1 1735 163
1 1736 164
1 1737 165
1 1738 166
1 1739 167
1 1740 168
1 1741 169
1 1742 170
1 1743 171
1 1744 172
1 1745 173
1 1746 174
1 1747 175
1 1748 176
1 1749 177
1 1750 178
1 1751 179
1 1752 180
1 1753 181
1 1754 182
1 1755 183
1 1756 184
1 1757 185
1 1758 186
1 1759 187
1 1760 188
1 1761 189
1 1762 190
1 1763 191
1 1764 192
1 1765 193
1 1766 194
1 1767 195
1 1768 196
1 1769 197
1 1770 198
1 1771 199
1 1772 200
1 1773 201
1 1774 202
1 1775 203
1 1776 204
1 1777 205
1 1778 206
1 1779 207
1 1780 208
1 1781 209
1 1782 210
1 1783 211
1 1784 212
1 1785 213
1 1786 214
1 1787 215
1 1788 216
1 1789 217
1 1790 218
1 1791 219
1 1792 220
1 1793 221
1 1794 222
1 1795 223
1 1796 224
1 1797 225
1 1798 226
1 1799 227
1 1800 228
1 1801 229
1 1802 230
1 1803 231
1 1804 232
1 1805 233
1 1806 234
1 1807 235
1 1808 236
1 1809 237
1 1810 238
1 1811 239
1 1812 240
1 1813 241
1 1814 242
1 1815 243
1 1816 244
1 1817 245
1 1818 246
1 1819 247
1 1820 248
1 1821 249
1 1822 250
1 1823 251
1 1824 252
1 1825 253
1 1826 254
1 1827 255
1 1828 256
1 1829 257
1 1830 258
1 1831 259
1 1832 260
1 1833 261
1 1834 262
1 1835 263
1 1836 264
1 1837 265
1 1838 266
1 1839 267
1 1840 268
1 1841 269
1 1842 270
1 1843 271
1 1844 272
1 1845 273
1 1846 274
1 1847 275
1 1848 276
1 1849 277
1 1850 278
1 1851 279
1 1852 280
1 1853 281
1 1854 282
1 1855 283
1 1856 284
1 1857 285
1 1858 286
1 1859 287
1 1860 288
1 1861 289
1 1862 290
1 1863 291
1 1864 292
1 1865 293
1 1866 294
1 1867 295
1 1868 296
1 1869 297
1 1870 298
1 1871 299
1 1872 300
1 1873 301
1 1874 302
1 1875 303
1 1876 304
1 1877 305
1 1878 306
1 1879 307
1 1880 308
1 1881 309
1 1882 310
1 1883 311
1 1884 312
1 1885 313
1 1886 314
1 1887 315
1 1888 316
1 1889 317
1 1890 318
1 1891 319
1 1892 320
1 1893 321
1 1894 322
1 1895 323
1 1896 324
1 1897 325
1 1898 326
1 1899 327
1 1900 328
1 1901 329
1 1902 330
1 1903 331
1 1904 332
1 1905 333
1 1906 334
1 1907 335
1 1908 336
1 1909 337
1 1910 338
1 1911 339
1 1912 340
1 1913 341
1 1914 342
1 1915 343
1 1916 344
1 1917 345
1 1918 346
1 1919 347
1 1920 348
1 1921 349
1 1922 350
1 1923 351
1 1924 352
1 1925 353
1 1926 354
1 1927 355
1 1928 356
1 1929 357
1 1930 358
1 1931 359
1 1932 360
1 1933 361
1 1934 362
1 1935 363
1 1936 364
1 1937 365
1 1938 366
1 1939 367
1 1940 368
1 1941 369
1 1942 370
1 1943 371
1 1944 372
1 1945 373
1 1946 374
1 1947 375
1 1948 376
1 1949 377
1 1950 378
1 1951 379
1 1952 380
1 1953 381
1 1954 382
1 1955 383
1 1956 384
1 1957 385
1 1958 386
1 1959 387
1 1960 388
1 1961 389
1 1962 390
1 1963 391
1 1964 392
1 1965 393
1 1966 394
1 1967 395
1 1968 396
1 1969 397
1 1970 398
1 1971 399
1 1972 400
1 1973 401
1 1974 402
1 1975 403
1 1976 404
1 1977 405
1 1978 406
1 1979 407
1 1980 408
1 1981 409
1 1982 410
1 1983 411
1 1984 412
1 1985 413
1 1986 414
1 1987 415
1 1988 416
1 1989 417
1 1990 418
1 1991 419
1 1992 420
1 1993 421
1 1994 422
1 1995 423
1 1996 424
1 1997 425
1 1998 426
1 1999 427
1 2000 428
