4000
3999 4000 2
3998 3999 1
3997 3998 2
3996 3997 1
3995 3996 2
3994 3995 1
3993 3994 2
3992 3993 1
3991 3992 2
3990 3991 1
3989 3990 2
3988 3989 1
3987 3988 2
3986 3987 1
3985 3986 2
3984 3985 1
3983 3984 2
3982 3983 1
3981 3982 2
3980 3981 1
3979 3980 2
3978 3979 1
3977 3978 2
3976 3977 1
3975 3976 2
3974 3975 1
3973 3974 2
3972 3973 1
3971 3972 2
3970 3971 1
3969 3970 2
3968 3969 1
3967 3968 2
3966 3967 1
3965 3966 2
3964 3965 1
3963 3964 2
3962 3963 1
3961 3962 2
3960 3961 1
3959 3960 2
3958 3959 1
3957 3958 2
3956 3957 1
3955 3956 2
3954 3955 1
3953 3954 2
3952 3953 1
3951 3952 2
3950 3951 1
3949 3950 2
3948 3949 1
3947 3948 2
3946 3947 1
3945 3946 2
3944 3945 1
3943 3944 2
3942 3943 1
3941 3942 2
3940 3941 1
3939 3940 2
3938 3939 1
3937 3938 2
3936 3937 1
3935 3936 2
3934 3935 1
3933 3934 2
3932 3933 1
3931 3932 2
3930 3931 1
3929 3930 2
3928 3929 1
3927 3928 2
3926 3927 1
3925 3926 2
3924 3925 1
3923 3924 2
3922 3923 1
3921 3922 2
3920 3921 1
3919 3920 2
3918 3919 1
3917 3918 2
3916 3917 1
3915 3916 2
3914 3915 1
3913 3914 2
3912 3913 1
3911 3912 2
3910 3911 1
3909 3910 2
3908 3909 1
3907 3908 2
3906 3907 1
3905 3906 2
3904 3905 1
3903 3904 2
3902 3903 1
3901 3902 2
3900 3901 1
3899 3900 2
3898 3899 1
3897 3898 2
3896 3897 1
3895 3896 2
3894 3895 1
3893 3894 2
3892 3893 1
3891 3892 2
3890 3891 1
3889 3890 2
3888 3889 1
3887 3888 2
3886 3887 1
3885 3886 2
3884 3885 1
3883 3884 2
3882 3883 1
3881 3882 2
3880 3881 1
3879 3880 2
3878 3879 1
3877 3878 2
3876 3877 1
3875 3876 2
3874 3875 1
3873 3874 2
3872 3873 1
3871 3872 2
3870 3871 1
3869 3870 2
3868 3869 1
3867 3868 2
3866 3867 1
3865 3866 2
3864 3865 1
3863 3864 2
3862 3863 1
3861 3862 2
3860 3861 1
3859 3860 2
3858 3859 1
3857 3858 2
3856 3857 1
3855 3856 2
3854 3855 1
3853 3854 2
3852 3853 1
3851 3852 2
3850 3851 1
3849 3850 2
3848 3849 1
3847 3848 2
3846 3847 1
3845 3846 2
3844 3845 1
3843 3844 2
3842 3843 1
3841 3842 2
3840 3841 1
3839 3840 2
3838 3839 1
3837 3838 2
3836 3837 1
3835 3836 2
3834 3835 1
3833 3834 2
3832 3833 1
3831 3832 2
3830 3831 1
3829 3830 2
3828 3829 1
3827 3828 2
3826 3827 1
3825 3826 2
3824 3825 1
3823 3824 2
3822 3823 1
3821 3822 2
3820 3821 1
3819 3820 2
3818 3819 1
3817 3818 2
3816 3817 1
3815 3816 2
3814 3815 1
3813 3814 2
3812 3813 1
3811 3812 2
3810 3811 1
3809 3810 2
3808 3809 1
3807 3808 2
3806 3807 1
3805 3806 2
3804 3805 1
3803 3804 2
3802 3803 1
3801 3802 2
3800 3801 1
3799 3800 2
3798 3799 1
3797 3798 2
3796 3797 1
3795 3796 2
3794 3795 1
3793 3794 2
3792 3793 1
3791 3792 2
3790 3791 1
3789 3790 2
3788 3789 1
3787 3788 2
3786 3787 1
3785 3786 2
3784 3785 1
3783 3784 2
3782 3783 1
3781 3782 2
3780 3781 1
3779 3780 2
3778 3779 1
3777 3778 2
3776 3777 1
3775 3776 2
3774 3775 1
3773 3774 2
3772 3773 1
3771 3772 2
3770 3771 1
3769 3770 2
3768 3769 1
3767 3768 2
3766 3767 1
3765 3766 2
3764 3765 1
3763 3764 2
3762 3763 1
3761 3762 2
3760 3761 1
3759 3760 2
3758 3759 1
3757 3758 2
3756 3757 1
3755 3756 2
3754 3755 1
3753 3754 2
3752 3753 1
3751 3752 2
3750 3751 1
3749 3750 2
3748 3749 1
3747 3748 2
3746 3747 1
3745 3746 2
3744 3745 1
3743 3744 2
3742 3743 1
3741 3742 2
3740 3741 1
3739 3740 2
3738 3739 1
3737 3738 2
3736 3737 1
3735 3736 2
3734 3735 1
3733 3734 2
3732 3733 1
3731 3732 2
3730 3731 1
3729 3730 2
3728 3729 1
3727 3728 2
3726 3727 1
3725 3726 2
3724 3725 1
3723 3724 2
3722 3723 1
3721 3722 2
3720 3721 1
3719 3720 2
3718 3719 1
3717 3718 2
3716 3717 1
3715 3716 2
3714 3715 1
3713 3714 2
3712 3713 1
3711 3712 2
3710 3711 1
3709 3710 2
3708 3709 1
3707 3708 2
3706 3707 1
3705 3706 2
3704 3705 1
3703 3704 2
3702 3703 1
3701 3702 2
3700 3701 1
3699 3700 2
3698 3699 1
3697 3698 2
3696 3697 1
3695 3696 2
3694 3695 1
3693 3694 2
3692 3693 1
3691 3692 2
3690 3691 1
3689 3690 2
3688 3689 1
3687 3688 2
3686 3687 1
3685 3686 2
3684 3685 1
3683 3684 2
3682 3683 1
3681 3682 2
3680 3681 1
3679 3680 2
3678 3679 1
3677 3678 2
3676 3677 1
3675 3676 2
3674 3675 1
3673 3674 2
3672 3673 1
3671 3672 2
3670 3671 1
3669 3670 2
3668 3669 1
3667 3668 2
3666 3667 1
3665 3666 2
3664 3665 1
3663 3664 2
3662 3663 1
3661 3662 2
3660 3661 1
3659 3660 2
3658 3659 1
3657 3658 2
3656 3657 1
3655 3656 2
3654 3655 1
3653 3654 2
3652 3653 1
3651 3652 2
3650 3651 1
3649 3650 2
3648 3649 1
3647 3648 2
3646 3647 1
3645 3646 2
3644 3645 1
3643 3644 2
3642 3643 1
3641 3642 2
3640 3641 1
3639 3640 2
3638 3639 1
3637 3638 2
3636 3637 1
3635 3636 2
3634 3635 1
3633 3634 2
3632 3633 1
3631 3632 2
3630 3631 1
3629 3630 2
3628 3629 1
3627 3628 2
3626 3627 1
3625 3626 2
3624 3625 1
3623 3624 2
3622 3623 1
3621 3622 2
3620 3621 1
3619 3620 2
3618 3619 1
3617 3618 2
3616 3617 1
3615 3616 2
3614 3615 1
3613 3614 2
3612 3613 1
3611 3612 2
3610 3611 1
3609 3610 2
3608 3609 1
3607 3608 2
3606 3607 1
3605 3606 2
3604 3605 1
3603 3604 2
3602 3603 1
3601 3602 2
3600 3601 1
3599 3600 2
3598 3599 1
3597 3598 2
3596 3597 1
3595 3596 2
3594 3595 1
3593 3594 2
3592 3593 1
3591 3592 2
3590 3591 1
3589 3590 2
3588 3589 1
3587 3588 2
3586 3587 1
3585 3586 2
3584 3585 1
3583 3584 2
3582 3583 1
3581 3582 2
3580 3581 1
3579 3580 2
3578 3579 1
3577 3578 2
3576 3577 1
3575 3576 2
3574 3575 1
3573 3574 2
3572 3573 1
3571 3572 2
3570 3571 1
3569 3570 2
3568 3569 1
3567 3568 2
3566 3567 1
3565 3566 2
3564 3565 1
3563 3564 2
3562 3563 1
3561 3562 2
3560 3561 1
3559 3560 2
3558 3559 1
3557 3558 2
3556 3557 1
3555 3556 2
3554 3555 1
3553 3554 2
3552 3553 1
3551 3552 2
3550 3551 1
3549 3550 2
3548 3549 1
3547 3548 2
3546 3547 1
3545 3546 2
3544 3545 1
3543 3544 2
3542 3543 1
3541 3542 2
3540 3541 1
3539 3540 2
3538 3539 1
3537 3538 2
3536 3537 1
3535 3536 2
3534 3535 1
3533 3534 2
3532 3533 1
3531 3532 2
3530 3531 1
3529 3530 2
3528 3529 1
3527 3528 2
3526 3527 1
3525 3526 2
3524 3525 1
3523 3524 2
3522 3523 1
3521 3522 2
3520 3521 1
3519 3520 2
3518 3519 1
3517 3518 2
3516 3517 1
3515 3516 2
3514 3515 1
3513 3514 2
3512 3513 1
3511 3512 2
3510 3511 1
3509 3510 2
3508 3509 1
3507 3508 2
3506 3507 1
3505 3506 2
3504 3505 1
3503 3504 2
3502 3503 1
3501 3502 2
3500 3501 1
3499 3500 2
3498 3499 1
3497 3498 2
3496 3497 1
3495 3496 2
3494 3495 1
3493 3494 2
3492 3493 1
3491 3492 2
3490 3491 1
3489 3490 2
3488 3489 1
3487 3488 2
3486 3487 1
3485 3486 2
3484 3485 1
3483 3484 2
3482 3483 1
3481 3482 2
3480 3481 1
3479 3480 2
3478 3479 1
3477 3478 2
3476 3477 1
3475 3476 2
3474 3475 1
3473 3474 2
3472 3473 1
3471 3472 2
3470 3471 1
3469 3470 2
3468 3469 1
3467 3468 2
3466 3467 1
3465 3466 2
3464 3465 1
3463 3464 2
3462 3463 1
3461 3462 2
3460 3461 1
3459 3460 2
3458 3459 1
3457 3458 2
3456 3457 1
3455 3456 2
3454 3455 1
3453 3454 2
3452 3453 1
3451 3452 2
3450 3451 1
3449 3450 2
3448 3449 1
3447 3448 2
3446 3447 1
3445 3446 2
3444 3445 1
3443 3444 2
3442 3443 1
3441 3442 2
3440 3441 1
3439 3440 2
3438 3439 1
3437 3438 2
3436 3437 1
3435 3436 2
3434 3435 1
3433 3434 2
3432 3433 1
3431 3432 2
3430 3431 1
3429 3430 2
3428 3429 1
3427 3428 2
3426 3427 1
3425 3426 2
3424 3425 1
3423 3424 2
3422 3423 1
3421 3422 2
3420 3421 1
3419 3420 2
3418 3419 1
3417 3418 2
3416 3417 1
3415 3416 2
3414 3415 1
3413 3414 2
3412 3413 1
3411 3412 2
3410 3411 1
3409 3410 2
3408 3409 1
3407 3408 2
3406 3407 1
3405 3406 2
3404 3405 1
3403 3404 2
3402 3403 1
3401 3402 2
3400 3401 1
3399 3400 2
3398 3399 1
3397 3398 2
3396 3397 1
3395 3396 2
3394 3395 1
3393 3394 2
3392 3393 1
3391 3392 2
3390 3391 1
3389 3390 2
3388 3389 1
3387 3388 2
3386 3387 1
3385 3386 2
3384 3385 1
3383 3384 2
3382 3383 1
3381 3382 2
3380 3381 1
3379 3380 2
3378 3379 1
3377 3378 2
3376 3377 1
3375 3376 2
3374 3375 1
3373 3374 2
3372 3373 1
3371 3372 2
3370 3371 1
3369 3370 2
3368 3369 1
3367 3368 2
3366 3367 1
3365 3366 2
3364 3365 1
3363 3364 2
3362 3363 1
3361 3362 2
3360 3361 1
3359 3360 2
3358 3359 1
3357 3358 2
3356 3357 1
3355 3356 2
3354 3355 1
3353 3354 2
3352 3353 1
3351 3352 2
3350 3351 1
3349 3350 2
3348 3349 1
3347 3348 2
3346 3347 1
3345 3346 2
3344 3345 1
3343 3344 2
3342 3343 1
3341 3342 2
3340 3341 1
3339 3340 2
3338 3339 1
3337 3338 2
3336 3337 1
3335 3336 2
3334 3335 1
3333 3334 2
3332 3333 1
3331 3332 2
3330 3331 1
3329 3330 2
3328 3329 1
3327 3328 2
3326 3327 1
3325 3326 2
3324 3325 1
3323 3324 2
3322 3323 1
3321 3322 2
3320 3321 1
3319 3320 2
3318 3319 1
3317 3318 2
3316 3317 1
3315 3316 2
3314 3315 1
3313 3314 2
3312 3313 1
3311 3312 2
3310 3311 1
3309 3310 2
3308 3309 1
3307 3308 2
3306 3307 1
3305 3306 2
3304 3305 1
3303 3304 2
3302 3303 1
3301 3302 2
3300 3301 1
3299 3300 2
3298 3299 1
3297 3298 2
3296 3297 1
3295 3296 2
3294 3295 1
3293 3294 2
3292 3293 1
3291 3292 2
3290 3291 1
3289 3290 2
3288 3289 1
3287 3288 2
3286 3287 1
3285 3286 2
3284 3285 1
3283 3284 2
3282 3283 1
3281 3282 2
3280 3281 1
3279 3280 2
3278 3279 1
3277 3278 2
3276 3277 1
3275 3276 2
3274 3275 1
3273 3274 2
3272 3273 1
3271 3272 2
3270 3271 1
3269 3270 2
3268 3269 1
3267 3268 2
3266 3267 1
3265 3266 2
3264 3265 1
3263 3264 2
3262 3263 1
3261 3262 2
3260 3261 1
3259 3260 2
3258 3259 1
3257 3258 2
3256 3257 1
3255 3256 2
3254 3255 1
3253 3254 2
3252 3253 1
3251 3252 2
3250 3251 1
3249 3250 2
3248 3249 1
3247 3248 2
3246 3247 1
3245 3246 2
3244 3245 1
3243 3244 2
3242 3243 1
3241 3242 2
3240 3241 1
3239 3240 2
3238 3239 1
3237 3238 2
3236 3237 1
3235 3236 2
3234 3235 1
3233 3234 2
3232 3233 1
3231 3232 2
3230 3231 1
3229 3230 2
3228 3229 1
3227 3228 2
3226 3227 1
3225 3226 2
3224 3225 1
3223 3224 2
3222 3223 1
3221 3222 2
3220 3221 1
3219 3220 2
3218 3219 1
3217 3218 2
3216 3217 1
3215 3216 2
3214 3215 1
3213 3214 2
3212 3213 1
3211 3212 2
3210 3211 1
3209 3210 2
3208 3209 1
3207 3208 2
3206 3207 1
3205 3206 2
3204 3205 1
3203 3204 2
3202 3203 1
3201 3202 2
3200 3201 1
3199 3200 2
3198 3199 1
3197 3198 2
3196 3197 1
3195 3196 2
3194 3195 1
3193 3194 2
3192 3193 1
3191 3192 2
3190 3191 1
3189 3190 2
3188 3189 1
3187 3188 2
3186 3187 1
3185 3186 2
3184 3185 1
3183 3184 2
3182 3183 1
3181 3182 2
3180 3181 1
3179 3180 2
3178 3179 1
3177 3178 2
3176 3177 1
3175 3176 2
3174 3175 1
3173 3174 2
3172 3173 1
3171 3172 2
3170 3171 1
3169 3170 2
3168 3169 1
3167 3168 2
3166 3167 1
3165 3166 2
3164 3165 1
3163 3164 2
3162 3163 1
3161 3162 2
3160 3161 1
3159 3160 2
3158 3159 1
3157 3158 2
3156 3157 1
3155 3156 2
3154 3155 1
3153 3154 2
3152 3153 1
3151 3152 2
3150 3151 1
3149 3150 2
3148 3149 1
3147 3148 2
3146 3147 1
3145 3146 2
3144 3145 1
3143 3144 2
3142 3143 1
3141 3142 2
3140 3141 1
3139 3140 2
3138 3139 1
3137 3138 2
3136 3137 1
3135 3136 2
3134 3135 1
3133 3134 2
3132 3133 1
3131 3132 2
3130 3131 1
3129 3130 2
3128 3129 1
3127 3128 2
3126 3127 1
3125 3126 2
3124 3125 1
3123 3124 2
3122 3123 1
3121 3122 2
3120 3121 1
3119 3120 2
3118 3119 1
3117 3118 2
3116 3117 1
3115 3116 2
3114 3115 1
3113 3114 2
3112 3113 1
3111 3112 2
3110 3111 1
3109 3110 2
3108 3109 1
3107 3108 2
3106 3107 1
3105 3106 2
3104 3105 1
3103 3104 2
3102 3103 1
3101 3102 2
3100 3101 1
3099 3100 2
3098 3099 1
3097 3098 2
3096 3097 1
3095 3096 2
3094 3095 1
3093 3094 2
3092 3093 1
3091 3092 2
3090 3091 1
3089 3090 2
3088 3089 1
3087 3088 2
3086 3087 1
3085 3086 2
3084 3085 1
3083 3084 2
3082 3083 1
3081 3082 2
3080 3081 1
3079 3080 2
3078 3079 1
3077 3078 2
3076 3077 1
3075 3076 2
3074 3075 1
3073 3074 2
3072 3073 1
3071 3072 2
3070 3071 1
3069 3070 2
3068 3069 1
3067 3068 2
3066 3067 1
3065 3066 2
3064 3065 1
3063 3064 2
3062 3063 1
3061 3062 2
3060 3061 1
3059 3060 2
3058 3059 1
3057 3058 2
3056 3057 1
3055 3056 2
3054 3055 1
3053 3054 2
3052 3053 1
3051 3052 2
3050 3051 1
3049 3050 2
3048 3049 1
3047 3048 2
3046 3047 1
3045 3046 2
3044 3045 1
3043 3044 2
3042 3043 1
3041 3042 2
3040 3041 1
3039 3040 2
3038 3039 1
3037 3038 2
3036 3037 1
3035 3036 2
3034 3035 1
3033 3034 2
3032 3033 1
3031 3032 2
3030 3031 1
3029 3030 2
3028 3029 1
3027 3028 2
3026 3027 1
3025 3026 2
3024 3025 1
3023 3024 2
3022 3023 1
3021 3022 2
3020 3021 1
3019 3020 2
3018 3019 1
3017 3018 2
3016 3017 1
3015 3016 2
3014 3015 1
3013 3014 2
3012 3013 1
3011 3012 2
3010 3011 1
3009 3010 2
3008 3009 1
3007 3008 2
3006 3007 1
3005 3006 2
3004 3005 1
3003 3004 2
3002 3003 1
3001 3002 2
3000 3001 1
2999 3000 2
2998 2999 1
2997 2998 2
2996 2997 1
2995 2996 2
2994 2995 1
2993 2994 2
2992 2993 1
2991 2992 2
2990 2991 1
2989 2990 2
2988 2989 1
2987 2988 2
2986 2987 1
2985 2986 2
2984 2985 1
2983 2984 2
2982 2983 1
2981 2982 2
2980 2981 1
2979 2980 2
2978 2979 1
2977 2978 2
2976 2977 1
2975 2976 2
2974 2975 1
2973 2974 2
2972 2973 1
2971 2972 2
2970 2971 1
2969 2970 2
2968 2969 1
2967 2968 2
2966 2967 1
2965 2966 2
2964 2965 1
2963 2964 2
2962 2963 1
2961 2962 2
2960 2961 1
2959 2960 2
2958 2959 1
2957 2958 2
2956 2957 1
2955 2956 2
2954 2955 1
2953 2954 2
2952 2953 1
2951 2952 2
2950 2951 1
2949 2950 2
2948 2949 1
2947 2948 2
2946 2947 1
2945 2946 2
2944 2945 1
2943 2944 2
2942 2943 1
2941 2942 2
2940 2941 1
2939 2940 2
2938 2939 1
2937 2938 2
2936 2937 1
2935 2936 2
2934 2935 1
2933 2934 2
2932 2933 1
2931 2932 2
2930 2931 1
2929 2930 2
2928 2929 1
2927 2928 2
2926 2927 1
2925 2926 2
2924 2925 1
2923 2924 2
2922 2923 1
2921 2922 2
2920 2921 1
2919 2920 2
2918 2919 1
2917 2918 2
2916 2917 1
2915 2916 2
2914 2915 1
2913 2914 2
2912 2913 1
2911 2912 2
2910 2911 1
2909 2910 2
2908 2909 1
2907 2908 2
2906 2907 1
2905 2906 2
2904 2905 1
2903 2904 2
2902 2903 1
2901 2902 2
2900 2901 1
2899 2900 2
2898 2899 1
2897 2898 2
2896 2897 1
2895 2896 2
2894 2895 1
2893 2894 2
2892 2893 1
2891 2892 2
2890 2891 1
2889 2890 2
2888 2889 1
2887 2888 2
2886 2887 1
2885 2886 2
2884 2885 1
2883 2884 2
2882 2883 1
2881 2882 2
2880 2881 1
2879 2880 2
2878 2879 1
2877 2878 2
2876 2877 1
2875 2876 2
2874 2875 1
2873 2874 2
2872 2873 1
2871 2872 2
2870 2871 1
2869 2870 2
2868 2869 1
2867 2868 2
2866 2867 1
2865 2866 2
2864 2865 1
2863 2864 2
2862 2863 1
2861 2862 2
2860 2861 1
2859 2860 2
2858 2859 1
2857 2858 2
2856 2857 1
2855 2856 2
2854 2855 1
2853 2854 2
2852 2853 1
2851 2852 2
2850 2851 1
2849 2850 2
2848 2849 1
2847 2848 2
2846 2847 1
2845 2846 2
2844 2845 1
2843 2844 2
2842 2843 1
2841 2842 2
2840 2841 1
2839 2840 2
2838 2839 1
2837 2838 2
2836 2837 1
2835 2836 2
2834 2835 1
2833 2834 2
2832 2833 1
2831 2832 2
2830 2831 1
2829 2830 2
2828 2829 1
2827 2828 2
2826 2827 1
2825 2826 2
2824 2825 1
2823 2824 2
2822 2823 1
2821 2822 2
2820 2821 1
2819 2820 2
2818 2819 1
2817 2818 2
2816 2817 1
2815 2816 2
2814 2815 1
2813 2814 2
2812 2813 1
2811 2812 2
2810 2811 1
2809 2810 2
2808 2809 1
2807 2808 2
2806 2807 1
2805 2806 2
2804 2805 1
2803 2804 2
2802 2803 1
2801 2802 2
2800 2801 1
2799 2800 2
2798 2799 1
2797 2798 2
2796 2797 1
2795 2796 2
2794 2795 1
2793 2794 2
2792 2793 1
2791 2792 2
2790 2791 1
2789 2790 2
2788 2789 1
2787 2788 2
2786 2787 1
2785 2786 2
2784 2785 1
2783 2784 2
2782 2783 1
2781 2782 2
2780 2781 1
2779 2780 2
2778 2779 1
2777 2778 2
2776 2777 1
2775 2776 2
2774 2775 1
2773 2774 2
2772 2773 1
2771 2772 2
2770 2771 1
2769 2770 2
2768 2769 1
2767 2768 2
2766 2767 1
2765 2766 2
2764 2765 1
2763 2764 2
2762 2763 1
2761 2762 2
2760 2761 1
2759 2760 2
2758 2759 1
2757 2758 2
2756 2757 1
2755 2756 2
2754 2755 1
2753 2754 2
2752 2753 1
2751 2752 2
2750 2751 1
2749 2750 2
2748 2749 1
2747 2748 2
2746 2747 1
2745 2746 2
2744 2745 1
2743 2744 2
2742 2743 1
2741 2742 2
2740 2741 1
2739 2740 2
2738 2739 1
2737 2738 2
2736 2737 1
2735 2736 2
2734 2735 1
2733 2734 2
2732 2733 1
2731 2732 2
2730 2731 1
2729 2730 2
2728 2729 1
2727 2728 2
2726 2727 1
2725 2726 2
2724 2725 1
2723 2724 2
2722 2723 1
2721 2722 2
2720 2721 1
2719 2720 2
2718 2719 1
2717 2718 2
2716 2717 1
2715 2716 2
2714 2715 1
2713 2714 2
2712 2713 1
2711 2712 2
2710 2711 1
2709 2710 2
2708 2709 1
2707 2708 2
2706 2707 1
2705 2706 2
2704 2705 1
2703 2704 2
2702 2703 1
2701 2702 2
2700 2701 1
2699 2700 2
2698 2699 1
2697 2698 2
2696 2697 1
2695 2696 2
2694 2695 1
2693 2694 2
2692 2693 1
2691 2692 2
2690 2691 1
2689 2690 2
2688 2689 1
2687 2688 2
2686 2687 1
2685 2686 2
2684 2685 1
2683 2684 2
2682 2683 1
2681 2682 2
2680 2681 1
2679 2680 2
2678 2679 1
2677 2678 2
2676 2677 1
2675 2676 2
2674 2675 1
2673 2674 2
2672 2673 1
2671 2672 2
2670 2671 1
2669 2670 2
2668 2669 1
2667 2668 2
2666 2667 1
2665 2666 2
2664 2665 1
2663 2664 2
2662 2663 1
2661 2662 2
2660 2661 1
2659 2660 2
2658 2659 1
2657 2658 2
2656 2657 1
2655 2656 2
2654 2655 1
2653 2654 2
2652 2653 1
2651 2652 2
2650 2651 1
2649 2650 2
2648 2649 1
2647 2648 2
2646 2647 1
2645 2646 2
2644 2645 1
2643 2644 2
2642 2643 1
2641 2642 2
2640 2641 1
2639 2640 2
2638 2639 1
2637 2638 2
2636 2637 1
2635 2636 2
2634 2635 1
2633 2634 2
2632 2633 1
2631 2632 2
2630 2631 1
2629 2630 2
2628 2629 1
2627 2628 2
2626 2627 1
2625 2626 2
2624 2625 1
2623 2624 2
2622 2623 1
2621 2622 2
2620 2621 1
2619 2620 2
2618 2619 1
2617 2618 2
2616 2617 1
2615 2616 2
2614 2615 1
2613 2614 2
2612 2613 1
2611 2612 2
2610 2611 1
2609 2610 2
2608 2609 1
2607 2608 2
2606 2607 1
2605 2606 2
2604 2605 1
2603 2604 2
2602 2603 1
2601 2602 2
2600 2601 1
2599 2600 2
2598 2599 1
2597 2598 2
2596 2597 1
2595 2596 2
2594 2595 1
2593 2594 2
2592 2593 1
2591 2592 2
2590 2591 1
2589 2590 2
2588 2589 1
2587 2588 2
2586 2587 1
2585 2586 2
2584 2585 1
2583 2584 2
2582 2583 1
2581 2582 2
2580 2581 1
2579 2580 2
2578 2579 1
2577 2578 2
2576 2577 1
2575 2576 2
2574 2575 1
2573 2574 2
2572 2573 1
2571 2572 2
2570 2571 1
2569 2570 2
2568 2569 1
2567 2568 2
2566 2567 1
2565 2566 2
2564 2565 1
2563 2564 2
2562 2563 1
2561 2562 2
2560 2561 1
2559 2560 2
2558 2559 1
2557 2558 2
2556 2557 1
2555 2556 2
2554 2555 1
2553 2554 2
2552 2553 1
2551 2552 2
2550 2551 1
2549 2550 2
2548 2549 1
2547 2548 2
2546 2547 1
2545 2546 2
2544 2545 1
2543 2544 2
2542 2543 1
2541 2542 2
2540 2541 1
2539 2540 2
2538 2539 1
2537 2538 2
2536 2537 1
2535 2536 2
2534 2535 1
2533 2534 2
2532 2533 1
2531 2532 2
2530 2531 1
2529 2530 2
2528 2529 1
2527 2528 2
2526 2527 1
2525 2526 2
2524 2525 1
2523 2524 2
2522 2523 1
2521 2522 2
2520 2521 1
2519 2520 2
2518 2519 1
2517 2518 2
2516 2517 1
2515 2516 2
2514 2515 1
2513 2514 2
2512 2513 1
2511 2512 2
2510 2511 1
2509 2510 2
2508 2509 1
2507 2508 2
2506 2507 1
2505 2506 2
2504 2505 1
2503 2504 2
2502 2503 1
2501 2502 2
2500 2501 1
2499 2500 2
2498 2499 1
2497 2498 2
2496 2497 1
2495 2496 2
2494 2495 1
2493 2494 2
2492 2493 1
2491 2492 2
2490 2491 1
2489 2490 2
2488 2489 1
2487 2488 2
2486 2487 1
2485 2486 2
2484 2485 1
2483 2484 2
2482 2483 1
2481 2482 2
2480 2481 1
2479 2480 2
2478 2479 1
2477 2478 2
2476 2477 1
2475 2476 2
2474 2475 1
2473 2474 2
2472 2473 1
2471 2472 2
2470 2471 1
2469 2470 2
2468 2469 1
2467 2468 2
2466 2467 1
2465 2466 2
2464 2465 1
2463 2464 2
2462 2463 1
2461 2462 2
2460 2461 1
2459 2460 2
2458 2459 1
2457 2458 2
2456 2457 1
2455 2456 2
2454 2455 1
2453 2454 2
2452 2453 1
2451 2452 2
2450 2451 1
2449 2450 2
2448 2449 1
2447 2448 2
2446 2447 1
2445 2446 2
2444 2445 1
2443 2444 2
2442 2443 1
2441 2442 2
2440 2441 1
2439 2440 2
2438 2439 1
2437 2438 2
2436 2437 1
2435 2436 2
2434 2435 1
2433 2434 2
2432 2433 1
2431 2432 2
2430 2431 1
2429 2430 2
2428 2429 1
2427 2428 2
2426 2427 1
2425 2426 2
2424 2425 1
2423 2424 2
2422 2423 1
2421 2422 2
2420 2421 1
2419 2420 2
2418 2419 1
2417 2418 2
2416 2417 1
2415 2416 2
2414 2415 1
2413 2414 2
2412 2413 1
2411 2412 2
2410 2411 1
2409 2410 2
2408 2409 1
2407 2408 2
2406 2407 1
2405 2406 2
2404 2405 1
2403 2404 2
2402 2403 1
2401 2402 2
2400 2401 1
2399 2400 2
2398 2399 1
2397 2398 2
2396 2397 1
2395 2396 2
2394 2395 1
2393 2394 2
2392 2393 1
2391 2392 2
2390 2391 1
2389 2390 2
2388 2389 1
2387 2388 2
2386 2387 1
2385 2386 2
2384 2385 1
2383 2384 2
2382 2383 1
2381 2382 2
2380 2381 1
2379 2380 2
2378 2379 1
2377 2378 2
2376 2377 1
2375 2376 2
2374 2375 1
2373 2374 2
2372 2373 1
2371 2372 2
2370 2371 1
2369 2370 2
2368 2369 1
2367 2368 2
2366 2367 1
2365 2366 2
2364 2365 1
2363 2364 2
2362 2363 1
2361 2362 2
2360 2361 1
2359 2360 2
2358 2359 1
2357 2358 2
2356 2357 1
2355 2356 2
2354 2355 1
2353 2354 2
2352 2353 1
2351 2352 2
2350 2351 1
2349 2350 2
2348 2349 1
2347 2348 2
2346 2347 1
2345 2346 2
2344 2345 1
2343 2344 2
2342 2343 1
2341 2342 2
2340 2341 1
2339 2340 2
2338 2339 1
2337 2338 2
2336 2337 1
2335 2336 2
2334 2335 1
2333 2334 2
2332 2333 1
2331 2332 2
2330 2331 1
2329 2330 2
2328 2329 1
2327 2328 2
2326 2327 1
2325 2326 2
2324 2325 1
2323 2324 2
2322 2323 1
2321 2322 2
2320 2321 1
2319 2320 2
2318 2319 1
2317 2318 2
2316 2317 1
2315 2316 2
2314 2315 1
2313 2314 2
2312 2313 1
2311 2312 2
2310 2311 1
2309 2310 2
2308 2309 1
2307 2308 2
2306 2307 1
2305 2306 2
2304 2305 1
2303 2304 2
2302 2303 1
2301 2302 2
2300 2301 1
2299 2300 2
2298 2299 1
2297 2298 2
2296 2297 1
2295 2296 2
2294 2295 1
2293 2294 2
2292 2293 1
2291 2292 2
2290 2291 1
2289 2290 2
2288 2289 1
2287 2288 2
2286 2287 1
2285 2286 2
2284 2285 1
2283 2284 2
2282 2283 1
2281 2282 2
2280 2281 1
2279 2280 2
2278 2279 1
2277 2278 2
2276 2277 1
2275 2276 2
2274 2275 1
2273 2274 2
2272 2273 1
2271 2272 2
2270 2271 1
2269 2270 2
2268 2269 1
2267 2268 2
2266 2267 1
2265 2266 2
2264 2265 1
2263 2264 2
2262 2263 1
2261 2262 2
2260 2261 1
2259 2260 2
2258 2259 1
2257 2258 2
2256 2257 1
2255 2256 2
2254 2255 1
2253 2254 2
2252 2253 1
2251 2252 2
2250 2251 1
2249 2250 2
2248 2249 1
2247 2248 2
2246 2247 1
2245 2246 2
2244 2245 1
2243 2244 2
2242 2243 1
2241 2242 2
2240 2241 1
2239 2240 2
2238 2239 1
2237 2238 2
2236 2237 1
2235 2236 2
2234 2235 1
2233 2234 2
2232 2233 1
2231 2232 2
2230 2231 1
2229 2230 2
2228 2229 1
2227 2228 2
2226 2227 1
2225 2226 2
2224 2225 1
2223 2224 2
2222 2223 1
2221 2222 2
2220 2221 1
2219 2220 2
2218 2219 1
2217 2218 2
2216 2217 1
2215 2216 2
2214 2215 1
2213 2214 2
2212 2213 1
2211 2212 2
2210 2211 1
2209 2210 2
2208 2209 1
2207 2208 2
2206 2207 1
2205 2206 2
2204 2205 1
2203 2204 2
2202 2203 1
2201 2202 2
2200 2201 1
2199 2200 2
2198 2199 1
2197 2198 2
2196 2197 1
2195 2196 2
2194 2195 1
2193 2194 2
2192 2193 1
2191 2192 2
2190 2191 1
2189 2190 2
2188 2189 1
2187 2188 2
2186 2187 1
2185 2186 2
2184 2185 1
2183 2184 2
2182 2183 1
2181 2182 2
2180 2181 1
2179 2180 2
2178 2179 1
2177 2178 2
2176 2177 1
2175 2176 2
2174 2175 1
2173 2174 2
2172 2173 1
2171 2172 2
2170 2171 1
2169 2170 2
2168 2169 1
2167 2168 2
2166 2167 1
2165 2166 2
2164 2165 1
2163 2164 2
2162 2163 1
2161 2162 2
2160 2161 1
2159 2160 2
2158 2159 1
2157 2158 2
2156 2157 1
2155 2156 2
2154 2155 1
2153 2154 2
2152 2153 1
2151 2152 2
2150 2151 1
2149 2150 2
2148 2149 1
2147 2148 2
2146 2147 1
2145 2146 2
2144 2145 1
2143 2144 2
2142 2143 1
2141 2142 2
2140 2141 1
2139 2140 2
2138 2139 1
2137 2138 2
2136 2137 1
2135 2136 2
2134 2135 1
2133 2134 2
2132 2133 1
2131 2132 2
2130 2131 1
2129 2130 2
2128 2129 1
2127 2128 2
2126 2127 1
2125 2126 2
2124 2125 1
2123 2124 2
2122 2123 1
2121 2122 2
2120 2121 1
2119 2120 2
2118 2119 1
2117 2118 2
2116 2117 1
2115 2116 2
2114 2115 1
2113 2114 2
2112 2113 1
2111 2112 2
2110 2111 1
2109 2110 2
2108 2109 1
2107 2108 2
2106 2107 1
2105 2106 2
2104 2105 1
2103 2104 2
2102 2103 1
2101 2102 2
2100 2101 1
2099 2100 2
2098 2099 1
2097 2098 2
2096 2097 1
2095 2096 2
2094 2095 1
2093 2094 2
2092 2093 1
2091 2092 2
2090 2091 1
2089 2090 2
2088 2089 1
2087 2088 2
2086 2087 1
2085 2086 2
2084 2085 1
2083 2084 2
2082 2083 1
2081 2082 2
2080 2081 1
2079 2080 2
2078 2079 1
2077 2078 2
2076 2077 1
2075 2076 2
2074 2075 1
2073 2074 2
2072 2073 1
2071 2072 2
2070 2071 1
2069 2070 2
2068 2069 1
2067 2068 2
2066 2067 1
2065 2066 2
2064 2065 1
2063 2064 2
2062 2063 1
2061 2062 2
2060 2061 1
2059 2060 2
2058 2059 1
2057 2058 2
2056 2057 1
2055 2056 2
2054 2055 1
2053 2054 2
2052 2053 1
2051 2052 2
2050 2051 1
2049 2050 2
2048 2049 1
2047 2048 2
2046 2047 1
2045 2046 2
2044 2045 1
2043 2044 2
2042 2043 1
2041 2042 2
2040 2041 1
2039 2040 2
2038 2039 1
2037 2038 2
2036 2037 1
2035 2036 2
2034 2035 1
2033 2034 2
2032 2033 1
2031 2032 2
2030 2031 1
2029 2030 2
2028 2029 1
2027 2028 2
2026 2027 1
2025 2026 2
2024 2025 1
2023 2024 2
2022 2023 1
2021 2022 2
2020 2021 1
2019 2020 2
2018 2019 1
2017 2018 2
2016 2017 1
2015 2016 2
2014 2015 1
2013 2014 2
2012 2013 1
2011 2012 2
2010 2011 1
2009 2010 2
2008 2009 1
2007 2008 2
2006 2007 1
2005 2006 2
2004 2005 1
2003 2004 2
2002 2003 1
2001 2002 2
2000 2001 1
1999 2000 2
1998 1999 1
1997 1998 2
1996 1997 1
1995 1996 2
1994 1995 1
1993 1994 2
1992 1993 1
1991 1992 2
1990 1991 1
1989 1990 2
1988 1989 1
1987 1988 2
1986 1987 1
1985 1986 2
1984 1985 1
1983 1984 2
1982 1983 1
1981 1982 2
1980 1981 1
1979 1980 2
1978 1979 1
1977 1978 2
1976 1977 1
1975 1976 2
1974 1975 1
1973 1974 2
1972 1973 1
1971 1972 2
1970 1971 1
1969 1970 2
1968 1969 1
1967 1968 2
1966 1967 1
1965 1966 2
1964 1965 1
1963 1964 2
1962 1963 1
1961 1962 2
1960 1961 1
1959 1960 2
1958 1959 1
1957 1958 2
1956 1957 1
1955 1956 2
1954 1955 1
1953 1954 2
1952 1953 1
1951 1952 2
1950 1951 1
1949 1950 2
1948 1949 1
1947 1948 2
1946 1947 1
1945 1946 2
1944 1945 1
1943 1944 2
1942 1943 1
1941 1942 2
1940 1941 1
1939 1940 2
1938 1939 1
1937 1938 2
1936 1937 1
1935 1936 2
1934 1935 1
1933 1934 2
1932 1933 1
1931 1932 2
1930 1931 1
1929 1930 2
1928 1929 1
1927 1928 2
1926 1927 1
1925 1926 2
1924 1925 1
1923 1924 2
1922 1923 1
1921 1922 2
1920 1921 1
1919 1920 2
1918 1919 1
1917 1918 2
1916 1917 1
1915 1916 2
1914 1915 1
1913 1914 2
1912 1913 1
1911 1912 2
1910 1911 1
1909 1910 2
1908 1909 1
1907 1908 2
1906 1907 1
1905 1906 2
1904 1905 1
1903 1904 2
1902 1903 1
1901 1902 2
1900 1901 1
1899 1900 2
1898 1899 1
1897 1898 2
1896 1897 1
1895 1896 2
1894 1895 1
1893 1894 2
1892 1893 1
1891 1892 2
1890 1891 1
1889 1890 2
1888 1889 1
1887 1888 2
1886 1887 1
1885 1886 2
1884 1885 1
1883 1884 2
1882 1883 1
1881 1882 2
1880 1881 1
1879 1880 2
1878 1879 1
1877 1878 2
1876 1877 1
1875 1876 2
1874 1875 1
1873 1874 2
1872 1873 1
1871 1872 2
1870 1871 1
1869 1870 2
1868 1869 1
1867 1868 2
1866 1867 1
1865 1866 2
1864 1865 1
1863 1864 2
1862 1863 1
1861 1862 2
1860 1861 1
1859 1860 2
1858 1859 1
1857 1858 2
1856 1857 1
1855 1856 2
1854 1855 1
1853 1854 2
1852 1853 1
1851 1852 2
1850 1851 1
1849 1850 2
1848 1849 1
1847 1848 2
1846 1847 1
1845 1846 2
1844 1845 1
1843 1844 2
1842 1843 1
1841 1842 2
1840 1841 1
1839 1840 2
1838 1839 1
1837 1838 2
1836 1837 1
1835 1836 2
1834 1835 1
1833 1834 2
1832 1833 1
1831 1832 2
1830 1831 1
1829 1830 2
1828 1829 1
1827 1828 2
1826 1827 1
1825 1826 2
1824 1825 1
1823 1824 2
1822 1823 1
1821 1822 2
1820 1821 1
1819 1820 2
1818 1819 1
1817 1818 2
1816 1817 1
1815 1816 2
1814 1815 1
1813 1814 2
1812 1813 1
1811 1812 2
1810 1811 1
1809 1810 2
1808 1809 1
1807 1808 2
1806 1807 1
1805 1806 2
1804 1805 1
1803 1804 2
1802 1803 1
1801 1802 2
1800 1801 1
1799 1800 2
1798 1799 1
1797 1798 2
1796 1797 1
1795 1796 2
1794 1795 1
1793 1794 2
1792 1793 1
1791 1792 2
1790 1791 1
1789 1790 2
1788 1789 1
1787 1788 2
1786 1787 1
1785 1786 2
1784 1785 1
1783 1784 2
1782 1783 1
1781 1782 2
1780 1781 1
1779 1780 2
1778 1779 1
1777 1778 2
1776 1777 1
1775 1776 2
1774 1775 1
1773 1774 2
1772 1773 1
1771 1772 2
1770 1771 1
1769 1770 2
1768 1769 1
1767 1768 2
1766 1767 1
1765 1766 2
1764 1765 1
1763 1764 2
1762 1763 1
1761 1762 2
1760 1761 1
1759 1760 2
1758 1759 1
1757 1758 2
1756 1757 1
1755 1756 2
1754 1755 1
1753 1754 2
1752 1753 1
1751 1752 2
1750 1751 1
1749 1750 2
1748 1749 1
1747 1748 2
1746 1747 1
1745 1746 2
1744 1745 1
1743 1744 2
1742 1743 1
1741 1742 2
1740 1741 1
1739 1740 2
1738 1739 1
1737 1738 2
1736 1737 1
1735 1736 2
1734 1735 1
1733 1734 2
1732 1733 1
1731 1732 2
1730 1731 1
1729 1730 2
1728 1729 1
1727 1728 2
1726 1727 1
1725 1726 2
1724 1725 1
1723 1724 2
1722 1723 1
1721 1722 2
1720 1721 1
1719 1720 2
1718 1719 1
1717 1718 2
1716 1717 1
1715 1716 2
1714 1715 1
1713 1714 2
1712 1713 1
1711 1712 2
1710 1711 1
1709 1710 2
1708 1709 1
1707 1708 2
1706 1707 1
1705 1706 2
1704 1705 1
1703 1704 2
1702 1703 1
1701 1702 2
1700 1701 1
1699 1700 2
1698 1699 1
1697 1698 2
1696 1697 1
1695 1696 2
1694 1695 1
1693 1694 2
1692 1693 1
1691 1692 2
1690 1691 1
1689 1690 2
1688 1689 1
1687 1688 2
1686 1687 1
1685 1686 2
1684 1685 1
1683 1684 2
1682 1683 1
1681 1682 2
1680 1681 1
1679 1680 2
1678 1679 1
1677 1678 2
1676 1677 1
1675 1676 2
1674 1675 1
1673 1674 2
1672 1673 1
1671 1672 2
1670 1671 1
1669 1670 2
1668 1669 1
1667 1668 2
1666 1667 1
1665 1666 2
1664 1665 1
1663 1664 2
1662 1663 1
1661 1662 2
1660 1661 1
1659 1660 2
1658 1659 1
1657 1658 2
1656 1657 1
1655 1656 2
1654 1655 1
1653 1654 2
1652 1653 1
1651 1652 2
1650 1651 1
1649 1650 2
1648 1649 1
1647 1648 2
1646 1647 1
1645 1646 2
1644 1645 1
1643 1644 2
1642 1643 1
1641 1642 2
1640 1641 1
1639 1640 2
1638 1639 1
1637 1638 2
1636 1637 1
1635 1636 2
1634 1635 1
1633 1634 2
1632 1633 1
1631 1632 2
1630 1631 1
1629 1630 2
1628 1629 1
1627 1628 2
1626 1627 1
1625 1626 2
1624 1625 1
1623 1624 2
1622 1623 1
1621 1622 2
1620 1621 1
1619 1620 2
1618 1619 1
1617 1618 2
1616 1617 1
1615 1616 2
1614 1615 1
1613 1614 2
1612 1613 1
1611 1612 2
1610 1611 1
1609 1610 2
1608 1609 1
1607 1608 2
1606 1607 1
1605 1606 2
1604 1605 1
1603 1604 2
1602 1603 1
1601 1602 2
1600 1601 1
1599 1600 2
1598 1599 1
1597 1598 2
1596 1597 1
1595 1596 2
1594 1595 1
1593 1594 2
1592 1593 1
1591 1592 2
1590 1591 1
1589 1590 2
1588 1589 1
1587 1588 2
1586 1587 1
1585 1586 2
1584 1585 1
1583 1584 2
1582 1583 1
1581 1582 2
1580 1581 1
1579 1580 2
1578 1579 1
1577 1578 2
1576 1577 1
1575 1576 2
1574 1575 1
1573 1574 2
1572 1573 1
1571 1572 2
1570 1571 1
1569 1570 2
1568 1569 1
1567 1568 2
1566 1567 1
1565 1566 2
1564 1565 1
1563 1564 2
1562 1563 1
1561 1562 2
1560 1561 1
1559 1560 2
1558 1559 1
1557 1558 2
1556 1557 1
1555 1556 2
1554 1555 1
1553 1554 2
1552 1553 1
1551 1552 2
1550 1551 1
1549 1550 2
1548 1549 1
1547 1548 2
1546 1547 1
1545 1546 2
1544 1545 1
1543 1544 2
1542 1543 1
1541 1542 2
1540 1541 1
1539 1540 2
1538 1539 1
1537 1538 2
1536 1537 1
1535 1536 2
1534 1535 1
1533 1534 2
1532 1533 1
1531 1532 2
1530 1531 1
1529 1530 2
1528 1529 1
1527 1528 2
1526 1527 1
1525 1526 2
1524 1525 1
1523 1524 2
1522 1523 1
1521 1522 2
1520 1521 1
1519 1520 2
1518 1519 1
1517 1518 2
1516 1517 1
1515 1516 2
1514 1515 1
1513 1514 2
1512 1513 1
1511 1512 2
1510 1511 1
1509 1510 2
1508 1509 1
1507 1508 2
1506 1507 1
1505 1506 2
1504 1505 1
1503 1504 2
1502 1503 1
1501 1502 2
1500 1501 1
1499 1500 2
1498 1499 1
1497 1498 2
1496 1497 1
1495 1496 2
1494 1495 1
1493 1494 2
1492 1493 1
1491 1492 2
1490 1491 1
1489 1490 2
1488 1489 1
1487 1488 2
1486 1487 1
1485 1486 2
1484 1485 1
1483 1484 2
1482 1483 1
1481 1482 2
1480 1481 1
1479 1480 2
1478 1479 1
1477 1478 2
1476 1477 1
1475 1476 2
1474 1475 1
1473 1474 2
1472 1473 1
1471 1472 2
1470 1471 1
1469 1470 2
1468 1469 1
1467 1468 2
1466 1467 1
1465 1466 2
1464 1465 1
1463 1464 2
1462 1463 1
1461 1462 2
1460 1461 1
1459 1460 2
1458 1459 1
1457 1458 2
1456 1457 1
1455 1456 2
1454 1455 1
1453 1454 2
1452 1453 1
1451 1452 2
1450 1451 1
1449 1450 2
1448 1449 1
1447 1448 2
1446 1447 1
1445 1446 2
1444 1445 1
1443 1444 2
1442 1443 1
1441 1442 2
1440 1441 1
1439 1440 2
1438 1439 1
1437 1438 2
1436 1437 1
1435 1436 2
1434 1435 1
1433 1434 2
1432 1433 1
1431 1432 2
1430 1431 1
1429 1430 2
1428 1429 1
1427 1428 2
1426 1427 1
1425 1426 2
1424 1425 1
1423 1424 2
1422 1423 1
1421 1422 2
1420 1421 1
1419 1420 2
1418 1419 1
1417 1418 2
1416 1417 1
1415 1416 2
1414 1415 1
1413 1414 2
1412 1413 1
1411 1412 2
1410 1411 1
1409 1410 2
1408 1409 1
1407 1408 2
1406 1407 1
1405 1406 2
1404 1405 1
1403 1404 2
1402 1403 1
1401 1402 2
1400 1401 1
1399 1400 2
1398 1399 1
1397 1398 2
1396 1397 1
1395 1396 2
1394 1395 1
1393 1394 2
1392 1393 1
1391 1392 2
1390 1391 1
1389 1390 2
1388 1389 1
1387 1388 2
1386 1387 1
1385 1386 2
1384 1385 1
1383 1384 2
1382 1383 1
1381 1382 2
1380 1381 1
1379 1380 2
1378 1379 1
1377 1378 2
1376 1377 1
1375 1376 2
1374 1375 1
1373 1374 2
1372 1373 1
1371 1372 2
1370 1371 1
1369 1370 2
1368 1369 1
1367 1368 2
1366 1367 1
1365 1366 2
1364 1365 1
1363 1364 2
1362 1363 1
1361 1362 2
1360 1361 1
1359 1360 2
1358 1359 1
1357 1358 2
1356 1357 1
1355 1356 2
1354 1355 1
1353 1354 2
1352 1353 1
1351 1352 2
1350 1351 1
1349 1350 2
1348 1349 1
1347 1348 2
1346 1347 1
1345 1346 2
1344 1345 1
1343 1344 2
1342 1343 1
1341 1342 2
1340 1341 1
1339 1340 2
1338 1339 1
1337 1338 2
1336 1337 1
1335 1336 2
1334 1335 1
1333 1334 2
1332 1333 1
1331 1332 2
1330 1331 1
1329 1330 2
1328 1329 1
1327 1328 2
1326 1327 1
1325 1326 2
1324 1325 1
1323 1324 2
1322 1323 1
1321 1322 2
1320 1321 1
1319 1320 2
1318 1319 1
1317 1318 2
1316 1317 1
1315 1316 2
1314 1315 1
1313 1314 2
1312 1313 1
1311 1312 2
1310 1311 1
1309 1310 2
1308 1309 1
1307 1308 2
1306 1307 1
1305 1306 2
1304 1305 1
1303 1304 2
1302 1303 1
1301 1302 2
1300 1301 1
1299 1300 2
1298 1299 1
1297 1298 2
1296 1297 1
1295 1296 2
1294 1295 1
1293 1294 2
1292 1293 1
1291 1292 2
1290 1291 1
1289 1290 2
1288 1289 1
1287 1288 2
1286 1287 1
1285 1286 2
1284 1285 1
1283 1284 2
1282 1283 1
1281 1282 2
1280 1281 1
1279 1280 2
1278 1279 1
1277 1278 2
1276 1277 1
1275 1276 2
1274 1275 1
1273 1274 2
1272 1273 1
1271 1272 2
1270 1271 1
1269 1270 2
1268 1269 1
1267 1268 2
1266 1267 1
1265 1266 2
1264 1265 1
1263 1264 2
1262 1263 1
1261 1262 2
1260 1261 1
1259 1260 2
1258 1259 1
1257 1258 2
1256 1257 1
1255 1256 2
1254 1255 1
1253 1254 2
1252 1253 1
1251 1252 2
1250 1251 1
1249 1250 2
1248 1249 1
1247 1248 2
1246 1247 1
1245 1246 2
1244 1245 1
1243 1244 2
1242 1243 1
1241 1242 2
1240 1241 1
1239 1240 2
1238 1239 1
1237 1238 2
1236 1237 1
1235 1236 2
1234 1235 1
1233 1234 2
1232 1233 1
1231 1232 2
1230 1231 1
1229 1230 2
1228 1229 1
1227 1228 2
1226 1227 1
1225 1226 2
1224 1225 1
1223 1224 2
1222 1223 1
1221 1222 2
1220 1221 1
1219 1220 2
1218 1219 1
1217 1218 2
1216 1217 1
1215 1216 2
1214 1215 1
1213 1214 2
1212 1213 1
1211 1212 2
1210 1211 1
1209 1210 2
1208 1209 1
1207 1208 2
1206 1207 1
1205 1206 2
1204 1205 1
1203 1204 2
1202 1203 1
1201 1202 2
1200 1201 1
1199 1200 2
1198 1199 1
1197 1198 2
1196 1197 1
1195 1196 2
1194 1195 1
1193 1194 2
1192 1193 1
1191 1192 2
1190 1191 1
1189 1190 2
1188 1189 1
1187 1188 2
1186 1187 1
1185 1186 2
1184 1185 1
1183 1184 2
1182 1183 1
1181 1182 2
1180 1181 1
1179 1180 2
1178 1179 1
1177 1178 2
1176 1177 1
1175 1176 2
1174 1175 1
1173 1174 2
1172 1173 1
1171 1172 2
1170 1171 1
1169 1170 2
1168 1169 1
1167 1168 2
1166 1167 1
1165 1166 2
1164 1165 1
1163 1164 2
1162 1163 1
1161 1162 2
1160 1161 1
1159 1160 2
1158 1159 1
1157 1158 2
1156 1157 1
1155 1156 2
1154 1155 1
1153 1154 2
1152 1153 1
1151 1152 2
1150 1151 1
1149 1150 2
1148 1149 1
1147 1148 2
1146 1147 1
1145 1146 2
1144 1145 1
1143 1144 2
1142 1143 1
1141 1142 2
1140 1141 1
1139 1140 2
1138 1139 1
1137 1138 2
1136 1137 1
1135 1136 2
1134 1135 1
1133 1134 2
1132 1133 1
1131 1132 2
1130 1131 1
1129 1130 2
1128 1129 1
1127 1128 2
1126 1127 1
1125 1126 2
1124 1125 1
1123 1124 2
1122 1123 1
1121 1122 2
1120 1121 1
1119 1120 2
1118 1119 1
1117 1118 2
1116 1117 1
1115 1116 2
1114 1115 1
1113 1114 2
1112 1113 1
1111 1112 2
1110 1111 1
1109 1110 2
1108 1109 1
1107 1108 2
1106 1107 1
1105 1106 2
1104 1105 1
1103 1104 2
1102 1103 1
1101 1102 2
1100 1101 1
1099 1100 2
1098 1099 1
1097 1098 2
1096 1097 1
1095 1096 2
1094 1095 1
1093 1094 2
1092 1093 1
1091 1092 2
1090 1091 1
1089 1090 2
1088 1089 1
1087 1088 2
1086 1087 1
1085 1086 2
1084 1085 1
1083 1084 2
1082 1083 1
1081 1082 2
1080 1081 1
1079 1080 2
1078 1079 1
1077 1078 2
1076 1077 1
1075 1076 2
1074 1075 1
1073 1074 2
1072 1073 1
1071 1072 2
1070 1071 1
1069 1070 2
1068 1069 1
1067 1068 2
1066 1067 1
1065 1066 2
1064 1065 1
1063 1064 2
1062 1063 1
1061 1062 2
1060 1061 1
1059 1060 2
1058 1059 1
1057 1058 2
1056 1057 1
1055 1056 2
1054 1055 1
1053 1054 2
1052 1053 1
1051 1052 2
1050 1051 1
1049 1050 2
1048 1049 1
1047 1048 2
1046 1047 1
1045 1046 2
1044 1045 1
1043 1044 2
1042 1043 1
1041 1042 2
1040 1041 1
1039 1040 2
1038 1039 1
1037 1038 2
1036 1037 1
1035 1036 2
1034 1035 1
1033 1034 2
1032 1033 1
1031 1032 2
1030 1031 1
1029 1030 2
1028 1029 1
1027 1028 2
1026 1027 1
1025 1026 2
1024 1025 1
1023 1024 2
1022 1023 1
1021 1022 2
1020 1021 1
1019 1020 2
1018 1019 1
1017 1018 2
1016 1017 1
1015 1016 2
1014 1015 1
1013 1014 2
1012 1013 1
1011 1012 2
1010 1011 1
1009 1010 2
1008 1009 1
1007 1008 2
1006 1007 1
1005 1006 2
1004 1005 1
1003 1004 2
1002 1003 1
1001 1002 2
1000 1001 1
999 1000 2
998 999 1
997 998 2
996 997 1
995 996 2
994 995 1
993 994 2
992 993 1
991 992 2
990 991 1
989 990 2
988 989 1
987 988 2
986 987 1
985 986 2
984 985 1
983 984 2
982 983 1
981 982 2
980 981 1
979 980 2
978 979 1
977 978 2
976 977 1
975 976 2
974 975 1
973 974 2
972 973 1
971 972 2
970 971 1
969 970 2
968 969 1
967 968 2
966 967 1
965 966 2
964 965 1
963 964 2
962 963 1
961 962 2
960 961 1
959 960 2
958 959 1
957 958 2
956 957 1
955 956 2
954 955 1
953 954 2
952 953 1
951 952 2
950 951 1
949 950 2
948 949 1
947 948 2
946 947 1
945 946 2
944 945 1
943 944 2
942 943 1
941 942 2
940 941 1
939 940 2
938 939 1
937 938 2
936 937 1
935 936 2
934 935 1
933 934 2
932 933 1
931 932 2
930 931 1
929 930 2
928 929 1
927 928 2
926 927 1
925 926 2
924 925 1
923 924 2
922 923 1
921 922 2
920 921 1
919 920 2
918 919 1
917 918 2
916 917 1
915 916 2
914 915 1
913 914 2
912 913 1
911 912 2
910 911 1
909 910 2
908 909 1
907 908 2
906 907 1
905 906 2
904 905 1
903 904 2
902 903 1
901 902 2
900 901 1
899 900 2
898 899 1
897 898 2
896 897 1
895 896 2
894 895 1
893 894 2
892 893 1
891 892 2
890 891 1
889 890 2
888 889 1
887 888 2
886 887 1
885 886 2
884 885 1
883 884 2
882 883 1
881 882 2
880 881 1
879 880 2
878 879 1
877 878 2
876 877 1
875 876 2
874 875 1
873 874 2
872 873 1
871 872 2
870 871 1
869 870 2
868 869 1
867 868 2
866 867 1
865 866 2
864 865 1
863 864 2
862 863 1
861 862 2
860 861 1
859 860 2
858 859 1
857 858 2
856 857 1
855 856 2
854 855 1
853 854 2
852 853 1
851 852 2
850 851 1
849 850 2
848 849 1
847 848 2
846 847 1
845 846 2
844 845 1
843 844 2
842 843 1
841 842 2
840 841 1
839 840 2
838 839 1
837 838 2
836 837 1
835 836 2
834 835 1
833 834 2
832 833 1
831 832 2
830 831 1
829 830 2
828 829 1
827 828 2
826 827 1
825 826 2
824 825 1
823 824 2
822 823 1
821 822 2
820 821 1
819 820 2
818 819 1
817 818 2
816 817 1
815 816 2
814 815 1
813 814 2
812 813 1
811 812 2
810 811 1
809 810 2
808 809 1
807 808 2
806 807 1
805 806 2
804 805 1
803 804 2
802 803 1
801 802 2
800 801 1
799 800 2
798 799 1
797 798 2
796 797 1
795 796 2
794 795 1
793 794 2
792 793 1
791 792 2
790 791 1
789 790 2
788 789 1
787 788 2
786 787 1
785 786 2
784 785 1
783 784 2
782 783 1
781 782 2
780 781 1
779 780 2
778 779 1
777 778 2
776 777 1
775 776 2
774 775 1
773 774 2
772 773 1
771 772 2
770 771 1
769 770 2
768 769 1
767 768 2
766 767 1
765 766 2
764 765 1
763 764 2
762 763 1
761 762 2
760 761 1
759 760 2
758 759 1
757 758 2
756 757 1
755 756 2
754 755 1
753 754 2
752 753 1
751 752 2
750 751 1
749 750 2
748 749 1
747 748 2
746 747 1
745 746 2
744 745 1
743 744 2
742 743 1
741 742 2
740 741 1
739 740 2
738 739 1
737 738 2
736 737 1
735 736 2
734 735 1
733 734 2
732 733 1
731 732 2
730 731 1
729 730 2
728 729 1
727 728 2
726 727 1
725 726 2
724 725 1
723 724 2
722 723 1
721 722 2
720 721 1
719 720 2
718 719 1
717 718 2
716 717 1
715 716 2
714 715 1
713 714 2
712 713 1
711 712 2
710 711 1
709 710 2
708 709 1
707 708 2
706 707 1
705 706 2
704 705 1
703 704 2
702 703 1
701 702 2
700 701 1
699 700 2
698 699 1
697 698 2
696 697 1
695 696 2
694 695 1
693 694 2
692 693 1
691 692 2
690 691 1
689 690 2
688 689 1
687 688 2
686 687 1
685 686 2
684 685 1
683 684 2
682 683 1
681 682 2
680 681 1
679 680 2
678 679 1
677 678 2
676 677 1
675 676 2
674 675 1
673 674 2
672 673 1
671 672 2
670 671 1
669 670 2
668 669 1
667 668 2
666 667 1
665 666 2
664 665 1
663 664 2
662 663 1
661 662 2
660 661 1
659 660 2
658 659 1
657 658 2
656 657 1
655 656 2
654 655 1
653 654 2
652 653 1
651 652 2
650 651 1
649 650 2
648 649 1
647 648 2
646 647 1
645 646 2
644 645 1
643 644 2
642 643 1
641 642 2
640 641 1
639 640 2
638 639 1
637 638 2
636 637 1
635 636 2
634 635 1
633 634 2
632 633 1
631 632 2
630 631 1
629 630 2
628 629 1
627 628 2
626 627 1
625 626 2
624 625 1
623 624 2
622 623 1
621 622 2
620 621 1
619 620 2
618 619 1
617 618 2
616 617 1
615 616 2
614 615 1
613 614 2
612 613 1
611 612 2
610 611 1
609 610 2
608 609 1
607 608 2
606 607 1
605 606 2
604 605 1
603 604 2
602 603 1
601 602 2
600 601 1
599 600 2
598 599 1
597 598 2
596 597 1
595 596 2
594 595 1
593 594 2
592 593 1
591 592 2
590 591 1
589 590 2
588 589 1
587 588 2
586 587 1
585 586 2
584 585 1
583 584 2
582 583 1
581 582 2
580 581 1
579 580 2
578 579 1
577 578 2
576 577 1
575 576 2
574 575 1
573 574 2
572 573 1
571 572 2
570 571 1
569 570 2
568 569 1
567 568 2
566 567 1
565 566 2
564 565 1
563 564 2
562 563 1
561 562 2
560 561 1
559 560 2
558 559 1
557 558 2
556 557 1
555 556 2
554 555 1
553 554 2
552 553 1
551 552 2
550 551 1
549 550 2
548 549 1
547 548 2
546 547 1
545 546 2
544 545 1
543 544 2
542 543 1
541 542 2
540 541 1
539 540 2
538 539 1
537 538 2
536 537 1
535 536 2
534 535 1
533 534 2
532 533 1
531 532 2
530 531 1
529 530 2
528 529 1
527 528 2
526 527 1
525 526 2
524 525 1
523 524 2
522 523 1
521 522 2
520 521 1
519 520 2
518 519 1
517 518 2
516 517 1
515 516 2
514 515 1
513 514 2
512 513 1
511 512 2
510 511 1
509 510 2
508 509 1
507 508 2
506 507 1
505 506 2
504 505 1
503 504 2
502 503 1
501 502 2
500 501 1
499 500 2
498 499 1
497 498 2
496 497 1
495 496 2
494 495 1
493 494 2
492 493 1
491 492 2
490 491 1
489 490 2
488 489 1
487 488 2
486 487 1
485 486 2
484 485 1
483 484 2
482 483 1
481 482 2
480 481 1
479 480 2
478 479 1
477 478 2
476 477 1
475 476 2
474 475 1
473 474 2
472 473 1
471 472 2
470 471 1
469 470 2
468 469 1
467 468 2
466 467 1
465 466 2
464 465 1
463 464 2
462 463 1
461 462 2
460 461 1
459 460 2
458 459 1
457 458 2
456 457 1
455 456 2
454 455 1
453 454 2
452 453 1
451 452 2
450 451 1
449 450 2
448 449 1
447 448 2
446 447 1
445 446 2
444 445 1
443 444 2
442 443 1
441 442 2
440 441 1
439 440 2
438 439 1
437 438 2
436 437 1
435 436 2
434 435 1
433 434 2
432 433 1
431 432 2
430 431 1
429 430 2
428 429 1
427 428 2
426 427 1
425 426 2
424 425 1
423 424 2
422 423 1
421 422 2
420 421 1
419 420 2
418 419 1
417 418 2
416 417 1
415 416 2
414 415 1
413 414 2
412 413 1
411 412 2
410 411 1
409 410 2
408 409 1
407 408 2
406 407 1
405 406 2
404 405 1
403 404 2
402 403 1
401 402 2
400 401 1
399 400 2
398 399 1
397 398 2
396 397 1
395 396 2
394 395 1
393 394 2
392 393 1
391 392 2
390 391 1
389 390 2
388 389 1
387 388 2
386 387 1
385 386 2
384 385 1
383 384 2
382 383 1
381 382 2
380 381 1
379 380 2
378 379 1
377 378 2
376 377 1
375 376 2
374 375 1
373 374 2
372 373 1
371 372 2
370 371 1
369 370 2
368 369 1
367 368 2
366 367 1
365 366 2
364 365 1
363 364 2
362 363 1
361 362 2
360 361 1
359 360 2
358 359 1
357 358 2
356 357 1
355 356 2
354 355 1
353 354 2
352 353 1
351 352 2
350 351 1
349 350 2
348 349 1
347 348 2
346 347 1
345 346 2
344 345 1
343 344 2
342 343 1
341 342 2
340 341 1
339 340 2
338 339 1
337 338 2
336 337 1
335 336 2
334 335 1
333 334 2
332 333 1
331 332 2
330 331 1
329 330 2
328 329 1
327 328 2
326 327 1
325 326 2
324 325 1
323 324 2
322 323 1
321 322 2
320 321 1
319 320 2
318 319 1
317 318 2
316 317 1
315 316 2
314 315 1
313 314 2
312 313 1
311 312 2
310 311 1
309 310 2
308 309 1
307 308 2
306 307 1
305 306 2
304 305 1
303 304 2
302 303 1
301 302 2
300 301 1
299 300 2
298 299 1
297 298 2
296 297 1
295 296 2
294 295 1
293 294 2
292 293 1
291 292 2
290 291 1
289 290 2
288 289 1
287 288 2
286 287 1
285 286 2
284 285 1
283 284 2
282 283 1
281 282 2
280 281 1
279 280 2
278 279 1
277 278 2
276 277 1
275 276 2
274 275 1
273 274 2
272 273 1
271 272 2
270 271 1
269 270 2
268 269 1
267 268 2
266 267 1
265 266 2
264 265 1
263 264 2
262 263 1
261 262 2
260 261 1
259 260 2
258 259 1
257 258 2
256 257 1
255 256 2
254 255 1
253 254 2
252 253 1
251 252 2
250 251 1
249 250 2
248 249 1
247 248 2
246 247 1
245 246 2
244 245 1
243 244 2
242 243 1
241 242 2
240 241 1
239 240 2
238 239 1
237 238 2
236 237 1
235 236 2
234 235 1
233 234 2
232 233 1
231 232 2
230 231 1
229 230 2
228 229 1
227 228 2
226 227 1
225 226 2
224 225 1
223 224 2
222 223 1
221 222 2
220 221 1
219 220 2
218 219 1
217 218 2
216 217 1
215 216 2
214 215 1
213 214 2
212 213 1
211 212 2
210 211 1
209 210 2
208 209 1
207 208 2
206 207 1
205 206 2
204 205 1
203 204 2
202 203 1
201 202 2
200 201 1
199 200 2
198 199 1
197 198 2
196 197 1
195 196 2
194 195 1
193 194 2
192 193 1
191 192 2
190 191 1
189 190 2
188 189 1
187 188 2
186 187 1
185 186 2
184 185 1
183 184 2
182 183 1
181 182 2
180 181 1
179 180 2
178 179 1
177 178 2
176 177 1
175 176 2
174 175 1
173 174 2
172 173 1
171 172 2
170 171 1
169 170 2
168 169 1
167 168 2
166 167 1
165 166 2
164 165 1
163 164 2
162 163 1
161 162 2
160 161 1
159 160 2
158 159 1
157 158 2
156 157 1
155 156 2
154 155 1
153 154 2
152 153 1
151 152 2
150 151 1
149 150 2
148 149 1
147 148 2
146 147 1
145 146 2
144 145 1
143 144 2
142 143 1
141 142 2
140 141 1
139 140 2
138 139 1
137 138 2
136 137 1
135 136 2
134 135 1
133 134 2
132 133 1
131 132 2
130 131 1
129 130 2
128 129 1
127 128 2
126 127 1
125 126 2
124 125 1
123 124 2
122 123 1
121 122 2
120 121 1
119 120 2
118 119 1
117 118 2
116 117 1
115 116 2
114 115 1
113 114 2
112 113 1
111 112 2
110 111 1
109 110 2
108 109 1
107 108 2
106 107 1
105 106 2
104 105 1
103 104 2
102 103 1
101 102 2
100 101 1
99 100 2
98 99 1
97 98 2
96 97 1
95 96 2
94 95 1
93 94 2
92 93 1
91 92 2
90 91 1
89 90 2
88 89 1
87 88 2
86 87 1
85 86 2
84 85 1
83 84 2
82 83 1
81 82 2
80 81 1
79 80 2
78 79 1
77 78 2
76 77 1
75 76 2
74 75 1
73 74 2
72 73 1
71 72 2
70 71 1
69 70 2
68 69 1
67 68 2
66 67 1
65 66 2
64 65 1
63 64 2
62 63 1
61 62 2
60 61 1
59 60 2
58 59 1
57 58 2
56 57 1
55 56 2
54 55 1
53 54 2
52 53 1
51 52 2
50 51 1
49 50 2
48 49 1
47 48 2
46 47 1
45 46 2
44 45 1
43 44 2
42 43 1
41 42 2
40 41 1
39 40 2
38 39 1
37 38 2
36 37 1
35 36 2
34 35 1
33 34 2
32 33 1
31 32 2
30 31 1
29 30 2
28 29 1
27 28 2
26 27 1
25 26 2
24 25 1
23 24 2
22 23 1
21 22 2
20 21 1
19 20 2
18 19 1
17 18 2
16 17 1
15 16 2
14 15 1
13 14 2
12 13 1
11 12 2
10 11 1
9 10 2
8 9 1
7 8 2
6 7 1
5 6 2
4 5 1
3 4 2
2 3 1
1 2 2
