5000
5 6 124
5 7 125
5 8 126
5 9 127
5 10 128
5 11 129
5 12 130
5 13 131
5 14 132
4 5 53
15 16 111
15 17 112
4 15 54
19 20 167
18 19 133
4 18 55
4 21 56
4 22 57
4 23 58
4 24 59
3 4 138
25 26 191
3 25 139
27 28 141
3 27 140
3 29 141
3 30 142
3 31 143
3 32 144
3 33 145
3 34 146
3 35 147
3 36 148
3 37 149
3 38 150
3 39 151
3 40 152
3 41 153
3 42 154
3 43 155
3 44 156
3 45 157
3 46 158
3 47 159
3 48 160
3 49 161
3 50 162
3 51 163
3 52 164
3 53 165
3 54 166
3 55 167
3 56 168
3 57 169
3 58 170
3 59 171
3 60 172
3 61 173
3 62 174
3 63 175
3 64 176
3 65 177
3 66 178
3 67 179
3 68 180
3 69 181
3 70 182
3 71 183
3 72 184
3 73 185
3 74 186
3 75 187
3 76 188
3 77 189
3 78 190
3 79 191
3 80 192
3 81 193
3 82 194
2 3 57
85 86 37
84 85 100
83 84 134
89 90 195
88 89 182
87 88 13
83 87 135
2 83 58
93 94 196
93 95 197
93 96 198
92 93 98
98 99 146
97 98 95
92 97 99
100 101 195
100 102 196
92 100 100
92 103 101
92 104 102
92 105 103
91 92 80
106 107 102
106 108 103
106 109 104
106 110 105
106 111 106
91 106 81
91 112 82
91 113 83
91 114 84
91 115 85
91 116 86
91 117 87
91 118 88
91 119 89
91 120 90
91 121 91
91 122 92
91 123 93
91 124 94
91 125 95
91 126 96
91 127 97
91 128 98
91 129 99
91 130 100
91 131 101
91 132 102
91 133 103
91 134 104
91 135 105
91 136 106
91 137 107
91 138 108
91 139 109
91 140 110
91 141 111
91 142 112
91 143 113
91 144 114
91 145 115
91 146 116
91 147 117
91 148 118
91 149 119
91 150 120
91 151 121
91 152 122
91 153 123
91 154 124
91 155 125
91 156 126
91 157 127
91 158 128
91 159 129
91 160 130
91 161 131
91 162 132
91 163 133
91 164 134
91 165 135
91 166 136
91 167 137
91 168 138
91 169 139
2 91 59
175 176 179
174 175 99
177 178 199
174 177 100
173 174 64
172 173 77
179 180 199
172 179 78
172 181 79
171 172 184
170 171 196
2 170 60
182 183 172
2 182 61
2 184 62
2 185 63
2 186 64
2 187 65
2 188 66
2 189 67
2 190 68
2 191 69
2 192 70
2 193 71
2 194 72
2 195 73
2 196 74
2 197 75
2 198 76
2 199 77
2 200 78
2 201 79
2 202 80
2 203 81
2 204 82
2 205 83
2 206 84
2 207 85
2 208 86
2 209 87
2 210 88
2 211 89
2 212 90
2 213 91
2 214 92
2 215 93
2 216 94
2 217 95
2 218 96
2 219 97
2 220 98
2 221 99
2 222 100
2 223 101
2 224 102
2 225 103
2 226 104
2 227 105
2 228 106
2 229 107
2 230 108
2 231 109
2 232 110
2 233 111
2 234 112
2 235 113
2 236 114
2 237 115
2 238 117
2 239 118
2 240 119
2 241 120
2 242 121
2 243 122
2 244 123
2 245 124
2 246 125
2 247 126
2 248 127
2 249 128
2 250 129
2 251 130
2 252 131
2 253 132
2 254 133
2 255 134
2 256 135
2 257 136
2 258 137
2 259 138
2 260 139
2 261 140
2 262 141
2 263 142
2 264 143
2 265 144
2 266 145
2 267 146
2 268 147
2 269 148
2 270 149
2 271 150
2 272 151
2 273 152
1 2 116
277 278 11
276 277 9
280 281 198
279 280 132
276 279 10
283 284 72
282 283 43
276 282 11
285 286 160
276 285 12
288 289 144
288 290 145
288 291 146
287 288 100
287 292 101
287 293 102
276 287 13
295 296 52
295 297 53
294 295 189
276 294 14
299 300 185
298 299 200
298 301 1
276 298 15
276 302 16
276 303 17
276 304 18
276 305 19
276 306 20
276 307 21
275 276 106
310 311 114
309 310 21
312 313 90
309 312 22
309 314 23
308 309 182
315 316 184
308 315 183
317 318 163
308 317 184
308 319 185
275 308 107
321 322 135
320 321 73
324 325 6
323 324 121
320 323 74
326 327 109
320 326 75
328 329 133
328 330 134
320 328 76
331 332 136
320 331 77
275 320 108
335 336 130
335 337 131
334 335 22
334 338 23
334 339 24
334 340 25
333 334 178
333 341 179
333 342 180
333 343 181
333 344 182
333 345 183
333 346 184
333 347 185
333 348 186
333 349 187
333 350 188
333 351 189
333 352 190
333 353 191
333 354 192
275 333 109
355 356 40
275 355 110
358 359 93
357 358 155
275 357 111
275 360 112
275 361 113
275 362 114
275 363 115
275 364 116
275 365 117
275 366 118
275 367 119
275 368 120
275 369 121
275 370 122
275 371 123
275 372 124
275 373 125
274 275 58
376 377 133
376 378 134
375 376 84
374 375 132
379 380 159
374 379 133
374 381 134
374 382 135
374 383 136
374 384 137
374 385 138
374 386 139
374 387 140
374 388 141
374 389 142
374 390 143
374 391 144
374 392 145
374 393 146
374 394 147
274 374 59
274 395 60
274 396 61
274 397 62
274 398 63
274 399 64
274 400 65
274 401 66
274 402 67
274 403 68
274 404 69
274 405 70
274 406 71
274 407 72
274 408 73
274 409 74
274 410 75
274 411 76
274 412 77
274 413 78
274 414 79
274 415 80
274 416 81
274 417 82
274 418 83
274 419 84
274 420 85
274 421 86
274 422 87
274 423 88
274 424 89
274 425 90
274 426 91
274 427 92
274 428 93
274 429 94
274 430 95
274 431 96
274 432 97
274 433 98
274 434 99
274 435 100
274 436 101
274 437 102
274 438 103
274 439 104
274 440 105
274 441 106
274 442 107
274 443 108
274 444 109
274 445 110
274 446 111
274 447 112
274 448 113
274 449 114
274 450 115
274 451 116
274 452 118
274 453 119
274 454 120
274 455 121
274 456 122
274 457 123
274 458 124
274 459 125
274 460 126
274 461 127
274 462 128
274 463 129
274 464 130
274 465 131
274 466 132
274 467 133
274 468 134
274 469 135
274 470 136
274 471 137
274 472 138
274 473 139
274 474 140
274 475 141
274 476 142
274 477 143
274 478 144
274 479 145
274 480 146
274 481 147
274 482 148
274 483 149
274 484 150
274 485 151
274 486 152
274 487 153
274 488 154
274 489 155
274 490 156
274 491 157
274 492 158
274 493 159
274 494 160
274 495 161
274 496 162
274 497 163
274 498 164
274 499 165
274 500 166
274 501 167
274 502 168
274 503 169
274 504 170
274 505 171
274 506 172
274 507 173
274 508 174
274 509 175
274 510 176
274 511 177
274 512 178
274 513 179
274 514 180
274 515 181
274 516 182
274 517 183
274 518 184
274 519 185
274 520 186
274 521 187
274 522 188
274 523 189
274 524 190
274 525 191
274 526 192
274 527 193
274 528 194
274 529 195
274 530 196
274 531 197
274 532 198
274 533 199
274 534 200
274 535 1
274 536 2
274 537 3
274 538 4
274 539 5
274 540 6
274 541 7
274 542 8
274 543 9
274 544 10
274 545 11
274 546 12
274 547 13
1 274 117
550 551 24
550 552 25
549 550 55
554 555 192
553 554 93
549 553 56
549 556 57
549 557 58
549 558 59
549 559 60
548 549 64
563 564 28
562 563 80
565 566 15
562 565 81
562 567 82
562 568 83
562 569 84
562 570 85
562 571 86
562 572 87
562 573 88
561 562 105
575 576 139
574 575 92
574 577 93
574 578 94
574 579 95
574 580 96
561 574 106
582 583 60
581 582 10
581 584 11
561 581 107
586 587 171
586 588 172
585 586 43
585 589 44
585 590 45
561 585 108
561 591 109
561 592 110
561 593 111
561 594 112
560 561 35
596 597 129
595 596 177
595 598 178
595 599 179
595 600 180
595 601 181
595 602 182
595 603 183
595 604 184
595 605 185
595 606 186
595 607 187
595 608 188
595 609 189
595 610 190
595 611 191
595 612 192
595 613 193
595 614 194
595 615 195
595 616 196
595 617 197
595 618 198
595 619 199
595 620 200
595 621 1
595 622 2
595 623 3
595 624 4
595 625 5
595 626 6
595 627 7
595 628 8
595 629 9
595 630 10
595 631 11
595 632 12
595 633 13
595 634 14
595 635 15
595 636 16
595 637 17
595 638 18
595 639 19
595 640 20
595 641 21
560 595 36
643 644 58
642 643 118
560 642 37
647 648 11
646 647 74
645 646 193
649 650 32
645 649 194
645 651 195
645 652 196
645 653 197
645 654 198
645 655 199
560 645 38
657 658 87
656 657 24
659 660 108
656 659 25
656 661 26
560 656 39
663 664 180
662 663 147
560 662 40
666 667 91
665 666 72
665 668 73
665 669 74
665 670 75
560 665 41
671 672 145
671 673 146
560 671 42
674 675 78
560 674 43
560 676 44
560 677 45
560 678 46
560 679 47
560 680 48
548 560 65
683 684 44
682 683 143
681 682 47
688 689 200
687 688 136
687 690 137
687 691 138
686 687 110
692 693 184
686 692 111
686 694 112
686 695 113
686 696 114
686 697 115
686 698 116
686 699 117
685 686 8
700 701 61
685 700 9
702 703 147
685 702 10
704 705 81
685 704 11
685 706 12
685 707 13
685 708 14
685 709 15
685 710 16
685 711 17
685 712 18
685 713 19
681 685 48
715 716 191
714 715 6
717 718 155
714 717 7
681 714 49
720 721 7
720 722 8
719 720 6
719 723 7
719 724 8
719 725 9
681 719 50
681 726 51
681 727 52
681 728 53
681 729 54
681 730 55
681 731 56
681 732 57
681 733 58
681 734 59
681 735 60
681 736 61
681 737 62
681 738 63
681 739 64
681 740 65
548 681 66
741 742 129
548 741 67
548 743 68
548 744 69
548 745 70
548 746 71
548 747 72
548 748 73
548 749 74
548 750 75
548 751 76
548 752 77
548 753 78
548 754 79
548 755 80
548 756 81
548 757 82
548 758 83
548 759 84
548 760 85
548 761 86
548 762 87
548 763 88
548 764 89
548 765 90
548 766 91
548 767 92
548 768 93
548 769 94
548 770 95
548 771 96
548 772 97
548 773 98
548 774 99
548 775 100
548 776 101
548 777 102
548 778 103
548 779 104
548 780 105
548 781 106
548 782 107
548 783 108
548 784 109
548 785 110
548 786 111
548 787 112
548 788 113
548 789 114
548 790 115
548 791 116
548 792 117
548 793 119
548 794 120
548 795 121
548 796 122
548 797 123
548 798 124
548 799 125
548 800 126
548 801 127
548 802 128
548 803 129
548 804 130
548 805 131
548 806 132
548 807 133
1 548 118
812 813 181
811 812 24
811 814 25
811 815 26
811 816 27
811 817 28
810 811 187
818 819 40
818 820 41
818 821 42
818 822 43
810 818 188
824 825 110
824 826 111
823 824 33
810 823 189
810 827 190
810 828 191
810 829 192
810 830 193
810 831 194
810 832 195
810 833 196
809 810 79
836 837 55
836 838 56
836 839 57
836 840 58
836 841 59
836 842 60
836 843 61
836 844 62
836 845 63
836 846 64
835 836 69
847 848 111
835 847 70
835 849 71
835 850 72
835 851 73
835 852 74
835 853 75
835 854 76
835 855 77
835 856 78
835 857 79
835 858 80
835 859 81
835 860 82
835 861 83
834 835 26
864 865 40
863 864 115
862 863 189
834 862 27
809 834 80
808 809 156
869 870 178
868 869 164
867 868 139
872 873 59
871 872 40
867 871 140
874 875 182
867 874 141
876 877 48
867 876 142
866 867 149
879 880 14
879 881 15
878 879 88
882 883 89
878 882 89
878 884 90
878 885 91
878 886 92
878 887 93
878 888 94
878 889 95
878 890 96
878 891 97
878 892 98
866 878 150
808 866 157
896 897 13
895 896 3
898 899 119
895 898 4
900 901 168
895 900 5
903 904 60
902 903 169
895 902 6
895 905 7
895 906 8
895 907 9
895 908 10
895 909 11
895 910 12
895 911 13
895 912 14
895 913 15
895 914 16
895 915 17
895 916 18
895 917 19
895 918 20
895 919 21
895 920 22
895 921 23
895 922 25
895 923 26
895 924 27
895 925 28
895 926 29
895 927 30
895 928 31
895 929 32
895 930 33
895 931 34
895 932 35
895 933 36
895 934 37
895 935 38
895 936 39
895 937 40
895 938 41
895 939 42
895 940 43
894 895 24
945 946 102
945 947 103
944 945 38
949 950 137
948 949 120
944 948 39
952 953 58
951 952 67
951 954 68
944 951 40
943 944 80
956 957 49
956 958 50
956 959 51
955 956 47
955 960 48
955 961 49
943 955 81
943 962 82
943 963 83
943 964 84
943 965 85
943 966 86
943 967 87
943 968 88
943 969 89
943 970 90
943 971 91
943 972 92
943 973 93
943 974 94
943 975 95
943 976 96
943 977 97
943 978 98
943 979 99
943 980 100
943 981 101
943 982 102
943 983 103
943 984 104
943 985 105
943 986 106
943 987 107
943 988 108
943 989 109
943 990 110
943 991 111
943 992 112
943 993 113
943 994 114
943 995 115
943 996 116
943 997 117
942 943 28
999 1000 171
999 1001 172
998 999 180
1002 1003 58
1002 1004 59
998 1002 181
1005 1006 11
998 1005 182
998 1007 183
998 1008 184
942 998 29
1011 1012 161
1010 1011 22
1010 1013 23
1010 1014 24
1010 1015 25
1010 1016 26
1010 1017 27
1009 1010 88
1009 1018 89
1009 1019 90
942 1009 30
942 1020 31
942 1021 32
942 1022 33
942 1023 34
942 1024 35
942 1025 36
942 1026 37
942 1027 38
942 1028 39
942 1029 40
942 1030 41
942 1031 42
942 1032 43
942 1033 44
942 1034 45
942 1035 46
942 1036 47
942 1037 48
942 1038 49
942 1039 50
942 1040 51
942 1041 52
942 1042 53
942 1043 54
942 1044 55
942 1045 56
942 1046 57
942 1047 58
942 1048 59
942 1049 60
942 1050 61
942 1051 62
942 1052 63
942 1053 64
942 1054 65
942 1055 66
942 1056 67
942 1057 68
942 1058 69
942 1059 70
942 1060 71
942 1061 72
942 1062 73
942 1063 74
942 1064 75
942 1065 76
942 1066 77
942 1067 78
942 1068 79
942 1069 80
942 1070 81
942 1071 82
942 1072 83
942 1073 84
942 1074 85
942 1075 86
942 1076 87
942 1077 88
942 1078 89
942 1079 90
942 1080 91
942 1081 92
942 1082 93
942 1083 94
942 1084 95
942 1085 96
942 1086 97
942 1087 98
942 1088 99
942 1089 100
942 1090 101
942 1091 102
942 1092 103
942 1093 104
942 1094 105
942 1095 106
942 1096 107
942 1097 108
942 1098 109
942 1099 110
942 1100 111
942 1101 112
942 1102 113
942 1103 114
942 1104 115
942 1105 116
942 1106 117
942 1107 118
942 1108 119
942 1109 120
942 1110 121
942 1111 122
942 1112 123
942 1113 124
942 1114 125
941 942 152
1115 1116 133
1115 1117 134
1115 1118 135
1115 1119 136
1115 1120 137
1115 1121 138
1115 1122 139
941 1115 153
1125 1126 66
1124 1125 79
1128 1129 141
1127 1128 8
1130 1131 186
1127 1130 9
1124 1127 80
1132 1133 37
1124 1132 81
1134 1135 91
1124 1134 82
1124 1136 83
1123 1124 131
1137 1138 194
1123 1137 132
1139 1140 56
1123 1139 133
1123 1141 134
1123 1142 135
1123 1143 136
1123 1144 137
1123 1145 138
1123 1146 139
1123 1147 140
941 1123 154
1148 1149 16
941 1148 155
941 1150 156
941 1151 157
941 1152 158
941 1153 159
941 1154 160
941 1155 161
941 1156 162
941 1157 163
941 1158 164
941 1159 165
941 1160 166
941 1161 167
941 1162 168
941 1163 169
941 1164 170
941 1165 171
941 1166 172
941 1167 173
941 1168 174
941 1169 175
941 1170 176
941 1171 177
941 1172 178
941 1173 179
941 1174 180
941 1175 181
941 1176 182
941 1177 183
941 1178 184
941 1179 185
941 1180 186
941 1181 187
941 1182 188
941 1183 189
941 1184 190
941 1185 191
941 1186 192
941 1187 193
941 1188 194
941 1189 195
941 1190 196
941 1191 197
941 1192 198
941 1193 199
941 1194 200
941 1195 1
941 1196 2
941 1197 3
941 1198 4
941 1199 5
941 1200 6
941 1201 7
941 1202 8
941 1203 9
941 1204 10
941 1205 11
894 941 25
1211 1212 182
1210 1211 127
1209 1210 64
1208 1209 60
1208 1213 61
1208 1214 62
1208 1215 63
1208 1216 64
1207 1208 178
1217 1218 165
1217 1219 166
1207 1217 179
1220 1221 122
1220 1222 123
1207 1220 180
1207 1223 181
1207 1224 182
1207 1225 183
1207 1226 184
1207 1227 185
1207 1228 186
1207 1229 187
1207 1230 188
1207 1231 189
1207 1232 190
1207 1233 191
1207 1234 192
1207 1235 193
1207 1236 194
1207 1237 195
1207 1238 196
1207 1239 197
1207 1240 198
1207 1241 199
1207 1242 200
1207 1243 1
1207 1244 2
1207 1245 3
1207 1246 4
1207 1247 5
1207 1248 6
1207 1249 7
1207 1250 8
1207 1251 9
1207 1252 10
1207 1253 11
1207 1254 12
1207 1255 13
1207 1256 14
1207 1257 15
1207 1258 16
1207 1259 17
1207 1260 18
1207 1261 19
1207 1262 20
1207 1263 21
1207 1264 22
1207 1265 23
1207 1266 24
1207 1267 25
1207 1268 26
1207 1269 27
1207 1270 28
1207 1271 29
1207 1272 30
1207 1273 31
1207 1274 32
1207 1275 33
1207 1276 34
1207 1277 35
1207 1278 36
1206 1207 72
1280 1281 94
1279 1280 21
1279 1282 22
1279 1283 23
1279 1284 24
1279 1285 25
1279 1286 26
1279 1287 27
1279 1288 28
1206 1279 73
1206 1289 74
1206 1290 75
1206 1291 76
1206 1292 77
1206 1293 78
1206 1294 79
1206 1295 80
1206 1296 81
1206 1297 82
1206 1298 83
1206 1299 84
1206 1300 85
1206 1301 86
1206 1302 87
1206 1303 88
1206 1304 89
1206 1305 90
1206 1306 91
1206 1307 92
1206 1308 93
1206 1309 94
1206 1310 95
1206 1311 96
1206 1312 97
1206 1313 98
1206 1314 99
1206 1315 100
1206 1316 101
1206 1317 102
1206 1318 103
1206 1319 104
1206 1320 105
1206 1321 106
1206 1322 107
1206 1323 108
1206 1324 109
1206 1325 110
1206 1326 111
1206 1327 112
1206 1328 113
1206 1329 114
1206 1330 115
1206 1331 116
1206 1332 117
1206 1333 118
894 1206 26
1335 1336 193
1334 1335 138
1334 1337 139
1334 1338 140
894 1334 27
1343 1344 51
1342 1343 152
1341 1342 70
1340 1341 90
1345 1346 44
1340 1345 91
1347 1348 87
1340 1347 92
1340 1349 93
1340 1350 94
1339 1340 78
894 1339 28
1353 1354 128
1352 1353 24
1352 1355 25
1352 1356 26
1351 1352 52
894 1351 29
1357 1358 42
1357 1359 43
894 1357 30
1361 1362 29
1360 1361 149
894 1360 31
1363 1364 16
894 1363 32
894 1365 33
894 1366 34
894 1367 35
894 1368 36
894 1369 37
894 1370 39
894 1371 40
894 1372 41
894 1373 42
894 1374 43
894 1375 44
894 1376 45
894 1377 46
894 1378 47
894 1379 48
894 1380 49
894 1381 50
894 1382 51
894 1383 52
894 1384 53
894 1385 54
894 1386 55
894 1387 56
894 1388 57
894 1389 58
894 1390 59
894 1391 60
894 1392 61
894 1393 62
894 1394 63
894 1395 64
894 1396 65
894 1397 66
894 1398 67
894 1399 68
894 1400 69
894 1401 70
894 1402 71
894 1403 72
894 1404 73
894 1405 74
894 1406 75
894 1407 76
894 1408 77
894 1409 78
894 1410 79
894 1411 80
894 1412 81
894 1413 82
894 1414 83
894 1415 84
894 1416 85
894 1417 86
894 1418 87
894 1419 88
894 1420 89
894 1421 90
894 1422 91
894 1423 92
894 1424 93
894 1425 94
894 1426 95
894 1427 96
894 1428 97
894 1429 98
894 1430 99
894 1431 100
894 1432 101
894 1433 102
894 1434 103
894 1435 104
894 1436 105
894 1437 106
894 1438 107
894 1439 108
894 1440 109
894 1441 110
894 1442 111
894 1443 112
894 1444 113
894 1445 114
894 1446 115
894 1447 116
894 1448 117
894 1449 118
894 1450 119
894 1451 120
894 1452 121
894 1453 122
894 1454 123
894 1455 124
894 1456 125
894 1457 126
894 1458 127
894 1459 128
894 1460 129
894 1461 130
894 1462 131
894 1463 132
894 1464 133
894 1465 134
894 1466 135
894 1467 136
894 1468 137
894 1469 138
894 1470 139
894 1471 140
894 1472 141
894 1473 142
894 1474 143
894 1475 144
894 1476 145
894 1477 146
894 1478 147
894 1479 148
894 1480 149
894 1481 150
894 1482 151
894 1483 152
894 1484 153
894 1485 154
894 1486 155
894 1487 156
894 1488 157
894 1489 158
894 1490 159
894 1491 160
894 1492 161
894 1493 162
894 1494 163
894 1495 164
894 1496 165
894 1497 166
894 1498 167
894 1499 168
894 1500 169
894 1501 170
894 1502 171
894 1503 172
894 1504 173
894 1505 174
894 1506 175
894 1507 176
894 1508 177
894 1509 178
894 1510 179
894 1511 180
894 1512 181
894 1513 182
894 1514 183
894 1515 184
894 1516 185
894 1517 186
894 1518 187
894 1519 188
894 1520 189
894 1521 190
894 1522 191
894 1523 192
894 1524 193
894 1525 194
894 1526 195
893 894 38
1529 1530 109
1529 1531 110
1529 1532 111
1528 1529 118
1533 1534 138
1528 1533 119
1528 1535 120
1528 1536 121
1528 1537 122
1528 1538 123
1528 1539 124
1528 1540 125
1527 1528 148
1542 1543 59
1541 1542 185
1541 1544 186
1541 1545 187
1541 1546 188
1527 1541 149
1548 1549 145
1548 1550 146
1547 1548 77
1551 1552 130
1547 1551 78
1547 1553 79
1547 1554 80
1547 1555 81
1527 1547 150
893 1527 39
1557 1558 11
1556 1557 58
1559 1560 62
1559 1561 63
1556 1559 59
1562 1563 27
1556 1562 60
893 1556 40
1564 1565 29
1564 1566 30
893 1564 41
893 1567 42
893 1568 43
893 1569 44
893 1570 45
808 893 158
1574 1575 129
1574 1576 130
1574 1577 131
1574 1578 132
1574 1579 133
1574 1580 134
1574 1581 135
1574 1582 136
1574 1583 137
1573 1574 72
1586 1587 148
1585 1586 46
1589 1590 36
1588 1589 54
1585 1588 47
1585 1591 48
1585 1592 49
1585 1593 50
1584 1585 55
1573 1584 73
1594 1595 56
1573 1594 74
1596 1597 117
1573 1596 75
1598 1599 167
1573 1598 76
1572 1573 119
1601 1602 191
1601 1603 192
1600 1601 30
1572 1600 120
1605 1606 103
1604 1605 71
1608 1609 105
1607 1608 51
1604 1607 72
1610 1611 96
1610 1612 97
1604 1610 73
1572 1604 121
1571 1572 82
1616 1617 22
1615 1616 73
1614 1615 128
1618 1619 153
1614 1618 129
1614 1620 130
1614 1621 131
1614 1622 132
1614 1623 133
1614 1624 134
1614 1625 135
1614 1626 136
1614 1627 137
1613 1614 115
1630 1631 159
1629 1630 194
1632 1633 178
1629 1632 195
1629 1634 196
1628 1629 165
1635 1636 154
1628 1635 166
1638 1639 35
1637 1638 19
1637 1640 20
1628 1637 167
1641 1642 146
1628 1641 168
1628 1643 169
1628 1644 170
1628 1645 171
1628 1646 172
1628 1647 173
1628 1648 174
1628 1649 175
1613 1628 116
1651 1652 140
1651 1653 141
1650 1651 76
1655 1656 18
1654 1655 110
1650 1654 77
1650 1657 78
1650 1658 79
1613 1650 117
1613 1659 118
1613 1660 119
1613 1661 120
1613 1662 121
1613 1663 122
1613 1664 123
1571 1613 83
1666 1667 71
1666 1668 72
1665 1666 10
1670 1671 157
1670 1672 158
1669 1670 25
1669 1673 26
1669 1674 27
1665 1669 11
1675 1676 58
1665 1675 12
1571 1665 84
1679 1680 175
1678 1679 2
1678 1681 3
1677 1678 122
1683 1684 71
1682 1683 156
1677 1682 123
1677 1685 124
1571 1677 85
1687 1688 197
1686 1687 122
1689 1690 94
1689 1691 95
1686 1689 123
1692 1693 29
1686 1692 124
1571 1686 86
1571 1694 87
1571 1695 88
1571 1696 89
1571 1697 90
1571 1698 91
808 1571 159
1700 1701 119
1699 1700 192
1699 1702 193
1699 1703 194
1699 1704 195
1699 1705 196
1699 1706 197
1699 1707 198
1699 1708 199
808 1699 160
1709 1710 29
808 1709 161
808 1711 162
808 1712 163
808 1713 164
808 1714 165
1 808 119
1719 1720 142
1718 1719 91
1721 1722 44
1718 1721 92
1725 1726 174
1724 1725 98
1723 1724 22
1723 1727 23
1718 1723 93
1728 1729 83
1718 1728 94
1730 1731 115
1718 1730 95
1733 1734 162
1732 1733 123
1732 1735 124
1732 1736 125
1718 1732 96
1718 1737 97
1718 1738 98
1718 1739 99
1718 1740 100
1718 1741 101
1718 1742 102
1718 1743 103
1718 1744 104
1718 1745 105
1718 1746 106
1718 1747 107
1718 1748 108
1718 1749 110
1718 1750 111
1718 1751 112
1718 1752 113
1718 1753 114
1718 1754 115
1718 1755 116
1717 1718 109
1757 1758 166
1756 1757 23
1759 1760 90
1756 1759 24
1717 1756 110
1761 1762 177
1717 1761 111
1764 1765 39
1763 1764 149
1717 1763 112
1717 1766 113
1717 1767 114
1717 1768 115
1717 1769 116
1717 1770 117
1717 1771 118
1717 1772 119
1717 1773 120
1717 1774 121
1717 1775 122
1717 1776 123
1717 1777 124
1717 1778 125
1717 1779 126
1717 1780 127
1717 1781 128
1717 1782 129
1717 1783 130
1717 1784 131
1717 1785 132
1717 1786 133
1717 1787 134
1717 1788 135
1717 1789 136
1717 1790 137
1717 1791 138
1717 1792 139
1717 1793 140
1717 1794 141
1717 1795 142
1717 1796 143
1717 1797 144
1717 1798 145
1717 1799 146
1717 1800 147
1717 1801 148
1717 1802 149
1717 1803 150
1717 1804 151
1717 1805 152
1717 1806 153
1717 1807 154
1717 1808 155
1717 1809 157
1717 1810 158
1717 1811 159
1717 1812 160
1717 1813 161
1717 1814 162
1717 1815 163
1717 1816 164
1717 1817 165
1717 1818 166
1717 1819 167
1717 1820 168
1717 1821 169
1717 1822 170
1717 1823 171
1717 1824 172
1717 1825 173
1717 1826 174
1717 1827 175
1717 1828 176
1717 1829 177
1717 1830 178
1717 1831 179
1717 1832 180
1717 1833 181
1717 1834 182
1717 1835 183
1717 1836 184
1717 1837 185
1717 1838 186
1717 1839 187
1717 1840 188
1717 1841 189
1717 1842 190
1717 1843 191
1717 1844 192
1717 1845 193
1717 1846 194
1717 1847 195
1717 1848 196
1717 1849 197
1717 1850 198
1717 1851 199
1717 1852 200
1717 1853 1
1717 1854 2
1717 1855 3
1717 1856 4
1717 1857 5
1717 1858 6
1717 1859 7
1717 1860 8
1717 1861 9
1717 1862 10
1717 1863 11
1717 1864 12
1716 1717 156
1868 1869 24
1867 1868 9
1866 1867 36
1865 1866 153
1872 1873 62
1872 1874 63
1871 1872 113
1870 1871 188
1876 1877 36
1875 1876 146
1870 1875 189
1870 1878 190
1870 1879 191
1870 1880 192
1870 1881 193
1870 1882 194
1870 1883 195
1870 1884 196
1870 1885 197
1870 1886 198
1870 1887 199
1870 1888 200
1870 1889 1
1870 1890 2
1870 1891 3
1870 1892 4
1870 1893 5
1870 1894 6
1870 1895 7
1870 1896 8
1870 1897 9
1870 1898 10
1870 1899 11
1870 1900 12
1870 1901 13
1870 1902 14
1870 1903 15
1865 1870 154
1716 1865 157
1904 1905 175
1904 1906 176
1716 1904 158
1907 1908 27
1716 1907 159
1716 1909 160
1716 1910 161
1716 1911 162
1716 1912 163
1716 1913 164
1716 1914 165
1716 1915 166
1716 1916 167
1716 1917 168
1716 1918 169
1716 1919 170
1716 1920 171
1716 1921 172
1716 1922 173
1716 1923 174
1716 1924 175
1716 1925 176
1716 1926 177
1716 1927 178
1716 1928 179
1716 1929 180
1716 1930 181
1716 1931 182
1716 1932 183
1716 1933 184
1716 1934 185
1716 1935 186
1716 1936 187
1716 1937 188
1716 1938 189
1716 1939 190
1716 1940 191
1716 1941 192
1716 1942 193
1716 1943 194
1716 1944 195
1716 1945 196
1716 1946 197
1716 1947 198
1716 1948 199
1716 1949 200
1716 1950 1
1716 1951 2
1716 1952 3
1716 1953 4
1716 1954 5
1716 1955 6
1716 1956 7
1716 1957 8
1716 1958 9
1716 1959 10
1716 1960 11
1716 1961 12
1716 1962 13
1716 1963 15
1716 1964 16
1716 1965 17
1716 1966 18
1716 1967 19
1716 1968 20
1716 1969 21
1716 1970 22
1716 1971 23
1716 1972 24
1716 1973 25
1716 1974 26
1716 1975 27
1716 1976 28
1716 1977 29
1716 1978 30
1716 1979 31
1716 1980 32
1716 1981 33
1716 1982 34
1716 1983 35
1716 1984 36
1716 1985 37
1716 1986 38
1716 1987 39
1716 1988 40
1716 1989 41
1716 1990 42
1716 1991 43
1716 1992 44
1716 1993 45
1716 1994 46
1716 1995 47
1716 1996 48
1716 1997 49
1716 1998 50
1716 1999 51
1716 2000 52
1716 2001 53
1716 2002 54
1716 2003 55
1716 2004 56
1716 2005 57
1716 2006 58
1716 2007 59
1716 2008 60
1716 2009 61
1716 2010 62
1716 2011 63
1716 2012 64
1716 2013 65
1716 2014 66
1716 2015 67
1716 2016 68
1716 2017 69
1716 2018 70
1716 2019 71
1716 2020 72
1716 2021 73
1716 2022 74
1716 2023 75
1716 2024 76
1716 2025 77
1716 2026 78
1716 2027 79
1716 2028 80
1716 2029 81
1716 2030 82
1716 2031 83
1716 2032 84
1716 2033 85
1716 2034 86
1716 2035 87
1716 2036 88
1716 2037 89
1716 2038 90
1716 2039 91
1716 2040 92
1716 2041 93
1716 2042 94
1716 2043 95
1716 2044 96
1716 2045 97
1716 2046 98
1716 2047 99
1716 2048 100
1716 2049 101
1716 2050 102
1716 2051 103
1716 2052 104
1716 2053 105
1716 2054 106
1716 2055 107
1716 2056 108
1716 2057 109
1716 2058 110
1716 2059 111
1716 2060 112
1716 2061 113
1716 2062 114
1716 2063 115
1716 2064 116
1716 2065 117
1716 2066 118
1716 2067 119
1716 2068 120
1716 2069 121
1716 2070 122
1716 2071 123
1716 2072 124
1716 2073 125
1716 2074 126
1716 2075 127
1716 2076 128
1716 2077 129
1716 2078 130
1716 2079 131
1716 2080 132
1716 2081 133
1716 2082 134
1716 2083 135
1716 2084 136
1716 2085 137
1716 2086 138
1716 2087 139
1716 2088 140
1716 2089 141
1715 1716 14
2093 2094 187
2092 2093 108
2091 2092 130
2098 2099 30
2098 2100 31
2097 2098 128
2096 2097 183
2101 2102 21
2096 2101 184
2096 2103 185
2096 2104 186
2095 2096 182
2091 2095 131
2105 2106 186
2105 2107 187
2105 2108 188
2105 2109 189
2105 2110 190
2105 2111 191
2105 2112 192
2105 2113 193
2091 2105 132
2116 2117 155
2115 2116 105
2118 2119 37
2115 2118 106
2114 2115 175
2120 2121 18
2120 2122 19
2120 2123 20
2114 2120 176
2124 2125 185
2114 2124 177
2114 2126 178
2114 2127 179
2114 2128 180
2114 2129 181
2114 2130 182
2114 2131 183
2091 2114 133
2134 2135 31
2133 2134 131
2136 2137 1
2133 2136 132
2138 2139 5
2133 2138 133
2132 2133 144
2141 2142 174
2140 2141 38
2140 2143 39
2140 2144 40
2132 2140 145
2132 2145 146
2132 2146 147
2132 2147 148
2132 2148 149
2091 2132 134
2149 2150 64
2091 2149 135
2151 2152 198
2091 2151 136
2153 2154 191
2091 2153 137
2090 2091 93
2155 2156 157
2155 2157 158
2155 2158 159
2155 2159 160
2155 2160 161
2155 2161 162
2155 2162 163
2155 2163 164
2155 2164 165
2155 2165 166
2155 2166 167
2155 2167 168
2155 2168 169
2090 2155 94
2170 2171 101
2169 2170 120
2174 2175 46
2173 2174 140
2172 2173 74
2169 2172 121
2176 2177 65
2169 2176 122
2169 2178 123
2169 2179 124
2169 2180 125
2169 2181 126
2169 2182 127
2169 2183 128
2169 2184 129
2169 2185 130
2090 2169 95
2186 2187 16
2186 2188 17
2090 2186 96
2189 2190 180
2090 2189 97
2090 2191 98
2090 2192 99
2090 2193 100
2090 2194 101
2090 2195 102
2090 2196 103
2090 2197 104
2090 2198 105
2090 2199 106
2090 2200 107
2090 2201 108
2090 2202 109
2090 2203 110
2090 2204 111
2090 2205 112
2090 2206 113
2090 2207 114
2090 2208 115
2090 2209 116
2090 2210 117
2090 2211 118
2090 2212 119
2090 2213 120
2090 2214 121
2090 2215 122
2090 2216 123
2090 2217 124
2090 2218 125
2090 2219 126
2090 2220 127
2090 2221 128
2090 2222 129
2090 2223 130
2090 2224 131
2090 2225 132
2090 2226 133
2090 2227 134
2090 2228 135
2090 2229 136
2090 2230 137
2090 2231 138
2090 2232 139
2090 2233 140
2090 2234 141
2090 2235 142
2090 2236 143
2090 2237 144
2090 2238 145
2090 2239 146
2090 2240 147
2090 2241 148
2090 2242 149
2090 2243 150
2090 2244 151
2090 2245 152
2090 2246 153
2090 2247 154
2090 2248 155
2090 2249 156
2090 2250 157
2090 2251 158
2090 2252 159
2090 2253 160
2090 2254 161
2090 2255 162
2090 2256 163
2090 2257 164
2090 2258 165
2090 2259 166
2090 2260 167
2090 2261 168
2090 2262 169
2090 2263 170
2090 2264 171
2090 2265 172
2090 2266 173
2090 2267 174
2090 2268 175
2090 2269 176
2090 2270 177
2090 2271 178
2090 2272 179
2090 2273 180
2090 2274 181
2090 2275 182
2090 2276 183
2090 2277 184
2090 2278 185
2090 2279 186
2090 2280 187
2090 2281 188
1715 2090 15
2284 2285 180
2283 2284 132
2283 2286 133
2283 2287 134
2283 2288 135
2283 2289 136
2283 2290 137
2282 2283 85
2292 2293 122
2291 2292 143
2291 2294 144
2291 2295 145
2291 2296 146
2291 2297 147
2282 2291 86
2302 2303 45
2302 2304 46
2301 2302 37
2300 2301 142
2300 2305 143
2300 2306 144
2300 2307 145
2300 2308 146
2300 2309 147
2300 2310 148
2300 2311 149
2300 2312 150
2299 2300 116
2313 2314 157
2299 2313 117
2299 2315 118
2298 2299 80
2318 2319 97
2318 2320 98
2318 2321 99
2317 2318 40
2322 2323 163
2317 2322 41
2317 2324 42
2317 2325 43
2316 2317 163
2298 2316 81
2326 2327 11
2326 2328 12
2298 2326 82
2331 2332 124
2330 2331 148
2329 2330 99
2333 2334 107
2329 2333 100
2329 2335 101
2298 2329 83
2337 2338 4
2336 2337 177
2298 2336 84
2340 2341 133
2340 2342 134
2340 2343 135
2339 2340 46
2339 2344 47
2298 2339 85
2346 2347 128
2345 2346 115
2298 2345 86
2348 2349 108
2298 2348 88
2298 2350 89
2298 2351 90
2298 2352 91
2298 2353 92
2298 2354 93
2298 2355 94
2298 2356 95
2298 2357 96
2298 2358 97
2298 2359 98
2282 2298 87
2282 2360 88
2282 2361 89
2282 2362 90
2282 2363 91
2282 2364 92
2282 2365 93
2282 2366 94
1715 2282 16
2368 2369 155
2367 2368 78
1715 2367 17
1715 2370 18
1715 2371 19
1715 2372 20
1715 2373 21
1715 2374 22
1715 2375 23
1715 2376 24
1715 2377 25
1715 2378 26
1715 2379 27
1715 2380 28
1715 2381 29
1715 2382 30
1715 2383 31
1715 2384 32
1715 2385 33
1715 2386 34
1715 2387 35
1715 2388 36
1715 2389 37
1715 2390 38
1715 2391 39
1715 2392 40
1715 2393 41
1715 2394 42
1715 2395 43
1715 2396 44
1715 2397 45
1715 2398 46
1715 2399 47
1715 2400 48
1715 2401 49
1715 2402 50
1715 2403 51
1715 2404 52
1715 2405 53
1715 2406 54
1715 2407 55
1715 2408 56
1715 2409 57
1715 2410 58
1715 2411 59
1715 2412 60
1715 2413 61
1715 2414 62
1715 2415 63
1715 2416 64
1715 2417 65
1715 2418 66
1715 2419 67
1715 2420 68
1715 2421 69
1715 2422 70
1715 2423 71
1715 2424 72
1715 2425 73
1715 2426 74
1715 2427 75
1715 2428 76
1715 2429 77
1715 2430 78
1715 2431 79
1715 2432 80
1715 2433 81
1715 2434 82
1715 2435 83
1715 2436 84
1715 2437 85
1715 2438 86
1715 2439 87
1715 2440 88
1715 2441 89
1715 2442 90
1715 2443 91
1715 2444 92
1715 2445 93
1715 2446 94
1715 2447 95
1715 2448 96
1715 2449 97
1715 2450 98
1715 2451 99
1715 2452 100
1715 2453 101
1715 2454 102
1715 2455 103
1715 2456 104
1715 2457 105
1715 2458 106
1715 2459 107
1715 2460 108
1715 2461 109
1715 2462 110
1715 2463 111
1715 2464 112
1715 2465 113
1715 2466 114
1715 2467 115
1715 2468 116
1715 2469 117
1715 2470 118
1715 2471 119
1715 2472 121
1715 2473 122
1715 2474 123
1715 2475 124
1715 2476 125
1715 2477 126
1715 2478 127
1715 2479 128
1715 2480 129
1715 2481 130
1715 2482 131
1715 2483 132
1715 2484 133
1715 2485 134
1715 2486 135
1715 2487 136
1715 2488 137
1715 2489 138
1715 2490 139
1715 2491 140
1715 2492 141
1715 2493 142
1715 2494 143
1715 2495 144
1715 2496 145
1715 2497 146
1715 2498 147
1715 2499 148
1715 2500 149
1715 2501 150
1715 2502 151
1715 2503 152
1715 2504 153
1715 2505 154
1715 2506 155
1715 2507 156
1715 2508 157
1715 2509 158
1715 2510 159
1715 2511 160
1715 2512 161
1715 2513 162
1715 2514 163
1715 2515 164
1715 2516 165
1715 2517 166
1715 2518 167
1715 2519 168
1715 2520 169
1715 2521 170
1715 2522 171
1715 2523 172
1715 2524 173
1715 2525 174
1715 2526 175
1715 2527 176
1715 2528 177
1715 2529 178
1715 2530 179
1715 2531 180
1715 2532 181
1715 2533 182
1715 2534 183
1715 2535 184
1715 2536 185
1715 2537 186
1715 2538 187
1715 2539 188
1715 2540 189
1715 2541 190
1715 2542 191
1715 2543 192
1715 2544 193
1715 2545 194
1715 2546 195
1715 2547 196
1715 2548 197
1715 2549 198
1715 2550 199
1 1715 120
2559 2560 21
2558 2559 87
2557 2558 23
2556 2557 122
2563 2564 163
2562 2563 107
2565 2566 200
2562 2565 108
2562 2567 109
2561 2562 65
2569 2570 114
2568 2569 137
2561 2568 66
2561 2571 67
2561 2572 68
2561 2573 69
2556 2561 123
2574 2575 118
2574 2576 119
2556 2574 124
2577 2578 74
2556 2577 125
2556 2579 126
2556 2580 127
2556 2581 128
2556 2582 129
2556 2583 130
2556 2584 131
2556 2585 132
2556 2586 133
2556 2587 134
2555 2556 119
2589 2590 162
2588 2589 46
2588 2591 47
2588 2592 48
2588 2593 49
2588 2594 50
2588 2595 51
2588 2596 52
2588 2597 53
2588 2598 54
2588 2599 55
2588 2600 56
2588 2601 57
2588 2602 58
2588 2603 59
2588 2604 60
2588 2605 61
2588 2606 62
2588 2607 63
2588 2608 64
2588 2609 65
2588 2610 66
2588 2611 67
2588 2612 68
2588 2613 69
2588 2614 70
2588 2615 71
2588 2616 72
2588 2617 73
2588 2618 74
2588 2619 75
2588 2620 76
2588 2621 77
2588 2622 78
2588 2623 79
2588 2624 80
2588 2625 81
2588 2626 82
2588 2627 83
2588 2628 84
2588 2629 85
2588 2630 86
2588 2631 87
2588 2632 88
2588 2633 89
2588 2634 90
2588 2635 91
2588 2636 92
2588 2637 93
2588 2638 94
2555 2588 120
2555 2639 121
2555 2640 122
2555 2641 123
2555 2642 124
2555 2643 125
2555 2644 126
2555 2645 127
2555 2646 128
2555 2647 129
2555 2648 130
2555 2649 131
2555 2650 132
2555 2651 133
2555 2652 134
2555 2653 135
2555 2654 136
2555 2655 137
2555 2656 138
2555 2657 139
2555 2658 140
2555 2659 141
2555 2660 143
2555 2661 144
2555 2662 145
2555 2663 146
2555 2664 147
2555 2665 148
2555 2666 149
2555 2667 150
2555 2668 151
2555 2669 152
2555 2670 153
2555 2671 154
2555 2672 155
2555 2673 156
2555 2674 157
2555 2675 158
2555 2676 159
2555 2677 160
2555 2678 161
2555 2679 162
2555 2680 163
2555 2681 164
2555 2682 165
2555 2683 166
2555 2684 167
2555 2685 168
2555 2686 169
2555 2687 170
2555 2688 171
2555 2689 172
2555 2690 173
2555 2691 174
2555 2692 175
2555 2693 176
2555 2694 177
2555 2695 178
2555 2696 179
2555 2697 180
2555 2698 181
2555 2699 182
2555 2700 183
2555 2701 184
2555 2702 185
2555 2703 186
2555 2704 187
2555 2705 188
2555 2706 189
2555 2707 190
2555 2708 191
2555 2709 192
2555 2710 193
2555 2711 194
2555 2712 195
2555 2713 196
2555 2714 197
2555 2715 198
2555 2716 199
2555 2717 200
2555 2718 1
2555 2719 2
2555 2720 3
2555 2721 4
2555 2722 5
2555 2723 6
2555 2724 7
2555 2725 8
2555 2726 9
2555 2727 10
2555 2728 11
2555 2729 12
2555 2730 13
2555 2731 14
2555 2732 15
2555 2733 16
2555 2734 17
2555 2735 18
2555 2736 19
2555 2737 20
2555 2738 21
2555 2739 22
2555 2740 23
2555 2741 24
2555 2742 25
2555 2743 26
2555 2744 27
2555 2745 28
2555 2746 29
2555 2747 30
2555 2748 31
2555 2749 32
2555 2750 33
2555 2751 34
2555 2752 35
2555 2753 36
2555 2754 37
2555 2755 38
2555 2756 39
2555 2757 40
2555 2758 41
2555 2759 42
2555 2760 43
2555 2761 44
2555 2762 45
2555 2763 46
2555 2764 47
2555 2765 48
2555 2766 49
2555 2767 50
2555 2768 51
2555 2769 52
2555 2770 53
2555 2771 54
2555 2772 55
2555 2773 56
2555 2774 57
2555 2775 58
2555 2776 59
2555 2777 60
2555 2778 61
2555 2779 62
2555 2780 63
2555 2781 64
2555 2782 65
2555 2783 66
2555 2784 67
2555 2785 68
2555 2786 69
2555 2787 70
2554 2555 142
2789 2790 91
2789 2791 92
2788 2789 183
2792 2793 64
2788 2792 184
2794 2795 145
2788 2794 185
2554 2788 143
2796 2797 91
2554 2796 145
2798 2799 124
2554 2798 146
2801 2802 80
2800 2801 97
2554 2800 147
2554 2803 148
2554 2804 149
2554 2805 150
2554 2806 151
2554 2807 152
2554 2808 153
2554 2809 154
2554 2810 155
2554 2811 156
2554 2812 157
2554 2813 158
2554 2814 159
2554 2815 160
2554 2816 161
2554 2817 162
2554 2818 163
2554 2819 164
2554 2820 165
2554 2821 166
2554 2822 167
2554 2823 168
2554 2824 169
2554 2825 170
2554 2826 171
2554 2827 172
2554 2828 173
2553 2554 144
2832 2833 125
2831 2832 15
2830 2831 48
2834 2835 28
2834 2836 29
2830 2834 49
2830 2837 50
2829 2830 154
2838 2839 141
2829 2838 155
2842 2843 189
2841 2842 81
2845 2846 92
2844 2845 58
2841 2844 82
2840 2841 121
2847 2848 170
2840 2847 122
2840 2849 123
2840 2850 124
2829 2840 156
2829 2851 157
2829 2852 158
2829 2853 159
2829 2854 160
2829 2855 161
2829 2856 162
2829 2857 163
2829 2858 164
2829 2859 165
2829 2860 166
2829 2861 167
2829 2862 168
2829 2863 169
2829 2864 170
2829 2865 171
2829 2866 172
2829 2867 173
2829 2868 174
2829 2869 175
2829 2870 176
2829 2871 177
2829 2872 178
2829 2873 179
2829 2874 180
2829 2875 181
2553 2829 145
2878 2879 133
2877 2878 96
2880 2881 116
2880 2882 117
2877 2880 97
2877 2883 98
2877 2884 99
2877 2885 100
2877 2886 101
2876 2877 65
2887 2888 162
2876 2887 66
2889 2890 44
2876 2889 67
2891 2892 137
2891 2893 138
2891 2894 139
2891 2895 140
2876 2891 68
2896 2897 6
2896 2898 7
2876 2896 69
2900 2901 57
2899 2900 143
2899 2902 144
2876 2899 70
2905 2906 158
2904 2905 2
2903 2904 193
2876 2903 71
2908 2909 187
2907 2908 77
2876 2907 72
2876 2910 73
2876 2911 74
2876 2912 75
2876 2913 76
2876 2914 77
2876 2915 78
2876 2916 79
2876 2917 80
2876 2918 81
2876 2919 82
2876 2920 83
2876 2921 84
2876 2922 85
2876 2923 86
2876 2924 87
2876 2925 88
2876 2926 89
2876 2927 90
2876 2928 91
2876 2929 92
2876 2930 93
2876 2931 94
2876 2932 95
2876 2933 96
2876 2934 97
2876 2935 98
2876 2936 99
2876 2937 100
2876 2938 101
2876 2939 102
2876 2940 103
2876 2941 104
2553 2876 146
2942 2943 62
2942 2944 63
2942 2945 64
2942 2946 65
2942 2947 66
2942 2948 67
2942 2949 68
2942 2950 69
2942 2951 70
2942 2952 71
2942 2953 72
2942 2954 73
2942 2955 74
2942 2956 75
2942 2957 76
2942 2958 77
2942 2959 78
2942 2960 79
2942 2961 80
2942 2962 81
2942 2963 82
2942 2964 83
2942 2965 84
2942 2966 85
2553 2942 147
2967 2968 149
2967 2969 150
2553 2967 148
2970 2971 89
2553 2970 149
2553 2972 150
2553 2973 152
2553 2974 153
2553 2975 154
2553 2976 155
2553 2977 156
2553 2978 157
2553 2979 158
2553 2980 159
2553 2981 160
2553 2982 161
2553 2983 162
2553 2984 163
2553 2985 164
2553 2986 165
2553 2987 166
2553 2988 167
2553 2989 168
2553 2990 169
2553 2991 170
2553 2992 171
2553 2993 172
2553 2994 173
2553 2995 174
2553 2996 175
2553 2997 176
2553 2998 177
2553 2999 178
2553 3000 179
2553 3001 180
2553 3002 181
2553 3003 182
2553 3004 183
2553 3005 184
2553 3006 185
2553 3007 186
2553 3008 187
2553 3009 188
2553 3010 189
2553 3011 190
2553 3012 191
2553 3013 192
2553 3014 193
2553 3015 194
2553 3016 195
2553 3017 196
2553 3018 197
2553 3019 198
2553 3020 199
2553 3021 200
2553 3022 1
2553 3023 2
2553 3024 3
2553 3025 4
2553 3026 5
2553 3027 6
2553 3028 7
2553 3029 8
2553 3030 9
2553 3031 10
2553 3032 11
2553 3033 12
2553 3034 13
2553 3035 14
2553 3036 15
2553 3037 16
2553 3038 17
2553 3039 18
2553 3040 19
2553 3041 20
2553 3042 21
2553 3043 22
2553 3044 23
2553 3045 24
2553 3046 25
2553 3047 26
2553 3048 27
2553 3049 28
2553 3050 29
2553 3051 30
2553 3052 31
2553 3053 32
2553 3054 33
2553 3055 34
2553 3056 35
2553 3057 36
2553 3058 37
2553 3059 38
2553 3060 39
2553 3061 40
2553 3062 41
2553 3063 42
2553 3064 43
2553 3065 44
2553 3066 45
2553 3067 46
2553 3068 47
2553 3069 48
2553 3070 49
2553 3071 50
2553 3072 51
2553 3073 52
2553 3074 53
2553 3075 54
2553 3076 55
2553 3077 56
2553 3078 57
2553 3079 58
2553 3080 59
2553 3081 60
2553 3082 61
2553 3083 62
2553 3084 63
2553 3085 64
2553 3086 65
2553 3087 66
2553 3088 67
2553 3089 68
2553 3090 69
2553 3091 70
2553 3092 71
2553 3093 72
2553 3094 73
2553 3095 74
2553 3096 75
2553 3097 76
2553 3098 77
2553 3099 78
2553 3100 79
2553 3101 80
2553 3102 81
2553 3103 82
2553 3104 83
2553 3105 84
2553 3106 85
2553 3107 86
2553 3108 87
2553 3109 88
2553 3110 89
2553 3111 90
2553 3112 91
2553 3113 92
2553 3114 93
2553 3115 94
2553 3116 95
2553 3117 96
2553 3118 97
2553 3119 98
2553 3120 99
2553 3121 100
2553 3122 101
2553 3123 102
2553 3124 103
2553 3125 104
2553 3126 105
2553 3127 106
2553 3128 107
2553 3129 108
2553 3130 109
2553 3131 110
2553 3132 111
2553 3133 112
2553 3134 113
2553 3135 114
2553 3136 115
2553 3137 116
2553 3138 117
2553 3139 118
2553 3140 119
2553 3141 120
2552 2553 151
3144 3145 98
3143 3144 174
3146 3147 167
3143 3146 175
3149 3150 110
3148 3149 53
3143 3148 176
3151 3152 161
3143 3151 177
3143 3153 178
3143 3154 179
3143 3155 180
3143 3156 181
3143 3157 182
3143 3158 183
3143 3159 184
3143 3160 185
3143 3161 186
3142 3143 81
3164 3165 155
3163 3164 127
3163 3166 128
3163 3167 129
3162 3163 32
3168 3169 24
3168 3170 25
3168 3171 26
3168 3172 27
3162 3168 33
3173 3174 80
3173 3175 81
3162 3173 34
3177 3178 110
3176 3177 148
3162 3176 35
3180 3181 199
3179 3180 126
3179 3182 127
3162 3179 36
3162 3183 37
3162 3184 38
3142 3162 82
3187 3188 67
3186 3187 193
3185 3186 68
3189 3190 113
3189 3191 114
3189 3192 115
3185 3189 69
3142 3185 83
2552 3142 152
3195 3196 74
3194 3195 133
3198 3199 104
3197 3198 13
3194 3197 134
3194 3200 135
3194 3201 136
3194 3202 137
3194 3203 138
3194 3204 139
3194 3205 140
3194 3206 141
3194 3207 142
3194 3208 143
3194 3209 144
3194 3210 145
3194 3211 146
3194 3212 147
3194 3213 148
3194 3214 149
3194 3215 150
3194 3216 151
3193 3194 97
3217 3218 43
3217 3219 44
3217 3220 45
3193 3217 98
3193 3221 99
3193 3222 100
3193 3223 101
3193 3224 102
3193 3225 103
3193 3226 104
3193 3227 105
3193 3228 106
3193 3229 107
3193 3230 108
3193 3231 109
3193 3232 110
3193 3233 111
3193 3234 112
3193 3235 113
3193 3236 114
3193 3237 115
3193 3238 116
3193 3239 117
3193 3240 118
3193 3241 119
3193 3242 120
3193 3243 121
3193 3244 122
3193 3245 123
3193 3246 124
3193 3247 125
3193 3248 126
3193 3249 127
3193 3250 128
3193 3251 129
3193 3252 130
3193 3253 131
3193 3254 132
3193 3255 133
3193 3256 134
3193 3257 135
3193 3258 136
3193 3259 137
3193 3260 138
3193 3261 139
3193 3262 140
3193 3263 141
3193 3264 142
3193 3265 143
3193 3266 144
3193 3267 145
3193 3268 146
3193 3269 147
3193 3270 148
3193 3271 149
3193 3272 150
3193 3273 151
3193 3274 152
3193 3275 154
3193 3276 155
3193 3277 156
3193 3278 157
3193 3279 158
3193 3280 159
3193 3281 160
3193 3282 161
3193 3283 162
3193 3284 163
3193 3285 164
3193 3286 165
3193 3287 166
3193 3288 167
3193 3289 168
3193 3290 169
3193 3291 170
3193 3292 171
2552 3193 153
3295 3296 43
3295 3297 44
3294 3295 51
3294 3298 52
3294 3299 53
3294 3300 54
3293 3294 174
2552 3293 154
3301 3302 102
3301 3303 103
3301 3304 104
2552 3301 155
3306 3307 78
3306 3308 79
3305 3306 116
3310 3311 35
3309 3310 123
3312 3313 90
3309 3312 124
3305 3309 117
2552 3305 156
3314 3315 152
2552 3314 157
2552 3316 158
2552 3317 159
2552 3318 160
2552 3319 161
2552 3320 162
2552 3321 163
2552 3322 164
2552 3323 165
2552 3324 166
2552 3325 167
2552 3326 168
2552 3327 169
2552 3328 170
2552 3329 171
2552 3330 172
2552 3331 173
2552 3332 174
2552 3333 175
2552 3334 176
2552 3335 177
2552 3336 178
2552 3337 179
2552 3338 180
2552 3339 181
2552 3340 182
2552 3341 183
2552 3342 184
2552 3343 185
2552 3344 186
2552 3345 187
2552 3346 188
2552 3347 189
2552 3348 190
2551 2552 102
3353 3354 149
3353 3355 150
3353 3356 152
3352 3353 151
3357 3358 162
3357 3359 163
3357 3360 164
3352 3357 152
3363 3364 7
3362 3363 146
3361 3362 88
3361 3365 89
3352 3361 153
3367 3368 160
3366 3367 187
3352 3366 154
3352 3369 155
3352 3370 156
3352 3371 157
3352 3372 158
3352 3373 159
3352 3374 160
3352 3375 161
3352 3376 162
3352 3377 163
3352 3378 164
3352 3379 165
3352 3380 166
3352 3381 167
3352 3382 168
3352 3383 169
3352 3384 170
3352 3385 171
3352 3386 172
3352 3387 173
3352 3388 174
3352 3389 175
3352 3390 176
3352 3391 177
3352 3392 178
3351 3352 61
3396 3397 192
3395 3396 25
3395 3398 26
3395 3399 27
3395 3400 28
3395 3401 29
3395 3402 30
3395 3403 31
3394 3395 49
3404 3405 160
3394 3404 50
3394 3406 51
3394 3407 52
3394 3408 53
3394 3409 54
3394 3410 55
3394 3411 56
3394 3412 57
3394 3413 58
3394 3414 59
3393 3394 2
3417 3418 73
3416 3417 6
3415 3416 26
3393 3415 3
3351 3393 62
3421 3422 77
3420 3421 131
3423 3424 32
3423 3425 33
3420 3423 132
3427 3428 163
3426 3427 164
3426 3429 165
3420 3426 133
3420 3430 134
3419 3420 83
3351 3419 63
3432 3433 155
3431 3432 48
3434 3435 63
3431 3434 49
3431 3436 50
3431 3437 51
3431 3438 52
3431 3439 53
3351 3431 64
3441 3442 183
3440 3441 44
3351 3440 65
3443 3444 142
3443 3445 143
3443 3446 144
3443 3447 145
3351 3443 66
3351 3448 67
3351 3449 68
3351 3450 69
3351 3451 70
3351 3452 71
3351 3453 72
3351 3454 73
3351 3455 74
3351 3456 75
3351 3457 76
3351 3458 77
3351 3459 78
3351 3460 79
3351 3461 80
3351 3462 81
3351 3463 82
3351 3464 83
3351 3465 84
3351 3466 85
3351 3467 86
3351 3468 87
3351 3469 88
3351 3470 89
3351 3471 90
3351 3472 91
3351 3473 92
3351 3474 93
3351 3475 94
3351 3476 95
3351 3477 96
3351 3478 97
3351 3479 98
3351 3480 99
3351 3481 100
3351 3482 101
3351 3483 102
3351 3484 103
3351 3485 104
3351 3486 105
3351 3487 106
3351 3488 107
3351 3489 108
3351 3490 109
3351 3491 110
3351 3492 111
3351 3493 112
3351 3494 113
3351 3495 114
3351 3496 115
3351 3497 116
3351 3498 117
3351 3499 118
3351 3500 119
3351 3501 120
3351 3502 121
3351 3503 122
3351 3504 123
3351 3505 124
3351 3506 125
3351 3507 126
3351 3508 127
3351 3509 128
3351 3510 129
3351 3511 130
3351 3512 131
3351 3513 132
3351 3514 133
3351 3515 134
3351 3516 135
3351 3517 136
3351 3518 137
3351 3519 138
3351 3520 139
3351 3521 140
3351 3522 141
3351 3523 142
3351 3524 143
3351 3525 144
3351 3526 145
3351 3527 146
3351 3528 147
3351 3529 148
3351 3530 149
3351 3531 150
3351 3532 151
3351 3533 152
3351 3534 153
3351 3535 154
3351 3536 155
3351 3537 156
3351 3538 157
3351 3539 158
3351 3540 159
3351 3541 160
3351 3542 161
3351 3543 162
3351 3544 163
3351 3545 164
3351 3546 165
3351 3547 166
3351 3548 168
3351 3549 169
3351 3550 170
3351 3551 171
3351 3552 172
3351 3553 173
3350 3351 167
3558 3559 74
3557 3558 29
3560 3561 182
3557 3560 30
3563 3564 192
3562 3563 75
3557 3562 31
3557 3565 32
3557 3566 33
3556 3557 126
3567 3568 131
3556 3567 127
3569 3570 131
3569 3571 132
3556 3569 128
3572 3573 46
3572 3574 47
3556 3572 129
3576 3577 157
3575 3576 136
3575 3578 137
3556 3575 130
3579 3580 137
3556 3579 131
3581 3582 161
3556 3581 132
3556 3583 133
3556 3584 134
3556 3585 135
3556 3586 136
3556 3587 137
3556 3588 138
3556 3589 139
3556 3590 140
3556 3591 141
3556 3592 142
3556 3593 143
3556 3594 144
3556 3595 145
3556 3596 146
3556 3597 147
3556 3598 148
3556 3599 149
3556 3600 150
3556 3601 151
3556 3602 152
3556 3603 153
3556 3604 154
3556 3605 155
3555 3556 16
3554 3555 193
3608 3609 182
3607 3608 84
3610 3611 8
3610 3612 9
3610 3613 10
3610 3614 11
3610 3615 12
3607 3610 85
3617 3618 33
3616 3617 87
3619 3620 102
3619 3621 103
3616 3619 88
3622 3623 18
3616 3622 89
3616 3624 90
3607 3616 86
3606 3607 12
3626 3627 43
3626 3628 44
3625 3626 1
3625 3629 2
3625 3630 3
3606 3625 13
3631 3632 118
3606 3631 14
3636 3637 15
3636 3638 16
3635 3636 7
3634 3635 101
3639 3640 196
3634 3639 102
3641 3642 153
3634 3641 103
3643 3644 19
3634 3643 104
3645 3646 86
3634 3645 105
3634 3647 106
3634 3648 107
3634 3649 108
3633 3634 130
3606 3633 15
3650 3651 84
3606 3650 16
3652 3653 181
3652 3654 182
3606 3652 17
3606 3655 18
3606 3656 19
3606 3657 20
3606 3658 21
3606 3659 22
3606 3660 23
3606 3661 24
3606 3662 25
3606 3663 26
3606 3664 27
3606 3665 28
3606 3666 29
3606 3667 30
3554 3606 194
3669 3670 194
3668 3669 23
3671 3672 189
3668 3671 24
3668 3673 25
3554 3668 195
3675 3676 83
3674 3675 160
3677 3678 116
3674 3677 161
3674 3679 162
3674 3680 163
3674 3681 164
3674 3682 165
3674 3683 166
3674 3684 167
3674 3685 168
3674 3686 169
3554 3674 196
3688 3689 125
3687 3688 199
3687 3690 200
3687 3691 1
3687 3692 2
3687 3693 3
3687 3694 4
3687 3695 5
3687 3696 6
3687 3697 7
3687 3698 8
3687 3699 9
3687 3700 10
3687 3701 11
3687 3702 12
3687 3703 13
3687 3704 14
3687 3705 15
3687 3706 16
3687 3707 17
3687 3708 18
3687 3709 19
3687 3710 20
3687 3711 21
3687 3712 22
3554 3687 197
3715 3716 7
3715 3717 8
3714 3715 73
3718 3719 91
3718 3720 92
3714 3718 74
3721 3722 2
3721 3723 3
3721 3724 4
3721 3725 5
3721 3726 6
3721 3727 7
3721 3728 8
3721 3729 9
3714 3721 75
3714 3730 76
3714 3731 77
3714 3732 78
3714 3733 79
3714 3734 80
3714 3735 81
3714 3736 82
3714 3737 83
3714 3738 84
3714 3739 85
3714 3740 86
3714 3741 87
3714 3742 88
3714 3743 89
3714 3744 90
3714 3745 91
3714 3746 92
3714 3747 93
3714 3748 94
3714 3749 95
3714 3750 96
3714 3751 97
3714 3752 98
3714 3753 99
3714 3754 100
3714 3755 101
3714 3756 102
3714 3757 103
3714 3758 104
3714 3759 105
3714 3760 106
3714 3761 107
3714 3762 108
3714 3763 110
3713 3714 109
3765 3766 109
3765 3767 110
3764 3765 97
3764 3768 98
3764 3769 99
3764 3770 100
3764 3771 101
3764 3772 102
3764 3773 103
3764 3774 104
3764 3775 105
3713 3764 110
3778 3779 53
3777 3778 93
3780 3781 119
3777 3780 94
3776 3777 122
3782 3783 158
3776 3782 123
3776 3784 124
3776 3785 125
3776 3786 126
3776 3787 127
3713 3776 111
3789 3790 19
3788 3789 142
3713 3788 112
3713 3791 113
3713 3792 114
3713 3793 115
3713 3794 116
3713 3795 117
3713 3796 118
3713 3797 119
3713 3798 120
3713 3799 121
3713 3800 122
3713 3801 123
3713 3802 124
3713 3803 125
3713 3804 126
3713 3805 127
3713 3806 128
3713 3807 129
3713 3808 130
3713 3809 131
3554 3713 198
3810 3811 29
3810 3812 30
3810 3813 31
3810 3814 32
3810 3815 33
3554 3810 199
3816 3817 170
3816 3818 171
3554 3816 200
3554 3819 1
3554 3820 2
3554 3821 3
3554 3822 4
3554 3823 5
3554 3824 6
3554 3825 7
3554 3826 8
3554 3827 9
3554 3828 10
3554 3829 11
3554 3830 12
3554 3831 13
3554 3832 14
3554 3833 15
3554 3834 16
3554 3835 17
3554 3836 18
3554 3837 19
3554 3838 20
3554 3839 21
3554 3840 22
3554 3841 23
3554 3842 24
3554 3843 25
3554 3844 26
3554 3845 27
3554 3846 28
3554 3847 29
3554 3848 30
3554 3849 31
3554 3850 32
3554 3851 33
3554 3852 34
3554 3853 35
3554 3854 36
3554 3855 37
3554 3856 38
3554 3857 39
3554 3858 40
3554 3859 41
3554 3860 42
3554 3861 43
3554 3862 44
3554 3863 45
3554 3864 46
3554 3865 47
3554 3866 48
3554 3867 49
3554 3868 50
3554 3869 51
3554 3870 52
3350 3554 168
3872 3873 66
3871 3872 131
3875 3876 97
3875 3877 98
3874 3875 85
3878 3879 35
3874 3878 86
3874 3880 87
3871 3874 132
3350 3871 169
3882 3883 136
3882 3884 137
3881 3882 168
3887 3888 15
3887 3889 16
3886 3887 32
3890 3891 149
3886 3890 33
3885 3886 48
3885 3892 49
3881 3885 169
3893 3894 135
3881 3893 171
3881 3895 172
3881 3896 173
3881 3897 174
3881 3898 175
3881 3899 176
3881 3900 177
3881 3901 178
3881 3902 179
3881 3903 180
3881 3904 181
3881 3905 182
3881 3906 183
3881 3907 184
3881 3908 185
3881 3909 186
3881 3910 187
3881 3911 188
3350 3881 170
3912 3913 83
3350 3912 171
3914 3915 144
3914 3916 145
3914 3917 146
3914 3918 147
3914 3919 148
3914 3920 149
3914 3921 150
3914 3922 151
3914 3923 152
3914 3924 153
3350 3914 172
3925 3926 81
3350 3925 173
3927 3928 111
3927 3929 112
3927 3930 113
3350 3927 174
3350 3931 175
3350 3932 176
3350 3933 177
3350 3934 178
3350 3935 179
3350 3936 180
3350 3937 181
3350 3938 182
3350 3939 183
3350 3940 184
3350 3941 185
3350 3942 186
3350 3943 187
3350 3944 188
3350 3945 189
3350 3946 190
3350 3947 191
3350 3948 192
3350 3949 193
3350 3950 194
3350 3951 195
3350 3952 196
3350 3953 197
3350 3954 198
3350 3955 199
3350 3956 200
3350 3957 1
3350 3958 2
3350 3959 3
3350 3960 4
3350 3961 5
3350 3962 6
3350 3963 7
3350 3964 8
3350 3965 9
3350 3966 10
3350 3967 11
3350 3968 12
3350 3969 13
3350 3970 14
3350 3971 15
3350 3972 16
3350 3973 17
3350 3974 18
3350 3975 19
3350 3976 20
3350 3977 21
3350 3978 22
3350 3979 23
3350 3980 24
3350 3981 25
3350 3982 26
3350 3983 27
3350 3984 28
3350 3985 29
3350 3986 30
3350 3987 31
3350 3988 32
3350 3989 33
3350 3990 34
3350 3991 35
3350 3992 36
3350 3993 37
3350 3994 38
3350 3995 39
3350 3996 40
3350 3997 41
3350 3998 42
3350 3999 43
3350 4000 44
3350 4001 45
3349 3350 152
4004 4005 28
4003 4004 167
4003 4006 168
4003 4007 169
4003 4008 170
4003 4009 171
4003 4010 172
4003 4011 173
4002 4003 26
4013 4014 174
4012 4013 16
4012 4015 17
4002 4012 27
4002 4016 28
4002 4017 29
4002 4018 30
4002 4019 31
4002 4020 32
4002 4021 33
4002 4022 34
4002 4023 35
4002 4024 36
4002 4025 37
3349 4002 153
4028 4029 19
4027 4028 86
4027 4030 87
4026 4027 198
4034 4035 77
4033 4034 108
4033 4036 109
4033 4037 110
4032 4033 32
4031 4032 183
4026 4031 199
3349 4026 154
4040 4041 167
4039 4040 130
4038 4039 78
4038 4042 79
4038 4043 80
4038 4044 81
3349 4038 155
4045 4046 56
4045 4047 57
3349 4045 156
4048 4049 190
3349 4048 157
3349 4050 158
3349 4051 159
3349 4052 160
3349 4053 161
3349 4054 162
3349 4055 163
3349 4056 164
3349 4057 165
3349 4058 166
3349 4059 167
3349 4060 168
3349 4061 169
3349 4062 170
3349 4063 171
3349 4064 172
3349 4065 173
3349 4066 174
3349 4067 175
3349 4068 176
3349 4069 177
3349 4070 178
3349 4071 179
3349 4072 180
3349 4073 181
3349 4074 182
3349 4075 183
3349 4076 184
3349 4077 185
3349 4078 186
3349 4079 187
3349 4080 188
3349 4081 189
3349 4082 190
3349 4083 191
3349 4084 192
3349 4085 193
3349 4086 194
3349 4087 195
3349 4088 196
3349 4089 197
3349 4090 198
3349 4091 199
3349 4092 200
3349 4093 1
3349 4094 2
3349 4095 3
3349 4096 4
2551 3349 103
4099 4100 31
4098 4099 65
4098 4101 66
4098 4102 67
4097 4098 56
4105 4106 182
4104 4105 142
4103 4104 50
4097 4103 57
4109 4110 54
4109 4111 55
4109 4112 56
4109 4113 57
4109 4114 58
4109 4115 59
4109 4116 60
4109 4117 61
4108 4109 78
4107 4108 140
4119 4120 152
4118 4119 107
4107 4118 141
4121 4122 50
4107 4121 142
4123 4124 13
4123 4125 14
4123 4126 15
4107 4123 143
4127 4128 128
4107 4127 144
4097 4107 58
4129 4130 85
4097 4129 59
4132 4133 67
4131 4132 36
4134 4135 134
4131 4134 37
4097 4131 60
2551 4097 104
4140 4141 38
4140 4142 40
4139 4140 39
4138 4139 81
4138 4143 82
4137 4138 159
4145 4146 122
4144 4145 46
4148 4149 109
4147 4148 85
4150 4151 161
4147 4150 86
4144 4147 47
4144 4152 48
4137 4144 160
4136 4137 130
4154 4155 185
4154 4156 186
4154 4157 187
4153 4154 150
4153 4158 151
4136 4153 131
4160 4161 91
4159 4160 10
4159 4162 11
4136 4159 132
4167 4168 68
4166 4167 166
4165 4166 198
4164 4165 12
4163 4164 117
4170 4171 135
4169 4170 128
4173 4174 70
4173 4175 71
4172 4173 147
4172 4176 148
4169 4172 129
4163 4169 118
4177 4178 161
4177 4179 162
4177 4180 163
4163 4177 119
4163 4181 120
4163 4182 121
4136 4163 133
4183 4184 24
4136 4183 134
4185 4186 156
4136 4185 135
4136 4187 136
4136 4188 137
4136 4189 138
4136 4190 139
4136 4191 140
4136 4192 141
4136 4193 142
4136 4194 143
4136 4195 144
4136 4196 145
4136 4197 146
4136 4198 147
4136 4199 148
4136 4200 149
4136 4201 150
4136 4202 151
4136 4203 152
4136 4204 153
4136 4205 154
4136 4206 155
4136 4207 156
4136 4208 157
4136 4209 158
4136 4210 159
4136 4211 160
4136 4212 161
4136 4213 162
4136 4214 163
4136 4215 164
4136 4216 165
4136 4217 166
4136 4218 167
4136 4219 168
4136 4220 169
4136 4221 170
4136 4222 171
4136 4223 172
4136 4224 173
4136 4225 174
4136 4226 175
4136 4227 176
4136 4228 177
4136 4229 178
4136 4230 179
4136 4231 180
4136 4232 181
4136 4233 182
4136 4234 183
4136 4235 184
4136 4236 185
4136 4237 186
4136 4238 187
4136 4239 188
4136 4240 189
4136 4241 190
4136 4242 191
4136 4243 192
4136 4244 193
4136 4245 194
4136 4246 195
4136 4247 196
4136 4248 197
4136 4249 198
4136 4250 199
4136 4251 200
4136 4252 1
4136 4253 2
4136 4254 3
4136 4255 4
4136 4256 5
4136 4257 6
4136 4258 7
4136 4259 8
4136 4260 9
4136 4261 10
4136 4262 11
4136 4263 12
4136 4264 13
4136 4265 14
4136 4266 15
4136 4267 16
4136 4268 17
4136 4269 18
4136 4270 19
4136 4271 20
4136 4272 21
4136 4273 22
4136 4274 23
4136 4275 24
4136 4276 25
4136 4277 26
4136 4278 27
4136 4279 28
4136 4280 29
4136 4281 30
4136 4282 31
4136 4283 32
4136 4284 33
4136 4285 34
4136 4286 35
4136 4287 36
4136 4288 37
4136 4289 38
2551 4136 105
4292 4293 142
4292 4294 143
4292 4295 144
4292 4296 145
4291 4292 146
4301 4302 193
4300 4301 62
4300 4303 63
4300 4304 64
4300 4305 65
4300 4306 66
4300 4307 67
4300 4308 68
4300 4309 69
4300 4310 70
4299 4300 38
4311 4312 54
4311 4313 55
4311 4314 56
4311 4315 57
4311 4316 58
4299 4311 39
4317 4318 124
4317 4319 125
4317 4320 126
4299 4317 40
4299 4321 41
4298 4299 7
4322 4323 91
4298 4322 8
4324 4325 54
4324 4326 55
4298 4324 9
4298 4327 10
4297 4298 134
4330 4331 162
4330 4332 163
4330 4333 164
4330 4334 165
4330 4335 166
4329 4330 157
4337 4338 34
4337 4339 35
4336 4337 15
4329 4336 158
4341 4342 102
4340 4341 197
4340 4343 198
4329 4340 159
4329 4344 160
4328 4329 13
4345 4346 10
4328 4345 14
4328 4347 15
4328 4348 16
4328 4349 17
4328 4350 18
4328 4351 19
4328 4352 20
4328 4353 21
4328 4354 22
4328 4355 23
4328 4356 24
4328 4357 25
4328 4358 26
4328 4359 27
4328 4360 28
4328 4361 29
4328 4362 30
4328 4363 31
4297 4328 135
4365 4366 93
4364 4365 153
4364 4367 154
4364 4368 155
4364 4369 156
4297 4364 136
4371 4372 110
4370 4371 91
4374 4375 145
4373 4374 73
4373 4376 74
4370 4373 92
4297 4370 137
4297 4377 138
4297 4378 139
4297 4379 140
4297 4380 141
4291 4297 147
4384 4385 60
4383 4384 140
4383 4386 141
4383 4387 142
4382 4383 194
4389 4390 57
4388 4389 71
4388 4391 72
4382 4388 195
4382 4392 196
4382 4393 197
4382 4394 198
4381 4382 128
4396 4397 60
4395 4396 136
4398 4399 197
4395 4398 137
4400 4401 130
4395 4400 138
4381 4395 129
4402 4403 131
4381 4402 130
4404 4405 141
4404 4406 142
4404 4407 143
4381 4404 131
4381 4408 132
4291 4381 148
4409 4410 154
4409 4411 155
4409 4412 156
4409 4413 157
4409 4414 158
4409 4415 159
4409 4416 160
4409 4417 161
4409 4418 162
4409 4419 163
4291 4409 149
4422 4423 86
4421 4422 42
4420 4421 140
4424 4425 172
4420 4424 141
4420 4426 142
4420 4427 143
4420 4428 144
4420 4429 145
4420 4430 146
4420 4431 147
4420 4432 148
4420 4433 149
4420 4434 151
4420 4435 152
4420 4436 153
4420 4437 154
4420 4438 155
4420 4439 156
4420 4440 157
4420 4441 158
4420 4442 159
4420 4443 160
4420 4444 161
4420 4445 162
4420 4446 163
4420 4447 164
4420 4448 165
4420 4449 166
4420 4450 167
4420 4451 168
4420 4452 169
4291 4420 150
4453 4454 21
4453 4455 22
4291 4453 151
4291 4456 152
4291 4457 153
4291 4458 154
4291 4459 155
4291 4460 156
4291 4461 157
4291 4462 158
4291 4463 159
4291 4464 160
4291 4465 161
4291 4466 162
4291 4467 163
4291 4468 164
4291 4469 165
4291 4470 166
4291 4471 167
4291 4472 168
4291 4473 169
4291 4474 170
4291 4475 171
4291 4476 172
4290 4291 103
4477 4478 109
4290 4477 104
4480 4481 152
4480 4482 153
4480 4483 154
4480 4484 155
4480 4485 109
4479 4480 109
4290 4479 105
4486 4487 44
4486 4488 45
4486 4489 46
4486 4490 47
4290 4486 107
4491 4492 187
4290 4491 108
4290 4493 109
4290 4494 110
4290 4495 111
4290 4496 112
4290 4497 113
4290 4498 114
4290 4499 115
4290 4500 116
4290 4501 117
4290 4502 118
4290 4503 119
4290 4504 120
4290 4505 121
4290 4506 122
4290 4507 123
4290 4508 124
4290 4509 125
4290 4510 126
4290 4511 127
4290 4512 128
4290 4513 129
4290 4514 130
4290 4515 131
4290 4516 132
4290 4517 133
4290 4518 134
4290 4519 135
4290 4520 136
4290 4521 137
4290 4522 138
2551 4290 106
4525 4526 176
4524 4525 149
4527 4528 164
4524 4527 150
4524 4529 151
4524 4530 152
4524 4531 153
4524 4532 154
4523 4524 15
4533 4534 91
4523 4533 16
4535 4536 190
4523 4535 17
4537 4538 13
4523 4537 18
4523 4539 19
4523 4540 20
4523 4541 21
4523 4542 22
4523 4543 23
4523 4544 24
4523 4545 25
4523 4546 26
2551 4523 107
4550 4551 4
4549 4550 29
4552 4553 187
4549 4552 30
4549 4554 31
4548 4549 189
4556 4557 177
4556 4558 178
4555 4556 64
4560 4561 173
4559 4560 45
4559 4562 46
4555 4559 65
4563 4564 167
4555 4563 66
4555 4565 67
4555 4566 68
4555 4567 69
4555 4568 70
4555 4569 71
4555 4570 72
4548 4555 190
4547 4548 162
4573 4574 133
4572 4573 115
4572 4575 117
4572 4576 118
4572 4577 119
4572 4578 120
4572 4579 121
4571 4572 116
4581 4582 37
4581 4583 38
4581 4584 39
4581 4585 40
4580 4581 48
4586 4587 100
4580 4586 49
4571 4580 117
4589 4590 53
4588 4589 128
4571 4588 118
4571 4591 119
4571 4592 120
4547 4571 163
4593 4594 167
4547 4593 164
4596 4597 167
4595 4596 61
4547 4595 165
4598 4599 126
4547 4598 166
4547 4600 167
4547 4601 168
4547 4602 169
4547 4603 170
2551 4547 108
4605 4606 10
4605 4607 11
4604 4605 171
4608 4609 121
4604 4608 172
4610 4611 174
4604 4610 173
2551 4604 109
4613 4614 87
4613 4615 88
4613 4616 89
4613 4617 90
4613 4618 91
4612 4613 32
4619 4620 146
4619 4621 147
4619 4622 148
4612 4619 33
4612 4623 34
2551 4612 110
4624 4625 69
2551 4624 111
4627 4628 48
4626 4627 97
4629 4630 59
4626 4629 98
2551 4626 112
4631 4632 6
2551 4631 113
4633 4634 15
2551 4633 114
2551 4635 115
2551 4636 116
2551 4637 117
2551 4638 118
2551 4639 119
2551 4640 120
2551 4641 122
2551 4642 123
2551 4643 124
2551 4644 125
2551 4645 126
2551 4646 127
2551 4647 128
2551 4648 129
2551 4649 130
2551 4650 131
2551 4651 132
2551 4652 133
2551 4653 134
2551 4654 135
2551 4655 136
2551 4656 137
2551 4657 138
2551 4658 139
2551 4659 140
2551 4660 141
2551 4661 142
2551 4662 143
2551 4663 144
2551 4664 145
2551 4665 146
2551 4666 147
2551 4667 148
2551 4668 149
2551 4669 150
2551 4670 151
2551 4671 152
2551 4672 153
2551 4673 154
2551 4674 155
2551 4675 156
2551 4676 157
2551 4677 158
2551 4678 159
2551 4679 160
2551 4680 161
2551 4681 162
2551 4682 163
2551 4683 164
2551 4684 165
2551 4685 166
2551 4686 167
2551 4687 168
2551 4688 169
2551 4689 170
2551 4690 171
2551 4691 172
2551 4692 173
2551 4693 174
2551 4694 175
2551 4695 176
2551 4696 177
2551 4697 178
2551 4698 179
2551 4699 180
2551 4700 181
2551 4701 182
2551 4702 183
2551 4703 184
2551 4704 185
2551 4705 186
2551 4706 187
2551 4707 188
2551 4708 189
2551 4709 190
2551 4710 191
2551 4711 192
2551 4712 193
2551 4713 194
2551 4714 195
2551 4715 196
2551 4716 197
2551 4717 198
2551 4718 199
2551 4719 200
2551 4720 1
2551 4721 2
2551 4722 3
2551 4723 4
2551 4724 5
2551 4725 6
2551 4726 7
2551 4727 8
2551 4728 9
2551 4729 10
2551 4730 11
2551 4731 12
2551 4732 13
2551 4733 14
2551 4734 15
2551 4735 16
2551 4736 17
2551 4737 18
2551 4738 19
2551 4739 20
2551 4740 21
2551 4741 22
1 2551 121
4744 4745 164
4743 4744 142
4748 4749 164
4747 4748 122
4746 4747 147
4746 4750 148
4743 4746 143
4751 4752 21
4751 4753 22
4751 4754 23
4743 4751 144
4756 4757 94
4755 4756 83
4743 4755 145
4758 4759 185
4743 4758 146
4760 4761 91
4760 4762 92
4743 4760 147
4742 4743 83
1 4742 122
4765 4766 136
4765 4767 137
4764 4765 185
4768 4769 39
4764 4768 186
4770 4771 156
4764 4770 187
4772 4773 41
4764 4772 188
4764 4774 189
4764 4775 190
4763 4764 179
4777 4778 82
4776 4777 145
4779 4780 24
4776 4779 146
4763 4776 180
4763 4781 181
4763 4782 182
4763 4783 183
4763 4784 184
4763 4785 185
4763 4786 186
4763 4787 187
4763 4788 188
4763 4789 189
4763 4790 190
4763 4791 191
4763 4792 192
4763 4793 193
4763 4794 194
4763 4795 195
4763 4796 196
4763 4797 197
4763 4798 198
4763 4799 199
4763 4800 200
4763 4801 1
4763 4802 2
4763 4803 3
4763 4804 4
4763 4805 5
4763 4806 6
4763 4807 7
4763 4808 8
4763 4809 9
4763 4810 10
4763 4811 11
4763 4812 12
4763 4813 13
4763 4814 14
4763 4815 15
4763 4816 16
4763 4817 17
4763 4818 18
4763 4819 19
4763 4820 20
4763 4821 21
1 4763 123
4824 4825 25
4823 4824 134
4823 4826 135
4823 4827 136
4823 4828 137
4823 4829 138
4822 4823 39
1 4822 124
4831 4832 167
4830 4831 180
4830 4833 181
1 4830 125
4834 4835 99
1 4834 126
4836 4837 176
1 4836 127
1 4838 128
1 4839 129
1 4840 130
1 4841 131
1 4842 132
1 4843 133
1 4844 134
1 4845 135
1 4846 136
1 4847 137
1 4848 138
1 4849 139
1 4850 140
1 4851 141
1 4852 142
1 4853 143
1 4854 144
1 4855 145
1 4856 146
1 4857 147
1 4858 148
1 4859 149
1 4860 150
1 4861 151
1 4862 152
1 4863 153
1 4864 154
1 4865 155
1 4866 156
1 4867 157
1 4868 158
1 4869 159
1 4870 160
1 4871 161
1 4872 162
1 4873 163
1 4874 164
1 4875 165
1 4876 166
1 4877 167
1 4878 168
1 4879 169
1 4880 170
1 4881 171
1 4882 172
1 4883 173
1 4884 174
1 4885 175
1 4886 176
1 4887 177
1 4888 178
1 4889 179
1 4890 180
1 4891 181
1 4892 182
1 4893 183
1 4894 184
1 4895 185
1 4896 186
1 4897 187
1 4898 188
1 4899 189
1 4900 190
1 4901 191
1 4902 192
1 4903 193
1 4904 194
1 4905 195
1 4906 196
1 4907 197
1 4908 198
1 4909 199
1 4910 200
1 4911 2
1 4912 3
1 4913 4
1 4914 5
1 4915 6
1 4916 7
1 4917 8
1 4918 9
1 4919 10
1 4920 11
1 4921 12
1 4922 13
1 4923 14
1 4924 15
1 4925 16
1 4926 17
1 4927 18
1 4928 19
1 4929 20
1 4930 21
1 4931 22
1 4932 23
1 4933 24
1 4934 25
1 4935 26
1 4936 27
1 4937 28
1 4938 29
1 4939 30
1 4940 31
1 4941 32
1 4942 33
1 4943 34
1 4944 35
1 4945 36
1 4946 37
1 4947 38
1 4948 39
1 4949 40
1 4950 41
1 4951 42
1 4952 43
1 4953 44
1 4954 45
1 4955 46
1 4956 47
1 4957 48
1 4958 49
1 4959 50
1 4960 51
1 4961 52
1 4962 53
1 4963 54
1 4964 55
1 4965 56
1 4966 57
1 4967 58
1 4968 59
1 4969 60
1 4970 61
1 4971 62
1 4972 63
1 4973 64
1 4974 65
1 4975 66
1 4976 67
1 4977 68
1 4978 69
1 4979 70
1 4980 71
1 4981 72
1 4982 73
1 4983 74
1 4984 75
1 4985 76
1 4986 77
1 4987 78
1 4988 79
1 4989 80
1 4990 81
1 4991 82
1 4992 83
1 4993 84
1 4994 85
1 4995 86
1 4996 87
1 4997 88
1 4998 89
1 4999 90
1 5000 91
