6000
13 14 38
12 13 85
11 12 59
11 15 60
11 16 61
11 17 62
11 18 63
11 19 64
11 20 65
11 21 66
10 11 84
25 26 2
25 27 3
24 25 31
23 24 40
23 28 41
23 29 42
23 30 43
23 31 44
23 32 45
23 33 46
23 34 47
23 35 48
23 36 49
23 37 50
23 38 51
23 39 52
23 40 53
23 41 54
23 42 55
23 43 56
23 44 57
22 23 80
47 48 92
47 49 93
47 50 94
46 47 71
51 52 48
51 53 49
51 54 50
51 55 51
51 56 52
51 57 53
51 58 54
51 59 55
46 51 72
45 46 85
45 60 86
45 61 87
45 62 88
45 63 89
22 45 81
64 65 98
64 66 99
22 64 82
69 70 45
68 69 37
67 68 23
22 67 83
71 72 74
22 71 84
73 74 96
73 75 97
22 73 86
77 78 29
77 79 30
77 80 31
76 77 40
22 76 87
22 81 88
22 82 89
22 83 90
22 84 91
22 85 92
22 86 93
22 87 94
22 88 95
22 89 96
22 90 97
10 22 85
92 93 91
91 92 60
91 94 61
91 95 62
91 96 63
91 97 64
91 98 65
91 99 66
91 100 67
91 101 68
91 102 69
91 103 70
91 104 71
91 105 72
91 106 73
91 107 74
91 108 75
91 109 76
10 91 86
111 112 36
110 111 89
10 110 87
113 114 81
10 113 88
10 115 89
9 10 11
118 119 42
118 120 43
118 121 44
117 118 62
122 123 88
117 122 63
117 124 64
117 125 65
117 126 66
117 127 67
117 128 68
117 129 69
116 117 72
130 131 52
130 132 53
116 130 73
116 133 74
116 134 75
116 135 76
116 136 77
116 137 78
116 138 79
116 139 80
116 140 81
116 141 82
116 142 83
116 143 84
116 144 85
116 145 86
116 146 87
116 147 88
116 148 89
116 149 90
116 150 91
116 151 92
116 152 93
116 153 94
116 154 95
116 155 96
116 156 97
116 157 98
116 158 99
9 116 12
159 160 80
159 161 81
9 159 13
163 164 52
162 163 17
162 165 18
162 166 19
9 162 14
167 168 86
9 167 15
171 172 89
170 171 64
169 170 3
169 173 4
169 174 5
169 175 6
9 169 16
176 177 96
9 176 17
178 179 93
9 178 18
180 181 2
9 180 19
9 182 20
9 183 21
9 184 22
9 185 23
9 186 24
9 187 25
9 188 26
9 189 27
9 190 28
9 191 29
9 192 30
9 193 31
9 194 32
9 195 33
9 196 34
9 197 35
9 198 36
9 199 37
9 200 38
9 201 39
9 202 40
9 203 41
9 204 42
9 205 43
9 206 44
9 207 45
9 208 46
9 209 47
9 210 48
9 211 49
9 212 50
9 213 51
9 214 52
9 215 53
9 216 54
9 217 55
9 218 56
9 219 57
9 220 58
9 221 59
9 222 60
9 223 61
9 224 62
9 225 63
9 226 64
8 9 71
230 231 48
230 232 49
229 230 60
229 233 61
229 234 62
229 235 63
229 236 64
229 237 65
229 238 66
229 239 67
229 240 68
229 241 69
229 242 70
229 243 71
229 244 72
229 245 73
229 246 74
229 247 75
228 229 18
248 249 100
228 248 19
250 251 27
228 250 20
228 252 21
228 253 22
228 254 23
228 255 24
228 256 25
228 257 26
227 228 77
261 262 21
261 263 22
260 261 40
264 265 8
260 264 41
260 266 42
260 267 43
260 268 44
259 260 15
272 273 5
271 272 84
270 271 16
269 270 49
274 275 26
269 274 50
259 269 16
277 278 61
276 277 9
276 279 10
276 280 11
276 281 12
276 282 13
259 276 17
283 284 98
283 285 99
283 286 100
283 287 1
259 283 18
289 290 11
288 289 71
259 288 19
291 292 86
259 291 20
259 293 21
259 294 22
259 295 23
259 296 24
259 297 25
259 298 26
259 299 27
259 300 28
259 301 29
259 302 30
259 303 31
259 304 32
259 305 33
259 306 34
259 307 35
259 308 36
259 309 37
259 310 38
259 311 39
259 312 40
259 313 41
259 314 42
259 315 43
259 316 44
259 317 45
259 318 46
259 319 47
259 320 48
259 321 49
259 322 50
259 323 51
259 324 52
259 325 53
259 326 54
259 327 55
259 328 56
259 329 57
259 330 58
259 331 59
259 332 60
259 333 61
259 334 62
259 335 63
259 336 64
259 337 65
259 338 66
259 339 67
259 340 68
259 341 69
259 342 70
259 343 71
259 344 72
259 345 73
259 346 74
259 347 75
259 348 76
259 349 77
259 350 78
259 351 79
259 352 80
259 353 81
259 354 82
259 355 83
258 259 2
358 359 90
357 358 43
360 361 22
360 362 23
357 360 44
363 364 62
357 363 45
365 366 25
365 367 26
357 365 46
357 368 47
357 369 48
357 370 49
357 371 50
357 372 51
357 373 52
357 374 53
357 375 54
357 376 55
357 377 56
357 378 57
357 379 58
357 380 59
357 381 60
357 382 61
357 383 62
357 384 63
357 385 64
357 386 65
357 387 66
357 388 67
357 389 68
357 390 69
357 391 70
357 392 72
357 393 73
357 394 74
357 395 75
357 396 76
357 397 77
357 398 78
357 399 79
357 400 80
357 401 81
357 402 82
357 403 83
357 404 84
357 405 85
357 406 86
357 407 87
357 408 88
357 409 89
357 410 90
357 411 91
357 412 92
357 413 93
357 414 94
357 415 95
357 416 96
357 417 97
357 418 98
357 419 99
357 420 100
356 357 71
422 423 23
422 424 24
421 422 58
425 426 5
421 425 59
428 429 51
427 428 17
427 430 18
421 427 60
431 432 56
421 431 61
421 433 62
421 434 63
421 435 64
421 436 65
421 437 66
421 438 67
421 439 68
421 440 69
421 441 70
421 442 71
421 443 73
421 444 74
356 421 72
448 449 34
447 448 86
447 450 87
447 451 88
447 452 89
447 453 90
447 454 91
447 455 92
446 447 51
445 446 83
457 458 39
457 459 40
456 457 47
460 461 32
460 462 33
456 460 48
445 456 84
445 463 85
445 464 86
445 465 87
445 466 88
445 467 89
445 468 90
445 469 91
445 470 92
445 471 93
445 472 94
445 473 95
445 474 96
445 475 97
445 476 98
445 477 99
445 478 100
445 479 1
445 480 2
445 481 3
445 482 4
445 483 5
445 484 6
445 485 7
445 486 8
445 487 9
445 488 10
445 489 11
445 490 12
445 491 13
445 492 14
356 445 73
494 495 77
493 494 36
496 497 100
493 496 37
493 498 38
493 499 39
356 493 74
500 501 5
356 500 75
356 502 76
356 503 77
356 504 78
356 505 79
356 506 80
258 356 3
509 510 39
508 509 27
507 508 36
511 512 18
507 511 37
258 507 4
514 515 34
514 516 35
514 517 36
514 518 37
514 519 38
514 520 39
513 514 88
521 522 32
513 521 89
513 523 90
513 524 91
258 513 5
525 526 60
525 527 61
258 525 6
529 530 92
528 529 45
528 531 46
528 532 47
528 533 48
528 534 49
258 528 7
535 536 64
535 537 65
535 538 66
258 535 8
540 541 19
539 540 23
258 539 9
258 542 10
258 543 11
258 544 12
258 545 13
227 258 78
547 548 41
546 547 90
227 546 79
551 552 89
551 553 90
551 554 91
551 555 92
551 556 93
551 557 94
550 551 8
558 559 71
550 558 9
561 562 79
560 561 73
560 563 74
560 564 75
560 565 76
560 566 77
560 567 78
560 568 79
550 560 10
569 570 17
550 569 11
549 550 66
573 574 4
572 573 21
571 572 69
549 571 67
575 576 99
549 575 68
549 577 69
549 578 70
549 579 71
549 580 72
549 581 73
227 549 80
582 583 70
582 584 71
582 585 72
582 586 73
582 587 74
227 582 81
590 591 23
589 590 83
593 594 11
592 593 77
589 592 84
595 596 32
589 595 85
589 597 86
589 598 87
589 599 88
588 589 92
227 588 82
600 601 61
227 600 83
603 604 53
602 603 60
227 602 84
8 227 72
607 608 81
606 607 51
606 609 52
605 606 20
610 611 44
610 612 45
605 610 21
613 614 20
605 613 22
605 615 23
605 616 24
605 617 25
605 618 26
605 619 27
605 620 28
605 621 29
605 622 30
605 623 31
605 624 32
605 625 33
605 626 34
605 627 35
605 628 36
605 629 37
605 630 38
8 605 73
633 634 86
632 633 59
632 635 60
632 636 61
632 637 62
632 638 63
632 639 64
632 640 65
631 632 94
8 631 74
641 642 88
641 643 89
641 644 90
8 641 75
645 646 44
8 645 76
647 648 43
647 649 44
8 647 77
8 650 78
8 651 79
8 652 80
8 653 81
8 654 82
8 655 83
8 656 84
8 657 85
8 658 86
8 659 87
8 660 88
8 661 89
8 662 90
8 663 91
8 664 92
8 665 93
8 666 94
8 667 95
8 668 96
8 669 97
8 670 98
8 671 99
8 672 100
8 673 1
8 674 2
8 675 3
8 676 4
8 677 5
8 678 6
8 679 7
8 680 8
8 681 9
8 682 10
8 683 11
8 684 12
8 685 13
8 686 14
8 687 15
8 688 16
8 689 17
8 690 18
7 8 32
694 695 58
693 694 71
692 693 14
696 697 38
692 696 15
691 692 65
702 703 99
701 702 71
704 705 58
701 704 72
700 701 26
699 700 58
708 709 47
707 708 62
707 710 63
706 707 27
706 711 28
706 712 29
699 706 59
713 714 88
713 715 89
713 716 90
713 717 91
699 713 60
699 718 61
699 719 62
699 720 63
699 721 64
699 722 65
699 723 66
699 724 67
699 725 68
699 726 69
699 727 70
699 728 71
699 729 72
699 730 73
699 731 74
699 732 75
698 699 27
733 734 91
733 735 92
733 736 93
733 737 94
733 738 95
733 739 96
698 733 28
740 741 34
740 742 35
740 743 36
740 744 37
740 745 38
698 740 29
747 748 23
746 747 21
746 749 22
698 746 30
750 751 74
698 750 31
752 753 30
698 752 32
698 754 33
698 755 34
698 756 35
698 757 36
698 758 37
698 759 38
698 760 39
698 761 40
698 762 41
698 763 42
698 764 43
698 765 44
691 698 66
768 769 82
767 768 83
770 771 49
767 770 84
766 767 17
772 773 83
766 772 18
766 774 19
766 775 20
766 776 21
766 777 22
766 778 23
766 779 24
766 780 25
766 781 26
766 782 27
766 783 28
766 784 29
766 785 30
691 766 67
788 789 16
787 788 83
786 787 13
786 790 14
786 791 15
691 786 68
793 794 81
792 793 73
792 795 74
792 796 75
792 797 76
792 798 77
792 799 78
792 800 79
691 792 69
804 805 86
803 804 48
802 803 77
801 802 36
801 806 37
801 807 38
801 808 39
801 809 40
801 810 41
801 811 42
801 812 43
801 813 44
691 801 70
814 815 4
691 814 71
818 819 62
818 820 63
817 818 43
816 817 8
691 816 72
691 821 73
691 822 74
691 823 75
691 824 76
691 825 77
691 826 78
691 827 79
691 828 80
691 829 81
691 830 82
691 831 83
691 832 84
691 833 85
691 834 86
691 835 87
691 836 88
691 837 89
691 838 90
691 839 91
691 840 92
691 841 93
691 842 94
691 843 95
691 844 96
691 845 97
691 846 98
691 847 99
691 848 100
691 849 1
691 850 2
691 851 3
691 852 4
691 853 5
691 854 6
691 855 7
691 856 8
691 857 9
691 858 10
691 859 11
691 860 12
691 861 13
691 862 14
691 863 15
691 864 16
691 865 17
691 866 18
691 867 19
691 868 20
691 869 21
691 870 22
691 871 23
691 872 24
691 873 25
691 874 26
691 875 27
691 876 28
691 877 29
691 878 30
691 879 31
691 880 32
691 881 33
691 882 35
691 883 36
691 884 37
691 885 38
691 886 39
7 691 34
891 892 80
891 893 81
891 894 82
890 891 32
896 897 17
895 896 91
890 895 33
898 899 20
890 898 34
890 900 35
890 901 36
890 902 37
890 903 38
890 904 39
890 905 40
890 906 41
890 907 42
890 908 43
890 909 44
890 910 45
890 911 46
889 890 31
914 915 74
914 916 75
913 914 71
912 913 83
912 917 84
889 912 32
919 920 82
918 919 12
918 921 13
918 922 14
918 923 15
889 918 33
925 926 70
925 927 71
925 928 72
925 929 73
925 930 74
925 931 75
924 925 82
889 924 34
932 933 41
889 932 35
889 934 36
889 935 37
889 936 38
889 937 39
889 938 40
889 939 41
889 940 42
889 941 43
889 942 44
889 943 45
889 944 46
889 945 47
889 946 48
889 947 49
889 948 50
888 889 61
950 951 98
949 950 3
888 949 62
952 953 34
952 954 35
952 955 36
888 952 63
956 957 26
956 958 27
956 959 28
956 960 29
956 961 30
956 962 31
888 956 64
963 964 57
888 963 65
888 965 66
888 966 67
888 967 68
888 968 69
888 969 70
888 970 71
888 971 72
888 972 73
888 973 74
888 974 75
887 888 13
978 979 22
978 980 23
978 981 24
977 978 57
982 983 83
977 982 58
986 987 75
985 986 46
984 985 14
977 984 60
988 989 79
977 988 61
977 990 62
977 991 63
977 992 64
977 993 65
977 994 66
977 995 67
977 996 68
977 997 69
977 998 70
977 999 71
977 1000 72
977 1001 73
977 1002 74
977 1003 75
977 1004 76
977 1005 77
977 1006 78
977 1007 79
977 1008 80
977 1009 81
977 1010 82
977 1011 83
977 1012 84
977 1013 85
977 1014 86
977 1015 87
977 1016 88
977 1017 89
977 1018 90
977 1019 91
977 1020 92
977 1021 93
977 1022 94
977 1023 95
977 1024 96
977 1025 97
977 1026 98
977 1027 99
977 1028 100
977 1029 1
977 1030 2
977 1031 3
977 1032 4
977 1033 5
977 1034 6
977 1035 7
977 1036 8
977 1037 9
977 1038 10
977 1039 11
977 1040 12
977 1041 13
977 1042 14
977 1043 15
977 1044 16
977 1045 17
977 1046 18
977 1047 19
977 1048 20
977 1049 21
977 1050 22
977 1051 23
977 1052 24
977 1053 25
977 1054 26
977 1055 27
977 1056 28
977 1057 29
977 1058 30
977 1059 31
977 1060 32
977 1061 33
976 977 59
1063 1064 26
1062 1063 58
976 1062 60
1066 1067 5
1065 1066 41
1065 1068 42
1065 1069 43
1065 1070 44
1065 1071 45
976 1065 61
1072 1073 87
1072 1074 88
976 1072 62
1077 1078 48
1076 1077 47
1075 1076 36
976 1075 63
976 1079 64
976 1080 65
976 1081 66
976 1082 67
976 1083 68
976 1084 69
976 1085 70
976 1086 71
976 1087 72
976 1088 73
976 1089 74
976 1090 75
976 1091 76
976 1092 77
976 1093 78
976 1094 79
976 1095 80
976 1096 81
976 1097 82
976 1098 83
976 1099 84
976 1100 85
976 1101 86
976 1102 87
976 1103 88
976 1104 89
976 1105 90
976 1106 91
976 1107 92
976 1108 93
976 1109 94
976 1110 95
976 1111 96
976 1112 97
975 976 31
1113 1114 14
975 1113 32
1115 1116 45
975 1115 33
1117 1118 53
975 1117 34
975 1119 35
975 1120 36
887 975 14
1122 1123 54
1121 1122 73
1124 1125 38
1124 1126 39
1124 1127 40
1124 1128 41
1124 1129 42
1121 1124 74
1131 1132 75
1130 1131 76
1133 1134 49
1130 1133 77
1135 1136 60
1130 1135 78
1130 1137 79
1121 1130 75
1121 1138 76
1121 1139 77
1121 1140 78
1121 1141 79
1121 1142 80
1121 1143 81
1121 1144 82
1121 1145 83
1121 1146 84
1121 1147 85
887 1121 15
1152 1153 2
1151 1152 82
1150 1151 40
1154 1155 16
1150 1154 41
1149 1150 16
1149 1156 17
1149 1157 18
1148 1149 86
1158 1159 23
1158 1160 24
1158 1161 25
1148 1158 87
1162 1163 10
1148 1162 88
1165 1166 99
1164 1165 25
1148 1164 89
1148 1167 90
1148 1168 91
1148 1169 92
1148 1170 93
1148 1171 94
1148 1172 95
1148 1173 96
1148 1174 97
1148 1175 98
1148 1176 99
1148 1177 100
1148 1178 1
1148 1179 2
1148 1180 3
887 1148 16
1183 1184 76
1183 1185 77
1182 1183 69
1181 1182 80
1186 1187 40
1181 1186 81
887 1181 17
1189 1190 46
1188 1189 42
887 1188 18
1192 1193 36
1191 1192 79
1191 1194 80
1191 1195 81
1191 1196 82
1191 1197 83
1191 1198 84
1191 1199 85
887 1191 19
1201 1202 23
1200 1201 48
887 1200 20
1203 1204 78
1203 1205 79
887 1203 21
1206 1207 74
887 1206 22
887 1208 23
887 1209 24
887 1210 25
887 1211 26
887 1212 27
887 1213 28
887 1214 29
887 1215 30
887 1216 31
887 1217 32
887 1218 33
887 1219 34
887 1220 36
887 1221 37
887 1222 38
887 1223 39
887 1224 40
887 1225 41
887 1226 42
887 1227 43
887 1228 44
887 1229 45
887 1230 46
887 1231 47
887 1232 48
887 1233 49
887 1234 50
887 1235 51
887 1236 52
887 1237 53
887 1238 54
887 1239 55
887 1240 56
887 1241 57
887 1242 58
887 1243 59
887 1244 60
887 1245 61
887 1246 62
887 1247 63
887 1248 64
887 1249 65
887 1250 66
887 1251 67
887 1252 68
887 1253 69
887 1254 70
887 1255 71
887 1256 72
887 1257 73
887 1258 74
887 1259 75
887 1260 76
887 1261 77
887 1262 78
887 1263 79
887 1264 80
887 1265 81
887 1266 82
887 1267 83
887 1268 84
887 1269 85
887 1270 86
887 1271 87
887 1272 88
887 1273 89
887 1274 90
887 1275 91
887 1276 92
887 1277 93
887 1278 94
887 1279 95
887 1280 96
887 1281 97
887 1282 98
887 1283 99
887 1284 100
887 1285 1
887 1286 2
7 887 35
1289 1290 99
1289 1291 100
1288 1289 22
1292 1293 13
1292 1294 14
1292 1295 15
1292 1296 16
1292 1297 17
1288 1292 23
1298 1299 53
1298 1300 54
1288 1298 24
1301 1302 18
1301 1303 19
1301 1304 20
1288 1301 25
1288 1305 26
1287 1288 87
1307 1308 30
1306 1307 29
1309 1310 89
1306 1309 30
1306 1311 31
1306 1312 32
1306 1313 33
1306 1314 34
1287 1306 88
1316 1317 80
1316 1318 81
1316 1319 82
1316 1320 83
1315 1316 96
1322 1323 39
1321 1322 25
1321 1324 26
1315 1321 97
1325 1326 85
1325 1327 86
1315 1325 98
1328 1329 70
1328 1330 71
1315 1328 99
1331 1332 44
1331 1333 45
1315 1331 100
1287 1315 89
1334 1335 44
1287 1334 90
1287 1336 91
1287 1337 92
1287 1338 93
1287 1339 94
1287 1340 95
1287 1341 96
1287 1342 97
1287 1343 98
1287 1344 99
1287 1345 100
1287 1346 1
1287 1347 2
1287 1348 3
1287 1349 4
1287 1350 5
1287 1351 6
1287 1352 7
1287 1353 8
1287 1354 9
1287 1355 10
1287 1356 11
1287 1357 12
7 1287 36
1362 1363 72
1361 1362 1
1364 1365 73
1361 1364 2
1361 1366 3
1361 1367 4
1361 1368 5
1361 1369 6
1361 1370 7
1361 1371 8
1361 1372 9
1361 1373 10
1361 1374 11
1361 1375 12
1361 1376 13
1360 1361 40
1377 1378 16
1360 1377 41
1360 1379 42
1360 1380 43
1360 1381 44
1360 1382 45
1360 1383 46
1360 1384 47
1360 1385 48
1359 1360 25
1387 1388 37
1386 1387 45
1390 1391 18
1389 1390 37
1389 1392 38
1386 1389 46
1386 1393 47
1386 1394 48
1386 1395 49
1386 1396 50
1386 1397 51
1386 1398 52
1359 1386 26
1400 1401 29
1399 1400 10
1402 1403 26
1402 1404 27
1399 1402 11
1405 1406 42
1399 1405 12
1407 1408 45
1399 1407 13
1399 1409 14
1399 1410 15
1399 1411 16
1399 1412 17
1399 1413 18
1399 1414 19
1359 1399 27
1415 1416 20
1359 1415 28
1418 1419 43
1418 1420 44
1417 1418 60
1359 1417 29
1421 1422 28
1421 1423 29
1359 1421 30
1359 1424 31
1359 1425 32
1359 1426 33
1359 1427 34
1359 1428 35
1359 1429 36
1359 1430 37
1359 1431 38
1359 1432 39
1359 1433 40
1359 1434 41
1359 1435 42
1359 1436 43
1359 1437 44
1359 1438 45
1359 1439 46
1359 1440 47
1359 1441 48
1359 1442 49
1359 1443 50
1359 1444 51
1359 1445 52
1359 1446 53
1359 1447 54
1359 1448 55
1359 1449 56
1359 1450 57
1359 1451 58
1359 1452 59
1358 1359 13
1453 1454 54
1453 1455 55
1358 1453 14
1457 1458 77
1456 1457 45
1461 1462 30
1461 1463 31
1460 1461 51
1465 1466 10
1464 1465 29
1468 1469 43
1467 1468 32
1464 1467 30
1464 1470 31
1460 1464 52
1459 1460 58
1472 1473 3
1471 1472 86
1459 1471 59
1475 1476 50
1474 1475 27
1459 1474 60
1477 1478 55
1459 1477 61
1459 1479 62
1459 1480 63
1459 1481 64
1459 1482 65
1459 1483 66
1459 1484 67
1459 1485 68
1459 1486 69
1459 1487 70
1459 1488 71
1459 1489 72
1459 1490 73
1459 1491 74
1459 1492 75
1456 1459 46
1493 1494 3
1456 1493 47
1358 1456 15
1497 1498 59
1496 1497 25
1496 1499 26
1495 1496 6
1502 1503 48
1501 1502 23
1500 1501 37
1495 1500 7
1358 1495 16
1358 1504 17
1358 1505 18
1358 1506 19
1358 1507 20
1358 1508 21
1358 1509 22
1358 1510 23
1358 1511 24
1358 1512 25
1358 1513 26
1358 1514 27
1358 1515 28
1358 1516 29
1358 1517 30
1358 1518 31
1358 1519 32
1358 1520 33
1358 1521 34
1358 1522 35
1358 1523 36
1358 1524 38
1358 1525 39
1358 1526 40
1358 1527 41
1358 1528 42
1358 1529 43
1358 1530 44
1358 1531 45
1358 1532 46
1358 1533 47
1358 1534 48
1358 1535 49
1358 1536 50
1358 1537 51
1358 1538 52
1358 1539 53
1358 1540 54
1358 1541 55
1358 1542 56
1358 1543 57
1358 1544 58
1358 1545 59
1358 1546 60
1358 1547 61
1358 1548 62
1358 1549 63
1358 1550 64
1358 1551 65
7 1358 37
1556 1557 65
1556 1558 66
1555 1556 48
1554 1555 100
1561 1562 16
1561 1563 17
1560 1561 86
1559 1560 46
1559 1564 47
1559 1565 48
1554 1559 1
1553 1554 73
1566 1567 63
1553 1566 74
1568 1569 56
1553 1568 75
1553 1570 76
1553 1571 77
1552 1553 20
1572 1573 10
1552 1572 21
1552 1574 22
1552 1575 23
1552 1576 24
1552 1577 25
1552 1578 26
1552 1579 27
1552 1580 28
1552 1581 29
1552 1582 30
1552 1583 31
1552 1584 32
1552 1585 33
1552 1586 34
1552 1587 35
1552 1588 36
1552 1589 37
1552 1590 39
1552 1591 40
1552 1592 41
1552 1593 42
1552 1594 43
1552 1595 44
1552 1596 45
1552 1597 46
1552 1598 47
1552 1599 48
1552 1600 49
1552 1601 50
7 1552 38
1603 1604 43
1602 1603 50
1602 1605 51
1602 1606 52
1602 1607 53
1602 1608 54
1602 1609 55
1602 1610 56
7 1602 39
1614 1615 57
1613 1614 97
1613 1616 98
1612 1613 49
1617 1618 26
1612 1617 50
1612 1619 51
1612 1620 52
1612 1621 53
1611 1612 17
7 1611 40
1623 1624 73
1622 1623 42
1626 1627 69
1626 1628 70
1626 1629 71
1626 1630 72
1625 1626 74
1622 1625 43
1632 1633 6
1631 1632 71
1631 1634 72
1622 1631 44
1622 1635 45
1622 1636 46
1622 1637 47
1622 1638 48
1622 1639 49
1622 1640 50
1622 1641 51
1622 1642 52
1622 1643 53
1622 1644 54
7 1622 41
7 1645 42
7 1646 43
7 1647 44
7 1648 45
7 1649 46
7 1650 47
7 1651 48
7 1652 49
7 1653 50
7 1654 51
7 1655 52
7 1656 53
7 1657 54
7 1658 55
7 1659 56
7 1660 57
7 1661 58
7 1662 59
7 1663 60
7 1664 61
7 1665 62
7 1666 63
7 1667 64
7 1668 65
7 1669 66
7 1670 67
7 1671 68
7 1672 69
7 1673 70
7 1674 71
7 1675 72
7 1676 73
7 1677 74
7 1678 75
7 1679 76
7 1680 77
7 1681 78
7 1682 79
7 1683 80
7 1684 81
7 1685 82
7 1686 83
7 1687 84
7 1688 85
7 1689 86
7 1690 87
7 1691 88
7 1692 89
7 1693 90
7 1694 91
7 1695 92
7 1696 93
7 1697 94
7 1698 95
7 1699 96
7 1700 97
7 1701 98
7 1702 99
7 1703 100
7 1704 1
7 1705 2
7 1706 3
7 1707 4
7 1708 5
7 1709 6
7 1710 7
7 1711 8
6 7 33
1714 1715 71
1714 1716 72
1713 1714 89
1713 1717 90
1713 1718 91
1713 1719 92
1712 1713 39
1720 1721 36
1712 1720 40
1712 1722 41
6 1712 34
1726 1727 12
1725 1726 55
1725 1728 56
1724 1725 26
1724 1729 27
1723 1724 95
6 1723 35
1732 1733 69
1731 1732 64
1731 1734 65
1730 1731 92
6 1730 36
1735 1736 74
6 1735 37
6 1737 38
6 1738 39
6 1739 40
6 1740 41
6 1741 42
6 1742 43
6 1743 44
6 1744 45
6 1745 46
6 1746 47
6 1747 48
6 1748 49
6 1749 50
6 1750 51
6 1751 52
6 1752 53
6 1753 54
6 1754 55
6 1755 56
6 1756 57
6 1757 58
6 1758 59
6 1759 60
6 1760 61
6 1761 62
6 1762 63
6 1763 64
6 1764 65
6 1765 66
6 1766 67
6 1767 68
6 1768 69
6 1769 70
6 1770 71
6 1771 72
6 1772 73
6 1773 74
6 1774 75
6 1775 76
6 1776 77
6 1777 78
6 1778 79
6 1779 80
6 1780 81
6 1781 82
6 1782 83
6 1783 84
6 1784 85
6 1785 86
6 1786 87
6 1787 88
6 1788 89
6 1789 91
6 1790 92
6 1791 93
6 1792 94
6 1793 95
6 1794 96
6 1795 97
6 1796 98
6 1797 99
6 1798 100
6 1799 1
6 1800 2
6 1801 3
6 1802 4
6 1803 5
6 1804 6
6 1805 7
6 1806 8
6 1807 9
6 1808 10
6 1809 11
6 1810 12
6 1811 13
6 1812 14
6 1813 15
6 1814 16
6 1815 17
6 1816 18
6 1817 19
6 1818 20
6 1819 21
6 1820 22
6 1821 23
6 1822 24
6 1823 25
6 1824 26
5 6 90
1831 1832 5
1830 1831 26
1833 1834 94
1830 1833 27
1835 1836 97
1830 1835 28
1830 1837 29
1830 1838 30
1830 1839 31
1830 1840 32
1829 1830 72
1841 1842 52
1841 1843 53
1841 1844 54
1841 1845 55
1829 1841 73
1846 1847 93
1829 1846 74
1848 1849 78
1829 1848 75
1850 1851 61
1850 1852 62
1850 1853 63
1829 1850 76
1854 1855 63
1829 1854 77
1829 1856 78
1829 1857 79
1829 1858 80
1829 1859 81
1829 1860 82
1829 1861 83
1829 1862 84
1829 1863 85
1829 1864 86
1828 1829 87
1867 1868 23
1867 1869 24
1866 1867 78
1866 1870 79
1866 1871 80
1866 1872 81
1865 1866 74
1874 1875 36
1874 1876 37
1873 1874 85
1865 1873 75
1877 1878 88
1865 1877 76
1865 1879 77
1865 1880 78
1865 1881 79
1865 1882 80
1865 1883 81
1865 1884 82
1865 1885 83
1828 1865 88
1886 1887 11
1828 1886 89
1888 1889 55
1828 1888 90
1828 1890 91
1828 1891 92
1828 1892 93
1828 1893 94
1828 1894 95
1828 1895 96
1828 1896 97
1828 1897 98
1828 1898 99
1828 1899 100
1828 1900 1
1828 1901 2
1828 1902 3
1828 1903 4
1828 1904 5
1828 1905 6
1828 1906 7
1828 1907 8
1828 1908 9
1828 1909 10
1828 1910 11
1828 1911 12
1828 1912 13
1828 1913 14
1828 1914 15
1828 1915 16
1828 1916 17
1828 1917 18
1828 1918 19
1828 1919 20
1828 1920 21
1828 1921 22
1828 1922 23
1828 1923 24
1828 1924 25
1828 1925 26
1828 1926 27
1828 1927 28
1828 1928 29
1828 1929 30
1828 1930 31
1828 1931 32
1828 1932 33
1827 1828 85
1935 1936 30
1935 1937 31
1935 1938 32
1934 1935 67
1934 1939 68
1933 1934 51
1940 1941 35
1940 1942 36
1940 1943 37
1940 1944 38
1933 1940 52
1827 1933 86
1945 1946 47
1827 1945 87
1948 1949 30
1948 1950 31
1948 1951 32
1948 1952 33
1948 1953 34
1948 1954 35
1947 1948 84
1827 1947 88
1827 1955 89
1827 1956 90
1827 1957 91
1827 1958 92
1827 1959 93
1827 1960 94
1827 1961 95
1827 1962 96
1827 1963 97
1827 1964 98
1827 1965 99
1827 1966 100
1827 1967 1
1827 1968 2
1827 1969 3
1827 1970 4
1827 1971 5
1827 1972 6
1827 1973 7
1827 1974 8
1827 1975 9
1827 1976 10
1827 1977 11
1827 1978 12
1827 1979 13
1827 1980 14
1827 1981 15
1827 1982 16
1827 1983 17
1827 1984 18
1827 1985 19
1827 1986 20
1827 1987 21
1827 1988 22
1827 1989 23
1827 1990 25
1827 1991 26
1827 1992 27
1827 1993 28
1827 1994 29
1827 1995 30
1827 1996 31
1827 1997 32
1827 1998 33
1827 1999 34
1827 2000 35
1827 2001 36
1827 2002 37
1827 2003 38
1827 2004 39
1827 2005 40
1827 2006 41
1827 2007 42
1827 2008 43
1827 2009 44
1827 2010 45
1827 2011 46
1827 2012 47
1827 2013 48
1827 2014 49
1827 2015 50
1826 1827 24
2019 2020 93
2019 2021 94
2018 2019 53
2022 2023 71
2018 2022 54
2024 2025 46
2024 2026 47
2018 2024 55
2018 2027 56
2018 2028 57
2017 2018 20
2029 2030 92
2029 2031 93
2017 2029 21
2032 2033 71
2017 2032 22
2017 2034 23
2017 2035 24
2017 2036 25
2017 2037 26
2017 2038 27
2017 2039 28
2017 2040 29
2017 2041 30
2017 2042 31
2017 2043 32
2017 2044 33
2017 2045 34
2017 2046 35
2017 2047 36
2017 2048 37
2017 2049 38
2017 2050 39
2017 2051 40
2017 2052 41
2017 2053 42
2017 2054 43
2017 2055 44
2017 2056 45
2017 2057 46
2017 2058 47
2017 2059 48
2017 2060 49
2017 2061 50
2017 2062 51
2017 2063 52
2017 2064 53
2016 2017 59
2066 2067 80
2066 2068 81
2066 2069 82
2066 2070 83
2066 2071 84
2066 2072 85
2066 2073 86
2066 2074 87
2066 2075 88
2066 2076 89
2065 2066 71
2016 2065 60
2079 2080 78
2078 2079 89
2078 2081 90
2077 2078 39
2082 2083 43
2077 2082 40
2016 2077 61
2086 2087 55
2085 2086 45
2085 2088 46
2085 2089 47
2085 2090 48
2085 2091 49
2085 2092 50
2085 2093 51
2085 2094 52
2085 2095 53
2085 2096 54
2085 2097 55
2085 2098 56
2084 2085 14
2100 2101 60
2099 2100 1
2084 2099 15
2102 2103 73
2084 2102 16
2084 2104 17
2084 2105 18
2016 2084 62
2108 2109 55
2107 2108 98
2106 2107 93
2016 2106 63
2016 2110 64
2016 2111 65
2016 2112 66
2016 2113 67
2016 2114 68
2016 2115 69
2016 2116 70
2016 2117 71
2016 2118 72
2016 2119 73
2016 2120 74
2016 2121 75
2016 2122 76
2016 2123 77
2016 2124 78
2016 2125 79
2016 2126 80
2016 2127 81
2016 2128 82
2016 2129 83
2016 2130 84
2016 2131 85
2016 2132 86
2016 2133 87
2016 2134 88
2016 2135 89
2016 2136 90
2016 2137 91
2016 2138 92
2016 2139 93
2016 2140 94
2016 2141 95
2016 2142 96
2016 2143 97
2016 2144 98
2016 2145 99
2016 2146 100
2016 2147 1
2016 2148 2
2016 2149 3
2016 2150 4
2016 2151 5
2016 2152 6
2016 2153 7
2016 2154 8
2016 2155 9
2016 2156 10
2016 2157 11
1826 2016 25
2161 2162 49
2160 2161 99
2159 2160 13
2159 2163 14
2159 2164 15
2159 2165 16
2159 2166 17
2159 2167 18
2158 2159 6
2169 2170 42
2169 2171 43
2169 2172 44
2169 2173 45
2169 2174 46
2169 2175 47
2169 2176 48
2169 2177 49
2169 2178 50
2169 2179 51
2169 2180 53
2168 2169 52
2182 2183 53
2182 2184 54
2182 2185 55
2182 2186 56
2182 2187 57
2182 2188 58
2182 2189 59
2181 2182 98
2168 2181 53
2190 2191 70
2190 2192 71
2190 2193 72
2168 2190 54
2197 2198 97
2196 2197 42
2195 2196 40
2199 2200 87
2199 2201 88
2199 2202 89
2195 2199 41
2194 2195 94
2168 2194 55
2158 2168 7
2204 2205 58
2203 2204 100
2203 2206 1
2203 2207 2
2203 2208 3
2203 2209 4
2203 2210 5
2203 2211 6
2203 2212 7
2203 2213 9
2203 2214 10
2203 2215 11
2203 2216 12
2158 2203 8
2217 2218 82
2217 2219 83
2158 2217 9
2158 2220 10
2158 2221 11
2158 2222 12
2158 2223 13
2158 2224 14
2158 2225 15
2158 2226 16
2158 2227 17
2158 2228 18
2158 2229 19
2158 2230 20
2158 2231 21
2158 2232 22
2158 2233 23
2158 2234 24
2158 2235 25
2158 2236 27
2158 2237 28
2158 2238 29
2158 2239 30
2158 2240 31
2158 2241 32
2158 2242 33
2158 2243 34
2158 2244 35
2158 2245 36
2158 2246 37
2158 2247 38
2158 2248 39
2158 2249 40
1826 2158 26
2251 2252 45
2250 2251 12
2257 2258 32
2257 2259 33
2256 2257 98
2255 2256 66
2254 2255 97
2253 2254 63
2261 2262 1
2260 2261 16
2260 2263 17
2253 2260 64
2253 2264 65
2253 2265 66
2253 2266 67
2250 2253 13
2268 2269 24
2267 2268 23
2270 2271 9
2270 2272 10
2270 2273 11
2267 2270 24
2267 2274 25
2250 2267 14
2250 2275 15
2250 2276 16
2250 2277 17
2250 2278 18
2250 2279 19
2250 2280 20
2250 2281 21
2250 2282 22
2250 2283 23
2250 2284 24
2250 2285 25
2250 2286 26
2250 2287 28
2250 2288 29
2250 2289 30
2250 2290 31
2250 2291 32
2250 2292 33
2250 2293 34
2250 2294 35
1826 2250 27
2295 2296 33
2295 2297 34
1826 2295 28
2298 2299 37
2298 2300 38
1826 2298 29
2302 2303 1
2301 2302 19
2301 2304 20
1826 2301 30
1826 2305 31
1826 2306 32
1826 2307 33
1826 2308 34
1826 2309 35
1826 2310 36
1826 2311 37
1826 2312 38
1826 2313 39
1826 2314 40
1826 2315 41
1826 2316 42
1826 2317 43
1826 2318 44
1826 2319 45
1826 2320 46
1826 2321 47
1826 2322 48
1826 2323 49
1826 2324 50
1826 2325 51
1826 2326 52
1826 2327 53
1826 2328 54
1826 2329 55
1826 2330 56
1826 2331 57
1826 2332 58
1826 2333 59
1826 2334 60
1826 2335 61
1826 2336 62
1826 2337 63
1826 2338 64
1826 2339 65
1826 2340 66
1826 2341 67
1826 2342 68
1826 2343 69
1826 2344 70
1826 2345 71
1826 2346 72
1826 2347 73
1825 1826 10
2352 2353 67
2351 2352 41
2351 2354 42
2350 2351 49
2357 2358 92
2356 2357 51
2359 2360 12
2356 2359 52
2356 2361 53
2355 2356 97
2355 2362 98
2355 2363 99
2355 2364 100
2355 2365 1
2355 2366 2
2350 2355 50
2367 2368 39
2350 2367 51
2350 2369 52
2350 2370 53
2350 2371 54
2350 2372 55
2350 2373 56
2350 2374 57
2350 2375 58
2350 2376 59
2350 2377 60
2350 2378 61
2350 2379 62
2350 2380 63
2350 2381 64
2350 2382 65
2350 2383 66
2350 2384 67
2350 2385 68
2350 2386 69
2350 2387 70
2350 2388 71
2350 2389 72
2350 2390 73
2350 2391 74
2350 2392 75
2350 2393 76
2350 2394 77
2350 2395 78
2350 2396 79
2350 2397 80
2350 2398 81
2350 2399 82
2350 2400 83
2350 2401 84
2350 2402 85
2350 2403 86
2350 2404 87
2350 2405 88
2350 2406 89
2350 2407 90
2350 2408 91
2350 2409 92
2350 2410 93
2350 2411 94
2350 2412 95
2350 2413 96
2350 2414 97
2350 2415 98
2350 2416 99
2350 2417 100
2350 2418 1
2350 2419 2
2350 2420 3
2350 2421 4
2350 2422 5
2350 2423 6
2350 2424 7
2349 2350 17
2427 2428 51
2426 2427 96
2426 2429 97
2426 2430 98
2426 2431 99
2426 2432 100
2426 2433 1
2426 2434 2
2426 2435 3
2425 2426 44
2437 2438 67
2436 2437 66
2425 2436 45
2349 2425 18
2442 2443 1
2442 2444 2
2442 2445 3
2441 2442 38
2447 2448 81
2446 2447 36
2441 2446 39
2441 2449 40
2441 2450 41
2441 2451 42
2441 2452 43
2441 2453 44
2440 2441 23
2454 2455 82
2440 2454 24
2440 2456 25
2440 2457 26
2440 2458 27
2440 2459 28
2440 2460 29
2439 2440 84
2461 2462 49
2439 2461 85
2439 2463 86
2439 2464 87
2439 2465 88
2439 2466 89
2439 2467 90
2439 2468 91
2439 2469 92
2439 2470 93
2439 2471 94
2439 2472 95
2439 2473 96
2439 2474 97
2439 2475 98
2439 2476 99
2349 2439 19
2477 2478 26
2477 2479 27
2477 2480 28
2477 2481 29
2477 2482 30
2477 2483 31
2477 2484 32
2477 2485 33
2349 2477 20
2486 2487 36
2349 2486 21
2488 2489 84
2349 2488 22
2349 2490 23
2349 2491 24
2349 2492 25
2349 2493 26
2349 2494 27
2349 2495 28
2349 2496 29
2349 2497 30
2349 2498 31
2349 2499 32
2349 2500 33
2349 2501 34
2349 2502 35
2349 2503 36
2349 2504 37
2349 2505 38
2349 2506 39
2349 2507 40
2349 2508 41
2349 2509 42
2349 2510 43
2349 2511 44
2349 2512 45
2349 2513 46
2349 2514 47
2349 2515 48
2349 2516 49
2349 2517 50
2349 2518 51
2349 2519 52
2349 2520 53
2349 2521 54
2349 2522 55
2349 2523 56
2349 2524 57
2349 2525 58
2349 2526 59
2349 2527 60
2349 2528 61
2349 2529 62
2349 2530 63
2349 2531 64
2349 2532 65
2349 2533 66
2349 2534 67
2349 2535 68
2349 2536 69
2349 2537 70
2349 2538 71
2349 2539 72
2349 2540 73
2349 2541 74
2349 2542 75
2349 2543 77
2349 2544 78
2349 2545 79
2349 2546 80
2349 2547 81
2349 2548 82
2349 2549 83
2349 2550 84
2349 2551 85
2349 2552 86
2349 2553 87
2349 2554 88
2349 2555 89
2349 2556 90
2349 2557 91
2349 2558 92
2349 2559 93
2349 2560 94
2349 2561 95
2349 2562 96
2349 2563 97
2349 2564 98
2349 2565 99
2349 2566 100
2349 2567 1
2349 2568 2
2349 2569 3
2349 2570 4
2348 2349 76
2575 2576 51
2574 2575 75
2574 2577 76
2574 2578 77
2573 2574 50
2572 2573 16
2580 2581 92
2579 2580 10
2582 2583 81
2579 2582 11
2579 2584 12
2579 2585 13
2579 2586 14
2572 2579 17
2572 2587 18
2572 2588 19
2572 2589 20
2572 2590 21
2572 2591 22
2572 2592 23
2572 2593 24
2572 2594 25
2572 2595 26
2572 2596 27
2572 2597 28
2572 2598 29
2572 2599 30
2572 2600 31
2572 2601 32
2572 2602 33
2572 2603 34
2572 2604 35
2572 2605 36
2572 2606 37
2572 2607 38
2571 2572 5
2612 2613 48
2611 2612 94
2610 2611 17
2609 2610 49
2614 2615 86
2609 2614 50
2608 2609 99
2571 2608 6
2616 2617 1
2571 2616 7
2619 2620 27
2618 2619 80
2618 2621 81
2618 2622 82
2618 2623 83
2618 2624 84
2618 2625 85
2618 2626 86
2618 2627 87
2618 2628 88
2618 2629 89
2618 2630 90
2618 2631 91
2618 2632 92
2571 2618 8
2635 2636 85
2634 2635 16
2637 2638 40
2637 2639 41
2637 2640 42
2634 2637 17
2633 2634 88
2642 2643 55
2641 2642 59
2641 2644 60
2633 2641 89
2571 2633 9
2646 2647 24
2645 2646 35
2648 2649 70
2648 2650 71
2648 2651 72
2645 2648 36
2571 2645 10
2571 2652 11
2571 2653 12
2571 2654 13
2571 2655 14
2571 2656 15
2571 2657 16
2571 2658 17
2571 2659 18
2571 2660 19
2571 2661 20
2571 2662 21
2571 2663 22
2571 2664 23
2571 2665 24
2571 2666 25
2571 2667 26
2571 2668 27
2571 2669 28
2571 2670 29
2571 2671 30
2571 2672 31
2571 2673 32
2571 2674 33
2571 2675 34
2571 2676 35
2571 2677 36
2571 2678 37
2571 2679 38
2571 2680 39
2571 2681 40
2571 2682 41
2571 2683 42
2571 2684 43
2571 2685 44
2571 2686 45
2571 2687 46
2571 2688 47
2571 2689 48
2571 2690 49
2571 2691 50
2571 2692 51
2571 2693 52
2571 2694 53
2571 2695 54
2571 2696 55
2571 2697 56
2571 2698 57
2571 2699 58
2571 2700 59
2571 2701 60
2571 2702 61
2571 2703 62
2571 2704 63
2571 2705 64
2571 2706 65
2571 2707 66
2571 2708 67
2571 2709 68
2571 2710 69
2571 2711 70
2571 2712 71
2571 2713 72
2571 2714 73
2571 2715 74
2571 2716 75
2571 2717 76
2571 2718 78
2571 2719 79
2571 2720 80
2571 2721 81
2571 2722 82
2571 2723 83
2571 2724 84
2571 2725 85
2571 2726 86
2571 2727 87
2571 2728 88
2571 2729 89
2571 2730 90
2571 2731 91
2571 2732 92
2571 2733 93
2571 2734 94
2571 2735 95
2571 2736 96
2571 2737 97
2571 2738 98
2348 2571 77
2740 2741 88
2739 2740 17
2739 2742 18
2739 2743 19
2348 2739 78
2348 2744 79
2348 2745 80
2348 2746 81
2348 2747 82
2348 2748 83
2348 2749 84
2348 2750 85
2348 2751 86
2348 2752 87
2348 2753 88
2348 2754 89
1825 2348 11
2758 2759 89
2758 2760 90
2757 2758 83
2756 2757 77
2755 2756 55
2761 2762 2
2755 2761 56
2755 2763 57
2755 2764 58
2755 2765 59
2755 2766 60
2755 2767 61
2755 2768 62
2755 2769 63
2755 2770 64
2755 2771 65
2755 2772 66
2755 2773 67
2755 2774 68
2755 2775 69
2755 2776 70
2755 2777 71
2755 2778 72
2755 2779 73
2755 2780 74
2755 2781 75
2755 2782 76
2755 2783 77
2755 2784 78
2755 2785 79
2755 2786 80
2755 2787 81
2755 2788 82
2755 2789 83
2755 2790 84
2755 2791 85
2755 2792 86
2755 2793 87
2755 2794 88
2755 2795 89
2755 2796 90
2755 2797 91
2755 2798 92
2755 2799 93
2755 2800 94
2755 2801 95
2755 2802 96
2755 2803 97
2755 2804 98
2755 2805 99
2755 2806 100
2755 2807 1
2755 2808 2
2755 2809 3
2755 2810 4
2755 2811 5
2755 2812 6
2755 2813 7
2755 2814 8
2755 2815 9
2755 2816 10
2755 2817 11
2755 2818 13
2755 2819 14
2755 2820 15
2755 2821 16
2755 2822 17
2755 2823 18
2755 2824 19
2755 2825 20
2755 2826 21
2755 2827 22
2755 2828 23
2755 2829 24
1825 2755 12
2831 2832 27
2830 2831 5
2835 2836 1
2835 2837 2
2835 2838 3
2834 2835 9
2833 2834 100
2833 2839 1
2833 2840 2
2833 2841 3
2830 2833 6
2843 2844 40
2843 2845 41
2843 2846 42
2843 2847 43
2843 2848 44
2843 2849 45
2843 2850 46
2842 2843 96
2851 2852 61
2842 2851 97
2842 2853 98
2842 2854 99
2842 2855 100
2842 2856 1
2830 2842 7
2858 2859 66
2857 2858 45
2857 2860 46
2857 2861 47
2857 2862 48
2830 2857 8
1825 2830 13
2864 2865 25
2864 2866 26
2864 2867 27
2863 2864 30
2863 2868 31
2863 2869 32
1825 2863 14
2871 2872 21
2870 2871 67
2873 2874 47
2870 2873 68
2875 2876 43
2870 2875 69
1825 2870 15
1825 2877 16
1825 2878 17
1825 2879 18
1825 2880 19
1825 2881 20
5 1825 91
2884 2885 79
2884 2886 80
2883 2884 46
2888 2889 88
2887 2888 20
2883 2887 47
2883 2890 48
2883 2891 49
2883 2892 51
2883 2893 52
2883 2894 53
2883 2895 54
2883 2896 55
2883 2897 56
2883 2898 57
2883 2899 58
2883 2900 59
2883 2901 60
2883 2902 61
2883 2903 62
2883 2904 63
2883 2905 64
2883 2906 65
2883 2907 66
2883 2908 67
2883 2909 68
2883 2910 69
2883 2911 70
2883 2912 71
2883 2913 72
2883 2914 73
2883 2915 74
2883 2916 75
2883 2917 76
2883 2918 77
2883 2919 78
2883 2920 79
2883 2921 80
2883 2922 81
2883 2923 82
2883 2924 83
2883 2925 84
2883 2926 85
2883 2927 86
2883 2928 87
2883 2929 88
2883 2930 89
2883 2931 90
2883 2932 91
2883 2933 92
2883 2934 93
2883 2935 94
2883 2936 95
2883 2937 96
2883 2938 97
2883 2939 98
2883 2940 99
2883 2941 100
2883 2942 1
2883 2943 2
2883 2944 3
2883 2945 4
2883 2946 5
2883 2947 6
2883 2948 7
2883 2949 8
2883 2950 9
2883 2951 10
2883 2952 11
2883 2953 12
2883 2954 13
2883 2955 14
2883 2956 15
2883 2957 16
2883 2958 17
2883 2959 18
2883 2960 19
2883 2961 20
2883 2962 21
2883 2963 22
2883 2964 23
2883 2965 24
2883 2966 25
2883 2967 26
2883 2968 27
2883 2969 28
2883 2970 29
2883 2971 30
2883 2972 31
2883 2973 32
2883 2974 33
2883 2975 34
2883 2976 35
2883 2977 36
2882 2883 50
2980 2981 68
2979 2980 25
2979 2982 26
2979 2983 27
2979 2984 28
2979 2985 29
2979 2986 30
2979 2987 31
2979 2988 32
2978 2979 71
2882 2978 51
2991 2992 74
2991 2993 75
2991 2994 76
2990 2991 87
2989 2990 40
2997 2998 12
2996 2997 94
2995 2996 100
2989 2995 41
2999 3000 50
2999 3001 51
2999 3002 52
2999 3003 53
2989 2999 42
3004 3005 73
2989 3004 43
2989 3006 44
2989 3007 45
2989 3008 46
2989 3009 47
2989 3010 48
2989 3011 49
2989 3012 50
2989 3013 51
2989 3014 53
2989 3015 54
2989 3016 55
2989 3017 56
2989 3018 57
2989 3019 58
2989 3020 59
2989 3021 60
2989 3022 61
2989 3023 62
2989 3024 63
2989 3025 64
2989 3026 65
2989 3027 66
2989 3028 67
2989 3029 68
2989 3030 69
2989 3031 70
2989 3032 71
2989 3033 72
2989 3034 73
2989 3035 74
2989 3036 75
2989 3037 76
2989 3038 77
2989 3039 78
2989 3040 79
2989 3041 80
2989 3042 81
2989 3043 82
2989 3044 83
2989 3045 84
2989 3046 85
2989 3047 86
2989 3048 87
2989 3049 88
2989 3050 89
2989 3051 90
2989 3052 91
2989 3053 92
2989 3054 93
2989 3055 94
2989 3056 95
2989 3057 96
2989 3058 97
2989 3059 98
2989 3060 99
2989 3061 100
2989 3062 1
2989 3063 2
2989 3064 3
2989 3065 4
2989 3066 5
2989 3067 6
2989 3068 7
2989 3069 8
2989 3070 9
2989 3071 10
2989 3072 11
2989 3073 12
2989 3074 13
2989 3075 14
2989 3076 15
2989 3077 16
2989 3078 17
2989 3079 18
2989 3080 19
2989 3081 20
2989 3082 21
2989 3083 22
2882 2989 52
3084 3085 5
3084 3086 6
2882 3084 53
3087 3088 94
2882 3087 54
2882 3089 55
2882 3090 56
2882 3091 57
2882 3092 58
2882 3093 59
2882 3094 60
2882 3095 61
2882 3096 62
2882 3097 63
2882 3098 64
2882 3099 65
2882 3100 66
2882 3101 67
2882 3102 68
2882 3103 69
2882 3104 70
2882 3105 71
2882 3106 72
2882 3107 73
2882 3108 74
2882 3109 75
2882 3110 76
2882 3111 77
2882 3112 78
2882 3113 79
2882 3114 80
2882 3115 81
5 2882 92
3119 3120 68
3119 3121 69
3118 3119 70
3122 3123 19
3118 3122 71
3118 3124 72
3118 3125 73
3118 3126 74
3118 3127 75
3118 3128 76
3118 3129 77
3118 3130 78
3118 3131 79
3118 3132 80
3118 3133 81
3117 3118 48
3116 3117 38
3134 3135 68
3134 3136 69
3116 3134 39
3137 3138 6
3116 3137 40
3116 3139 41
3116 3140 42
3116 3141 43
5 3116 93
3144 3145 18
3143 3144 52
3146 3147 96
3143 3146 53
3143 3148 54
3143 3149 55
3143 3150 56
3143 3151 57
3143 3152 58
3142 3143 74
3142 3153 75
3142 3154 76
3142 3155 77
3142 3156 78
3142 3157 79
3142 3158 80
3142 3159 81
3142 3160 82
3142 3161 83
3142 3162 84
3142 3163 85
3142 3164 86
3142 3165 87
3142 3166 88
3142 3167 89
3142 3168 90
3142 3169 91
5 3142 94
3171 3172 82
3170 3171 57
3173 3174 63
3170 3173 58
3170 3175 59
3170 3176 60
3170 3177 61
3170 3178 62
3170 3179 63
3170 3180 64
3170 3181 65
3170 3182 66
3170 3183 67
3170 3184 68
3170 3185 69
3170 3186 70
3170 3187 71
3170 3188 72
3170 3189 73
3170 3190 74
3170 3191 75
5 3170 95
3195 3196 68
3194 3195 57
3193 3194 92
3193 3197 93
3193 3198 94
3193 3199 95
3193 3200 96
3193 3201 97
3193 3202 98
3192 3193 21
3203 3204 94
3203 3205 95
3203 3206 96
3203 3207 97
3203 3208 98
3203 3209 99
3203 3210 100
3203 3211 1
3203 3212 2
3203 3213 3
3203 3214 4
3192 3203 22
3215 3216 4
3192 3215 23
3220 3221 67
3219 3220 11
3218 3219 2
3218 3222 3
3218 3223 4
3218 3224 5
3217 3218 51
3225 3226 20
3225 3227 21
3225 3228 22
3225 3229 23
3225 3230 24
3225 3231 25
3225 3232 26
3225 3233 27
3217 3225 52
3192 3217 24
3234 3235 47
3234 3236 48
3192 3234 25
3192 3237 26
3192 3238 27
3192 3239 28
5 3192 96
3241 3242 6
3240 3241 17
3240 3243 18
3240 3244 19
3240 3245 20
5 3240 97
3248 3249 12
3247 3248 21
3247 3250 22
3247 3251 23
3246 3247 61
3246 3252 62
3246 3253 63
3246 3254 64
3246 3255 65
3246 3256 66
5 3246 98
3260 3261 78
3259 3260 12
3259 3262 13
3259 3263 14
3259 3264 15
3258 3259 35
3257 3258 20
3265 3266 88
3257 3265 21
3268 3269 37
3267 3268 92
3270 3271 85
3267 3270 93
3267 3272 94
3267 3273 95
3267 3274 96
3267 3275 97
3257 3267 22
3257 3276 23
3257 3277 24
3257 3278 25
3257 3279 26
3257 3280 27
3257 3281 28
3257 3282 29
5 3257 99
3284 3285 36
3284 3286 37
3283 3284 63
3283 3287 64
5 3283 100
3289 3290 73
3288 3289 70
5 3288 1
3291 3292 44
3291 3293 45
5 3291 2
5 3294 3
5 3295 4
5 3296 5
5 3297 6
5 3298 7
5 3299 8
5 3300 9
5 3301 10
5 3302 11
5 3303 13
5 3304 14
5 3305 15
5 3306 16
5 3307 17
5 3308 18
5 3309 19
5 3310 20
5 3311 21
5 3312 22
5 3313 23
5 3314 24
4 5 12
3316 3317 29
3316 3318 30
3316 3319 31
3316 3320 32
3316 3321 33
3316 3322 34
3316 3323 35
3316 3324 36
3316 3325 37
3316 3326 38
3315 3316 93
3329 3330 64
3328 3329 63
3331 3332 74
3328 3331 64
3333 3334 21
3328 3333 65
3328 3335 66
3328 3336 67
3327 3328 61
3339 3340 50
3338 3339 19
3341 3342 97
3338 3341 20
3343 3344 38
3338 3343 21
3345 3346 37
3338 3345 22
3338 3347 23
3338 3348 24
3338 3349 25
3338 3350 26
3338 3351 27
3338 3352 28
3338 3353 29
3337 3338 64
3354 3355 8
3337 3354 65
3337 3356 66
3337 3357 67
3337 3358 68
3337 3359 69
3327 3337 62
3360 3361 11
3327 3360 63
3362 3363 70
3327 3362 64
3327 3364 65
3327 3365 66
3327 3366 67
3327 3367 68
3327 3368 69
3327 3369 70
3327 3370 71
3327 3371 72
3327 3372 73
3327 3373 74
3327 3374 75
3327 3375 76
3327 3376 77
3327 3377 78
3327 3378 79
3327 3379 80
3327 3380 81
3327 3381 82
3327 3382 83
3327 3383 84
3327 3384 85
3327 3385 86
3327 3386 87
3327 3387 88
3327 3388 89
3327 3389 90
3327 3390 91
3327 3391 92
3327 3392 93
3327 3393 95
3327 3394 96
3327 3395 97
3327 3396 98
3327 3397 99
3327 3398 100
3327 3399 1
3327 3400 2
3327 3401 3
3327 3402 4
3327 3403 5
3327 3404 6
3315 3327 94
3406 3407 18
3405 3406 32
3408 3409 10
3405 3408 33
3405 3410 34
3405 3411 35
3405 3412 36
3405 3413 37
3405 3414 38
3405 3415 39
3405 3416 40
3405 3417 41
3405 3418 42
3405 3419 43
3405 3420 44
3405 3421 45
3405 3422 46
3405 3423 47
3405 3424 48
3405 3425 49
3405 3426 50
3405 3427 51
3405 3428 52
3405 3429 53
3405 3430 54
3405 3431 55
3405 3432 56
3405 3433 57
3405 3434 58
3405 3435 59
3405 3436 60
3405 3437 61
3405 3438 62
3405 3439 63
3405 3440 64
3405 3441 65
3405 3442 66
3405 3443 67
3405 3444 68
3405 3445 69
3405 3446 70
3405 3447 71
3405 3448 72
3405 3449 73
3405 3450 74
3405 3451 75
3405 3452 76
3405 3453 77
3315 3405 95
3458 3459 50
3457 3458 43
3457 3460 44
3456 3457 71
3455 3456 12
3461 3462 75
3455 3461 13
3463 3464 27
3455 3463 14
3455 3465 15
3454 3455 32
3466 3467 43
3466 3468 44
3466 3469 45
3466 3470 46
3454 3466 33
3471 3472 70
3454 3471 34
3474 3475 60
3473 3474 68
3473 3476 69
3473 3477 70
3473 3478 71
3454 3473 35
3479 3480 19
3454 3479 36
3454 3481 37
3454 3482 38
3454 3483 39
3454 3484 40
3454 3485 41
3454 3486 42
3454 3487 43
3454 3488 44
3454 3489 45
3454 3490 46
3454 3491 47
3454 3492 48
3454 3493 49
3454 3494 50
3454 3495 51
3454 3496 52
3454 3497 53
3454 3498 54
3454 3499 55
3454 3500 56
3454 3501 57
3454 3502 58
3454 3503 59
3454 3504 60
3454 3505 61
3454 3506 62
3454 3507 63
3454 3508 64
3454 3509 65
3454 3510 66
3454 3511 67
3454 3512 68
3454 3513 69
3454 3514 70
3315 3454 96
3517 3518 8
3516 3517 81
3520 3521 30
3519 3520 22
3519 3522 23
3519 3523 24
3519 3524 25
3519 3525 26
3519 3526 27
3519 3527 28
3516 3519 82
3516 3528 83
3516 3529 84
3516 3530 85
3516 3531 86
3516 3532 87
3516 3533 88
3516 3534 89
3516 3535 90
3516 3536 91
3516 3537 92
3516 3538 93
3516 3539 94
3516 3540 95
3515 3516 64
3541 3542 80
3541 3543 81
3541 3544 82
3541 3545 83
3541 3546 84
3541 3547 85
3541 3548 86
3541 3549 87
3515 3541 65
3552 3553 70
3551 3552 2
3551 3554 3
3551 3555 4
3550 3551 77
3550 3556 78
3550 3557 79
3550 3558 80
3515 3550 66
3315 3515 97
3561 3562 93
3560 3561 59
3559 3560 45
3564 3565 96
3563 3564 72
3563 3566 73
3563 3567 74
3563 3568 75
3563 3569 76
3563 3570 77
3559 3563 46
3572 3573 95
3572 3574 96
3571 3572 67
3571 3575 68
3571 3576 69
3571 3577 70
3571 3578 71
3571 3579 72
3559 3571 47
3580 3581 28
3559 3580 48
3559 3582 49
3559 3583 50
3559 3584 51
3559 3585 52
3559 3586 53
3559 3587 54
3559 3588 55
3559 3589 56
3559 3590 57
3559 3591 58
3559 3592 59
3559 3593 60
3559 3594 61
3559 3595 62
3559 3596 63
3559 3597 64
3559 3598 65
3559 3599 66
3559 3600 67
3559 3601 68
3559 3602 69
3559 3603 70
3559 3604 71
3559 3605 72
3559 3606 73
3559 3607 74
3559 3608 75
3559 3609 76
3559 3610 77
3559 3611 78
3559 3612 79
3559 3613 80
3559 3614 81
3559 3615 82
3559 3616 83
3559 3617 84
3315 3559 98
3620 3621 69
3620 3622 70
3620 3623 71
3619 3620 50
3619 3624 51
3619 3625 52
3618 3619 77
3627 3628 67
3626 3627 69
3629 3630 68
3629 3631 69
3626 3629 70
3632 3633 42
3632 3634 43
3632 3635 44
3632 3636 45
3626 3632 71
3618 3626 78
3637 3638 85
3618 3637 79
3639 3640 31
3618 3639 80
3618 3641 81
3618 3642 82
3618 3643 83
3315 3618 99
3646 3647 98
3646 3648 99
3645 3646 55
3644 3645 44
3649 3650 37
3644 3649 45
3652 3653 15
3651 3652 100
3651 3654 1
3644 3651 46
3644 3655 47
3644 3656 48
3644 3657 49
3644 3658 50
3644 3659 51
3644 3660 52
3644 3661 53
3644 3662 54
3644 3663 55
3644 3664 56
3644 3665 57
3644 3666 58
3644 3667 59
3644 3668 60
3644 3669 61
3644 3670 62
3644 3671 63
3644 3672 64
3644 3673 65
3644 3674 66
3644 3675 67
3315 3644 100
3676 3677 17
3315 3676 1
3315 3678 2
3315 3679 3
3315 3680 4
3315 3681 5
3315 3682 6
3315 3683 7
3315 3684 8
3315 3685 9
3315 3686 10
3315 3687 11
3315 3688 12
3315 3689 14
3315 3690 15
3315 3691 16
3315 3692 17
3315 3693 18
3315 3694 19
3315 3695 20
3315 3696 21
3315 3697 22
3315 3698 23
3315 3699 24
3315 3700 25
3315 3701 26
3315 3702 27
3315 3703 28
3315 3704 29
3315 3705 30
3315 3706 31
3315 3707 32
3315 3708 33
3315 3709 34
3315 3710 35
3315 3711 36
3315 3712 37
3315 3713 38
3315 3714 39
3315 3715 40
3315 3716 41
3315 3717 42
3315 3718 43
3315 3719 44
3315 3720 45
3315 3721 46
3315 3722 47
3315 3723 48
3315 3724 49
3315 3725 50
3315 3726 51
3315 3727 52
3315 3728 53
3315 3729 54
3315 3730 55
3315 3731 56
3315 3732 57
3315 3733 58
3315 3734 59
3315 3735 60
3315 3736 61
3315 3737 62
3315 3738 63
3315 3739 64
3315 3740 65
3315 3741 66
3315 3742 67
3315 3743 68
3315 3744 69
3315 3745 70
3315 3746 71
3315 3747 72
3315 3748 73
3315 3749 74
3315 3750 75
3315 3751 76
3315 3752 77
3315 3753 78
3315 3754 79
3315 3755 80
3315 3756 81
3315 3757 82
4 3315 13
3759 3760 30
3759 3761 31
3759 3762 32
3758 3759 92
3764 3765 50
3763 3764 35
3763 3766 36
3763 3767 37
3763 3768 38
3763 3769 39
3763 3770 40
3763 3771 41
3763 3772 42
3763 3773 43
3758 3763 93
3776 3777 60
3775 3776 4
3778 3779 66
3775 3778 5
3774 3775 11
3780 3781 66
3780 3782 67
3774 3780 12
3783 3784 17
3774 3783 13
3774 3785 14
3758 3774 94
3787 3788 43
3786 3787 51
3789 3790 24
3789 3791 25
3789 3792 26
3786 3789 52
3758 3786 95
3793 3794 61
3793 3795 62
3758 3793 96
3796 3797 89
3796 3798 90
3758 3796 97
3758 3799 98
3758 3800 99
3758 3801 100
3758 3802 1
3758 3803 2
3758 3804 3
3758 3805 4
3758 3806 5
3758 3807 6
4 3758 14
3808 3809 13
4 3808 15
4 3810 16
4 3811 17
4 3812 18
4 3813 19
4 3814 20
4 3815 21
4 3816 22
4 3817 23
4 3818 24
4 3819 25
4 3820 26
4 3821 27
4 3822 28
4 3823 29
4 3824 30
3 4 61
3828 3829 7
3828 3830 8
3827 3828 40
3831 3832 20
3827 3831 41
3827 3833 42
3827 3834 43
3827 3835 45
3827 3836 46
3827 3837 47
3827 3838 48
3827 3839 49
3827 3840 50
3826 3827 44
3841 3842 19
3826 3841 45
3843 3844 21
3843 3845 22
3843 3846 23
3826 3843 46
3825 3826 82
3851 3852 96
3851 3853 97
3850 3851 12
3850 3854 13
3849 3850 37
3856 3857 3
3855 3856 91
3849 3855 38
3849 3858 39
3849 3859 40
3848 3849 80
3860 3861 62
3860 3862 63
3860 3863 64
3848 3860 81
3864 3865 97
3864 3866 98
3848 3864 82
3868 3869 42
3867 3868 6
3867 3870 7
3848 3867 83
3848 3871 84
3847 3848 66
3873 3874 99
3872 3873 29
3872 3875 30
3872 3876 31
3872 3877 32
3872 3878 33
3872 3879 34
3872 3880 35
3872 3881 36
3872 3882 37
3872 3883 38
3872 3884 39
3872 3885 40
3872 3886 41
3872 3887 42
3872 3888 43
3872 3889 44
3872 3890 45
3872 3891 46
3872 3892 47
3872 3893 48
3872 3894 49
3872 3895 50
3872 3896 51
3847 3872 67
3898 3899 99
3898 3900 100
3897 3898 52
3901 3902 70
3897 3901 53
3897 3903 54
3897 3904 55
3847 3897 68
3907 3908 70
3906 3907 9
3906 3909 10
3905 3906 49
3847 3905 69
3910 3911 9
3847 3910 70
3912 3913 72
3847 3912 71
3847 3914 72
3847 3915 73
3847 3916 74
3847 3917 75
3847 3918 76
3847 3919 77
3847 3920 78
3847 3921 79
3847 3922 80
3847 3923 81
3847 3924 82
3847 3925 84
3847 3926 85
3847 3927 86
3847 3928 87
3847 3929 88
3847 3930 89
3847 3931 90
3847 3932 91
3847 3933 92
3847 3934 93
3847 3935 94
3847 3936 95
3847 3937 96
3847 3938 97
3847 3939 98
3847 3940 99
3847 3941 100
3847 3942 1
3847 3943 2
3847 3944 3
3847 3945 4
3825 3847 83
3946 3947 16
3825 3946 84
3948 3949 14
3825 3948 85
3825 3950 86
3825 3951 87
3825 3952 88
3825 3953 89
3825 3954 90
3825 3955 91
3825 3956 92
3825 3957 93
3825 3958 94
3825 3959 95
3825 3960 96
3825 3961 97
3825 3962 98
3825 3963 99
3825 3964 100
3825 3965 1
3825 3966 2
3825 3967 3
3825 3968 4
3825 3969 5
3825 3970 6
3825 3971 7
3825 3972 8
3825 3973 9
3825 3974 10
3825 3975 11
3825 3976 12
3825 3977 13
3825 3978 14
3825 3979 15
3825 3980 16
3825 3981 17
3825 3982 18
3825 3983 19
3825 3984 20
3825 3985 21
3825 3986 22
3825 3987 23
3825 3988 24
3825 3989 25
3825 3990 26
3825 3991 27
3825 3992 28
3825 3993 29
3825 3994 30
3825 3995 31
3825 3996 32
3825 3997 33
3825 3998 34
3825 3999 35
3825 4000 36
3825 4001 37
3825 4002 38
3825 4003 39
3825 4004 40
3825 4005 41
3825 4006 42
3825 4007 43
3825 4008 44
3825 4009 45
3825 4010 46
3825 4011 47
3825 4012 48
3825 4013 49
3 3825 62
4019 4020 86
4018 4019 88
4021 4022 31
4021 4023 32
4018 4021 89
4024 4025 87
4024 4026 88
4018 4024 90
4018 4027 92
4017 4018 91
4028 4029 38
4028 4030 39
4017 4028 92
4016 4017 15
4032 4033 44
4031 4032 95
4031 4034 96
4031 4035 97
4031 4036 98
4031 4037 99
4031 4038 100
4031 4039 1
4031 4040 2
4031 4041 3
4031 4042 4
4031 4043 5
4031 4044 6
4031 4045 7
4031 4046 8
4031 4047 9
4016 4031 16
4016 4048 17
4016 4049 18
4016 4050 19
4016 4051 20
4016 4052 21
4016 4053 22
4016 4054 23
4016 4055 24
4016 4056 25
4016 4057 26
4016 4058 27
4016 4059 28
4016 4060 29
4016 4061 30
4016 4062 31
4016 4063 32
4016 4064 33
4016 4065 34
4016 4066 35
4016 4067 36
4016 4068 37
4016 4069 38
4016 4070 39
4016 4071 40
4016 4072 41
4016 4073 42
4015 4016 1
4074 4075 34
4015 4074 2
4077 4078 72
4076 4077 88
4080 4081 98
4079 4080 9
4083 4084 19
4082 4083 34
4079 4082 10
4076 4079 89
4015 4076 3
4087 4088 1
4086 4087 29
4085 4086 84
4085 4089 85
4085 4090 86
4085 4091 87
4085 4092 88
4085 4093 89
4085 4094 90
4015 4085 4
4095 4096 6
4015 4095 5
4098 4099 2
4097 4098 14
4015 4097 6
4100 4101 12
4015 4100 7
4015 4102 8
4014 4015 52
4106 4107 73
4105 4106 11
4104 4105 6
4104 4108 7
4104 4109 8
4103 4104 22
4103 4110 23
4103 4111 24
4103 4112 25
4103 4113 26
4103 4114 27
4103 4115 28
4103 4116 29
4103 4117 30
4103 4118 31
4103 4119 32
4103 4120 33
4103 4121 34
4103 4122 35
4103 4123 36
4103 4124 37
4103 4125 38
4103 4126 39
4103 4127 40
4103 4128 41
4103 4129 42
4103 4130 43
4103 4131 44
4103 4132 45
4103 4133 46
4103 4134 47
4014 4103 53
4135 4136 40
4135 4137 41
4135 4138 42
4135 4139 43
4135 4140 44
4135 4141 45
4135 4142 46
4014 4135 54
4143 4144 62
4014 4143 55
4146 4147 75
4145 4146 68
4145 4148 69
4145 4149 70
4145 4150 71
4145 4151 72
4014 4145 56
4152 4153 92
4014 4152 57
4154 4155 76
4154 4156 77
4154 4157 78
4154 4158 79
4014 4154 58
4159 4160 75
4014 4159 59
4014 4161 60
4014 4162 61
4014 4163 62
4014 4164 64
4014 4165 65
4014 4166 66
4014 4167 67
4014 4168 68
4014 4169 69
4014 4170 70
4014 4171 71
4014 4172 72
4014 4173 73
4014 4174 74
4014 4175 75
4014 4176 76
4014 4177 77
4014 4178 78
4014 4179 79
4014 4180 80
4014 4181 81
4014 4182 82
4014 4183 83
4014 4184 84
4014 4185 85
4014 4186 86
4014 4187 87
4014 4188 88
4014 4189 89
4014 4190 90
4014 4191 91
4014 4192 92
4014 4193 93
4014 4194 94
4014 4195 95
4014 4196 96
4014 4197 97
4014 4198 98
4014 4199 99
4014 4200 100
4014 4201 1
4014 4202 2
4014 4203 3
4014 4204 4
4014 4205 5
4014 4206 6
4014 4207 7
4014 4208 8
4014 4209 9
4014 4210 10
4014 4211 11
4014 4212 12
4014 4213 13
4014 4214 14
4014 4215 15
4014 4216 16
4014 4217 17
4014 4218 18
4014 4219 19
4014 4220 20
4014 4221 21
4014 4222 22
4014 4223 23
4014 4224 24
4014 4225 25
4014 4226 26
4014 4227 27
4014 4228 28
4014 4229 29
4014 4230 30
4014 4231 31
4014 4232 32
4014 4233 33
4014 4234 34
4014 4235 35
4014 4236 36
4014 4237 37
4014 4238 38
3 4014 63
4240 4241 20
4239 4240 88
4243 4244 98
4242 4243 13
4239 4242 89
4245 4246 82
4239 4245 90
4239 4247 91
4239 4248 92
4239 4249 93
4239 4250 94
4239 4251 95
3 4239 64
4254 4255 48
4253 4254 68
4257 4258 63
4257 4259 64
4256 4257 94
4261 4262 1
4260 4261 61
4256 4260 95
4253 4256 69
4263 4264 46
4263 4265 47
4253 4263 70
4253 4266 71
4253 4267 72
4253 4268 73
4253 4269 74
4253 4270 75
4253 4271 76
4253 4272 77
4253 4273 78
4252 4253 98
4275 4276 3
4275 4277 4
4274 4275 40
4278 4279 29
4278 4280 30
4278 4281 31
4278 4282 32
4278 4283 33
4278 4284 34
4278 4285 35
4274 4278 41
4286 4287 69
4274 4286 42
4274 4288 43
4274 4289 44
4274 4290 45
4274 4291 46
4274 4292 47
4252 4274 99
4294 4295 42
4293 4294 94
4293 4296 95
4293 4297 96
4293 4298 97
4252 4293 100
4299 4300 56
4299 4301 57
4252 4299 1
4302 4303 94
4252 4302 2
4252 4304 3
4252 4305 4
4252 4306 5
3 4252 65
4307 4308 54
4307 4309 55
4307 4310 56
4307 4311 57
3 4307 66
3 4312 67
3 4313 68
3 4314 69
3 4315 71
3 4316 72
3 4317 73
3 4318 74
3 4319 75
3 4320 76
3 4321 77
3 4322 78
3 4323 79
3 4324 80
3 4325 81
3 4326 82
3 4327 83
3 4328 84
3 4329 85
3 4330 86
3 4331 87
3 4332 88
3 4333 89
3 4334 90
3 4335 91
3 4336 92
3 4337 93
3 4338 94
3 4339 95
3 4340 96
3 4341 97
3 4342 98
3 4343 99
3 4344 100
3 4345 1
3 4346 2
3 4347 3
3 4348 4
3 4349 5
3 4350 6
3 4351 7
3 4352 8
3 4353 9
3 4354 10
3 4355 11
3 4356 12
3 4357 13
3 4358 14
3 4359 15
3 4360 16
3 4361 17
3 4362 18
3 4363 19
3 4364 20
3 4365 21
3 4366 22
3 4367 23
3 4368 24
3 4369 25
3 4370 26
3 4371 27
3 4372 28
3 4373 29
3 4374 30
3 4375 31
3 4376 32
3 4377 33
3 4378 34
3 4379 35
3 4380 36
3 4381 37
3 4382 38
3 4383 39
3 4384 40
3 4385 41
3 4386 42
3 4387 43
3 4388 44
3 4389 45
3 4390 46
3 4391 47
3 4392 48
3 4393 49
3 4394 50
3 4395 51
3 4396 52
3 4397 53
3 4398 54
3 4399 55
3 4400 56
2 3 70
4404 4405 32
4403 4404 89
4403 4406 90
4403 4407 91
4403 4408 92
4403 4409 93
4403 4410 94
4403 4411 96
4403 4412 97
4403 4413 98
4403 4414 99
4403 4415 100
4403 4416 1
4403 4417 2
4403 4418 3
4403 4419 4
4403 4420 5
4402 4403 95
4422 4423 87
4422 4424 88
4422 4425 89
4421 4422 32
4427 4428 65
4427 4429 66
4426 4427 79
4426 4430 80
4421 4426 33
4431 4432 40
4421 4431 34
4433 4434 87
4421 4433 35
4421 4435 36
4421 4436 37
4421 4437 38
4421 4438 39
4402 4421 96
4442 4443 75
4441 4442 88
4440 4441 80
4445 4446 94
4444 4445 81
4444 4447 57
4440 4444 81
4439 4440 21
4448 4449 21
4448 4450 23
4448 4451 24
4448 4452 25
4439 4448 22
4402 4439 97
4454 4455 34
4453 4454 11
4453 4456 12
4402 4453 98
4402 4457 99
4401 4402 1
4459 4460 39
4458 4459 51
4458 4461 52
4458 4462 53
4458 4463 54
4458 4464 55
4458 4465 56
4458 4466 57
4458 4467 58
4458 4468 59
4458 4469 60
4458 4470 61
4458 4471 62
4458 4472 63
4458 4473 64
4401 4458 2
4474 4475 17
4401 4474 3
4476 4477 50
4401 4476 4
4401 4478 5
4401 4479 6
4401 4480 7
4401 4481 8
4401 4482 9
4401 4483 10
4401 4484 11
4401 4485 12
4401 4486 13
4401 4487 14
4401 4488 15
4401 4489 16
4401 4490 17
4401 4491 18
4401 4492 19
4401 4493 20
4401 4494 21
4401 4495 22
4401 4496 23
4401 4497 24
4401 4498 25
4401 4499 26
4401 4500 27
4401 4501 28
4401 4502 29
4401 4503 30
4401 4504 31
4401 4505 32
4401 4506 33
4401 4507 34
4401 4508 35
4401 4509 36
4401 4510 37
4401 4511 38
4401 4512 39
4401 4513 40
4401 4514 41
4401 4515 42
4401 4516 43
4401 4517 44
4401 4518 45
2 4401 71
4524 4525 29
4524 4526 30
4524 4527 31
4523 4524 63
4529 4530 30
4529 4531 31
4529 4532 32
4529 4533 33
4529 4534 34
4528 4529 51
4528 4535 52
4528 4536 53
4528 4537 54
4528 4538 55
4523 4528 64
4539 4540 79
4539 4541 80
4523 4539 65
4544 4545 95
4543 4544 77
4542 4543 23
4546 4547 66
4546 4548 67
4546 4549 68
4546 4550 69
4546 4551 70
4546 4552 71
4546 4553 72
4546 4554 73
4542 4546 24
4555 4556 90
4555 4557 91
4542 4555 25
4542 4558 26
4542 4559 27
4542 4560 28
4542 4561 29
4542 4562 30
4542 4563 31
4542 4564 32
4523 4542 66
4565 4566 1
4523 4565 67
4567 4568 95
4523 4567 68
4523 4569 69
4523 4570 70
4523 4571 71
4523 4572 72
4523 4573 73
4523 4574 74
4523 4575 75
4523 4576 76
4523 4577 77
4523 4578 78
4523 4579 79
4523 4580 80
4523 4581 81
4523 4582 83
4523 4583 84
4522 4523 82
4586 4587 67
4585 4586 12
4584 4585 100
4588 4589 67
4584 4588 1
4522 4584 83
4592 4593 62
4591 4592 72
4590 4591 9
4522 4590 84
4594 4595 13
4522 4594 85
4522 4596 86
4522 4597 87
4522 4598 88
4522 4599 89
4522 4600 90
4522 4601 91
4522 4602 92
4522 4603 93
4522 4604 94
4522 4605 95
4522 4606 96
4522 4607 97
4522 4608 98
4522 4609 99
4522 4610 100
4522 4611 1
4522 4612 2
4522 4613 3
4522 4614 4
4522 4615 5
4522 4616 6
4522 4617 7
4522 4618 8
4522 4619 9
4522 4620 10
4522 4621 11
4522 4622 12
4522 4623 13
4522 4624 14
4522 4625 15
4522 4626 16
4522 4627 17
4522 4628 18
4522 4629 19
4522 4630 20
4522 4631 22
4522 4632 23
4521 4522 21
4634 4635 18
4633 4634 56
4636 4637 96
4633 4636 57
4633 4638 58
4521 4633 22
4520 4521 38
4639 4640 29
4639 4641 30
4639 4642 31
4520 4639 39
4644 4645 70
4644 4646 71
4644 4647 72
4644 4648 73
4644 4649 74
4644 4650 75
4644 4651 76
4644 4652 77
4644 4653 78
4644 4654 79
4644 4655 80
4644 4656 81
4644 4657 82
4644 4658 83
4644 4659 84
4644 4660 85
4644 4661 86
4644 4662 87
4644 4663 88
4644 4664 89
4644 4665 90
4644 4666 91
4644 4667 92
4644 4668 93
4644 4669 94
4644 4670 95
4644 4671 96
4644 4672 97
4644 4673 98
4644 4674 99
4644 4675 100
4644 4676 1
4644 4677 2
4644 4678 3
4644 4679 5
4644 4680 6
4644 4681 7
4644 4682 8
4644 4683 9
4644 4684 10
4644 4685 11
4643 4644 4
4520 4643 40
4520 4686 41
4520 4687 42
4520 4688 43
4520 4689 44
4520 4690 45
4520 4691 46
4520 4692 47
4520 4693 48
4520 4694 49
4520 4695 50
4520 4696 51
4520 4697 52
4520 4698 53
4520 4699 54
4520 4700 55
4520 4701 56
4520 4702 57
4520 4703 58
4520 4704 59
4520 4705 60
4520 4706 61
4520 4707 62
4520 4708 63
4520 4709 64
4520 4710 65
4520 4711 66
4520 4712 67
4520 4713 68
4520 4714 69
4520 4715 70
4520 4716 72
4520 4717 73
4520 4718 74
4520 4719 75
4520 4720 76
4520 4721 77
4520 4722 78
4520 4723 79
4520 4724 80
4520 4725 81
4520 4726 82
4519 4520 71
4727 4728 100
4727 4729 1
4727 4730 2
4727 4731 3
4727 4732 4
4727 4733 5
4727 4734 6
4519 4727 73
4735 4736 25
4519 4735 74
4739 4740 76
4738 4739 75
4737 4738 81
4737 4741 82
4737 4742 83
4737 4743 84
4737 4744 85
4737 4745 86
4737 4746 87
4737 4747 88
4737 4748 89
4737 4749 90
4519 4737 75
4753 4754 21
4752 4753 17
4752 4755 18
4751 4752 14
4750 4751 39
4750 4756 40
4750 4757 41
4750 4758 42
4519 4750 76
4759 4760 64
4759 4761 65
4759 4762 66
4519 4759 77
4763 4764 14
4763 4765 15
4763 4766 16
4519 4763 78
4767 4768 68
4519 4767 79
4769 4770 55
4769 4771 56
4769 4772 57
4519 4769 80
4773 4774 84
4519 4773 81
4775 4776 39
4519 4775 82
4519 4777 83
4519 4778 84
4519 4779 85
4519 4780 86
4519 4781 87
4519 4782 88
4519 4783 89
4519 4784 90
4519 4785 91
4519 4786 92
4519 4787 93
4519 4788 94
4519 4789 95
4519 4790 96
4519 4791 97
4519 4792 98
4519 4793 99
4519 4794 100
4519 4795 1
4519 4796 2
4519 4797 3
4519 4798 4
4519 4799 5
4519 4800 6
4519 4801 7
4519 4802 8
4519 4803 9
4519 4804 10
4519 4805 11
4519 4806 12
4519 4807 13
4519 4808 14
4519 4809 15
4519 4810 16
4519 4811 17
4519 4812 18
4519 4813 19
4519 4814 20
4519 4815 21
4519 4816 22
4519 4817 23
4519 4818 24
4519 4819 25
4519 4820 26
4519 4821 27
4519 4822 28
4519 4823 29
4519 4824 30
4519 4825 31
4519 4826 32
4519 4827 33
4519 4828 34
4519 4829 35
4519 4830 36
4519 4831 37
4519 4832 38
4519 4833 39
2 4519 72
4834 4835 62
2 4834 73
4837 4838 86
4836 4837 97
4839 4840 83
4836 4839 98
2 4836 74
4842 4843 89
4841 4842 79
4844 4845 46
4841 4844 80
4847 4848 80
4846 4847 59
4846 4849 60
4846 4850 61
4846 4851 62
4841 4846 81
4853 4854 63
4852 4853 24
4855 4856 52
4852 4855 25
4852 4857 26
4852 4858 27
4852 4859 28
4852 4860 29
4852 4861 30
4841 4852 82
2 4841 75
4863 4864 22
4862 4863 64
4865 4866 92
4862 4865 65
4862 4867 66
4862 4868 67
4862 4869 68
4862 4870 69
4862 4871 70
4862 4872 71
4862 4873 72
4862 4874 73
4862 4875 74
4862 4876 75
4862 4877 77
4862 4878 78
4862 4879 79
4862 4880 80
4862 4881 81
4862 4882 82
4862 4883 83
4862 4884 84
4862 4885 85
4862 4886 86
4862 4887 87
4862 4888 88
4862 4889 89
4862 4890 90
4862 4891 91
4862 4892 92
4862 4893 93
2 4862 76
4895 4896 37
4895 4897 38
4895 4898 39
4895 4899 40
4894 4895 44
4900 4901 56
4900 4902 57
4894 4900 45
4903 4904 40
4894 4903 46
4905 4906 96
4894 4905 47
4894 4907 48
4894 4908 49
4894 4909 50
4894 4910 51
4894 4911 52
2 4894 77
4913 4914 69
4912 4913 85
4915 4916 17
4912 4915 86
4912 4917 87
4912 4918 88
4912 4919 89
4912 4920 90
2 4912 78
2 4921 79
2 4922 80
2 4923 81
2 4924 82
2 4925 83
2 4926 84
2 4927 85
2 4928 86
2 4929 87
2 4930 88
2 4931 89
2 4932 90
2 4933 91
2 4934 92
2 4935 93
2 4936 94
2 4937 95
2 4938 96
2 4939 97
2 4940 98
2 4941 99
2 4942 100
2 4943 1
2 4944 2
2 4945 3
2 4946 4
2 4947 5
2 4948 6
2 4949 7
2 4950 8
2 4951 9
2 4952 10
2 4953 11
2 4954 12
2 4955 13
2 4956 14
2 4957 15
2 4958 16
2 4959 17
2 4960 18
2 4961 19
2 4962 20
2 4963 21
2 4964 22
2 4965 23
2 4966 24
2 4967 25
2 4968 26
2 4969 27
2 4970 28
2 4971 29
2 4972 30
2 4973 31
1 2 53
4978 4979 64
4977 4978 61
4977 4980 62
4976 4977 80
4975 4976 26
4982 4983 83
4982 4984 84
4981 4982 21
4985 4986 16
4985 4987 17
4981 4985 22
4981 4988 23
4981 4989 24
4981 4990 25
4981 4991 26
4981 4992 28
4981 4993 29
4981 4994 30
4981 4995 31
4981 4996 32
4981 4997 33
4981 4998 34
4981 4999 35
4981 5000 36
4981 5001 37
4981 5002 38
4981 5003 39
4981 5004 40
4981 5005 41
4981 5006 42
4975 4981 27
5008 5009 93
5007 5008 1
5007 5010 2
5007 5011 3
4975 5007 28
5013 5014 78
5012 5013 57
5012 5015 58
5012 5016 59
4975 5012 29
5019 5020 72
5018 5019 13
5017 5018 97
4975 5017 30
4975 5021 31
4975 5022 32
4975 5023 33
4975 5024 34
4974 4975 16
5030 5031 100
5029 5030 16
5028 5029 48
5032 5033 16
5028 5032 49
5028 5034 50
5028 5035 51
5028 5036 52
5028 5037 53
5028 5038 54
5028 5039 55
5028 5040 56
5028 5041 57
5028 5042 58
5028 5043 59
5028 5044 60
5028 5045 61
5028 5046 62
5028 5047 63
5028 5048 64
5028 5049 65
5028 5050 66
5028 5051 67
5028 5052 68
5028 5053 69
5028 5054 70
5028 5055 72
5028 5056 73
5028 5057 74
5028 5058 75
5028 5059 76
5028 5060 77
5028 5061 78
5028 5062 79
5028 5063 80
5028 5064 81
5028 5065 82
5027 5028 71
5069 5070 32
5068 5069 95
5068 5071 96
5068 5072 97
5068 5073 98
5067 5068 30
5075 5076 69
5075 5077 70
5074 5075 3
5067 5074 31
5078 5079 78
5078 5080 79
5067 5078 32
5067 5081 33
5066 5067 1
5027 5066 72
5083 5084 69
5083 5085 70
5082 5083 60
5027 5082 73
5088 5089 2
5087 5088 5
5086 5087 3
5086 5090 4
5086 5091 5
5086 5092 6
5086 5093 7
5086 5094 8
5086 5095 9
5086 5096 10
5086 5097 11
5086 5098 12
5086 5099 13
5086 5100 14
5086 5101 15
5086 5102 16
5086 5103 17
5086 5104 18
5086 5105 19
5086 5106 20
5086 5107 21
5086 5108 22
5086 5109 23
5086 5110 24
5086 5111 25
5086 5112 26
5027 5086 74
5113 5114 3
5027 5113 75
5115 5116 21
5027 5115 77
5027 5117 78
5027 5118 79
5027 5119 80
5027 5120 81
5027 5121 82
5027 5122 83
5027 5123 84
5027 5124 85
5027 5125 86
5027 5126 87
5027 5127 88
5027 5128 89
5027 5129 90
5027 5130 91
5027 5131 92
5027 5132 93
5027 5133 94
5027 5134 95
5027 5135 96
5027 5136 97
5027 5137 98
5027 5138 99
5027 5139 100
5027 5140 1
5027 5141 2
5027 5142 3
5027 5143 4
5027 5144 5
5027 5145 6
5027 5146 7
5027 5147 8
5027 5148 9
5027 5149 10
5027 5150 11
5027 5151 12
5027 5152 13
5027 5153 14
5027 5154 15
5027 5155 16
5027 5156 17
5027 5157 18
5027 5158 19
5027 5159 20
5027 5160 21
5027 5161 22
5027 5162 23
5027 5163 24
5027 5164 25
5027 5165 26
5027 5166 27
5027 5167 28
5027 5168 29
5027 5169 30
5027 5170 31
5027 5171 32
5027 5172 33
5027 5173 34
5027 5174 35
5027 5175 36
5027 5176 37
5027 5177 38
5027 5178 39
5027 5179 40
5027 5180 41
5027 5181 42
5027 5182 43
5027 5183 44
5027 5184 45
5027 5185 46
5027 5186 47
5027 5187 48
5027 5188 49
5027 5189 50
5027 5190 51
5027 5191 52
5027 5192 53
5026 5027 76
5196 5197 20
5196 5198 21
5196 5199 22
5195 5196 29
5194 5195 43
5194 5200 44
5194 5201 45
5194 5202 46
5194 5203 47
5194 5204 48
5194 5205 49
5194 5206 50
5194 5207 51
5193 5194 6
5210 5211 81
5209 5210 71
5213 5214 15
5212 5213 45
5212 5215 46
5212 5216 47
5209 5212 72
5218 5219 21
5217 5218 25
5209 5217 73
5220 5221 47
5209 5220 74
5222 5223 97
5209 5222 75
5209 5224 76
5209 5225 77
5209 5226 78
5208 5209 14
5227 5228 17
5208 5227 15
5230 5231 76
5229 5230 43
5208 5229 16
5232 5233 7
5208 5232 17
5234 5235 68
5208 5234 18
5208 5236 19
5208 5237 20
5208 5238 21
5208 5239 22
5208 5240 23
5193 5208 7
5242 5243 95
5241 5242 1
5193 5241 8
5246 5247 67
5245 5246 75
5248 5249 23
5245 5248 76
5250 5251 97
5250 5252 98
5245 5250 77
5245 5253 78
5245 5254 79
5245 5255 80
5244 5245 89
5193 5244 9
5193 5256 10
5193 5257 11
5193 5258 12
5193 5259 13
5193 5260 14
5193 5261 15
5193 5262 16
5193 5263 17
5193 5264 18
5193 5265 19
5193 5266 20
5193 5267 21
5193 5268 22
5193 5269 23
5193 5270 24
5193 5271 25
5193 5272 26
5193 5273 27
5193 5274 28
5193 5275 29
5193 5276 30
5193 5277 31
5193 5278 32
5193 5279 33
5193 5280 34
5193 5281 35
5193 5282 36
5193 5283 37
5193 5284 38
5193 5285 39
5193 5286 40
5193 5287 41
5193 5288 42
5193 5289 43
5193 5290 44
5193 5291 45
5193 5292 46
5193 5293 47
5193 5294 48
5193 5295 49
5193 5296 50
5193 5297 51
5193 5298 52
5193 5299 53
5193 5300 54
5193 5301 55
5193 5302 56
5193 5303 57
5193 5304 58
5193 5305 59
5193 5306 60
5193 5307 61
5193 5308 62
5193 5309 63
5193 5310 64
5193 5311 65
5193 5312 66
5193 5313 67
5193 5314 68
5193 5315 69
5193 5316 70
5193 5317 71
5026 5193 77
5319 5320 78
5318 5319 5
5318 5321 6
5026 5318 78
5323 5324 14
5323 5325 15
5322 5323 57
5326 5327 82
5322 5326 58
5329 5330 40
5328 5329 85
5322 5328 59
5322 5331 60
5322 5332 61
5322 5333 62
5322 5334 63
5026 5322 79
5026 5335 80
5026 5336 81
5026 5337 82
5026 5338 83
5026 5339 84
5026 5340 85
5026 5341 86
5026 5342 87
5026 5343 88
5026 5344 89
5026 5345 90
5026 5346 91
5026 5347 92
5026 5348 93
5026 5349 94
5026 5350 95
5026 5351 96
5026 5352 97
5026 5353 98
5026 5354 99
5026 5355 100
5026 5356 1
5026 5357 2
5026 5358 3
5026 5359 4
5026 5360 5
5026 5361 6
5026 5362 7
5026 5363 8
5026 5364 9
5026 5365 10
5026 5366 11
5026 5367 12
5026 5368 13
5026 5369 14
5026 5370 15
5026 5371 16
5026 5372 17
5026 5373 18
5026 5374 19
5026 5375 20
5026 5376 21
5026 5377 22
5026 5378 23
5026 5379 24
5026 5380 25
5026 5381 26
5026 5382 27
5026 5383 28
5026 5384 29
5026 5385 30
5026 5386 31
5026 5387 32
5026 5388 33
5026 5389 34
5026 5390 35
5025 5026 50
5392 5393 89
5392 5394 90
5391 5392 56
5395 5396 31
5391 5395 57
5398 5399 17
5397 5398 98
5400 5401 61
5397 5400 99
5397 5402 100
5391 5397 58
5403 5404 100
5391 5403 59
5405 5406 52
5391 5405 60
5391 5407 61
5391 5408 62
5391 5409 63
5391 5410 64
5391 5411 65
5391 5412 66
5391 5413 67
5391 5414 68
5391 5415 69
5391 5416 70
5391 5417 71
5391 5418 72
5391 5419 73
5391 5420 74
5391 5421 75
5391 5422 76
5391 5423 77
5391 5424 78
5391 5425 79
5391 5426 80
5391 5427 81
5025 5391 51
5429 5430 37
5429 5431 38
5428 5429 6
5432 5433 98
5428 5432 7
5428 5434 8
5428 5435 9
5428 5436 10
5428 5437 11
5428 5438 12
5428 5439 13
5428 5440 14
5428 5441 15
5428 5442 16
5428 5443 17
5428 5444 18
5428 5445 19
5428 5446 20
5428 5447 21
5428 5448 22
5428 5449 23
5428 5450 24
5025 5428 52
5453 5454 11
5452 5453 94
5455 5456 30
5455 5457 31
5452 5455 95
5451 5452 89
5458 5459 78
5451 5458 90
5451 5460 91
5451 5461 92
5451 5462 93
5451 5463 94
5451 5464 95
5451 5465 96
5451 5466 97
5025 5451 53
5469 5470 47
5469 5471 48
5468 5469 97
5468 5472 98
5467 5468 99
5473 5474 46
5467 5473 100
5467 5475 1
5467 5476 2
5467 5477 3
5467 5478 4
5025 5467 54
5480 5481 59
5479 5480 96
5479 5482 97
5025 5479 55
5483 5484 30
5025 5483 56
5025 5485 57
5025 5486 58
5025 5487 59
5025 5488 60
5025 5489 61
5025 5490 62
5025 5491 63
5025 5492 64
5025 5493 65
5025 5494 66
5025 5495 67
5025 5496 68
5025 5497 69
5025 5498 70
5025 5499 71
5025 5500 72
5025 5501 73
5025 5502 74
5025 5503 75
5025 5504 76
5025 5505 77
5025 5506 78
5025 5507 79
5025 5508 80
5025 5509 81
5025 5510 82
5025 5511 83
5025 5512 84
5025 5513 85
5025 5514 86
5025 5515 87
5025 5516 88
5025 5517 89
5025 5518 90
4974 5025 17
5522 5523 75
5521 5522 77
5524 5525 94
5521 5524 78
5526 5527 29
5521 5526 79
5521 5528 80
5520 5521 47
5519 5520 65
5530 5531 98
5530 5532 99
5529 5530 47
5519 5529 66
4974 5519 18
5535 5536 71
5535 5537 72
5534 5535 18
5533 5534 47
4974 5533 19
5539 5540 27
5538 5539 37
5538 5541 38
5538 5542 39
4974 5538 20
5544 5545 34
5544 5546 35
5543 5544 25
5543 5547 26
5543 5548 27
5543 5549 28
5543 5550 29
5543 5551 30
5543 5552 31
5543 5553 32
5543 5554 33
5543 5555 34
4974 5543 21
4974 5556 22
4974 5557 23
4974 5558 24
4974 5559 25
4974 5560 26
4974 5561 27
4974 5562 28
4974 5563 29
4974 5564 30
4974 5565 31
4974 5566 32
1 4974 54
5571 5572 61
5570 5571 93
5570 5573 94
5570 5574 95
5570 5575 96
5570 5576 97
5570 5577 98
5570 5578 99
5570 5579 100
5570 5580 1
5570 5581 2
5570 5582 3
5570 5583 4
5569 5570 54
5584 5585 77
5584 5586 78
5584 5587 79
5584 5588 80
5584 5589 81
5584 5590 82
5584 5591 83
5584 5592 84
5584 5593 85
5584 5594 86
5584 5595 87
5584 5596 88
5584 5597 89
5584 5598 90
5569 5584 55
5601 5602 81
5601 5603 82
5600 5601 59
5600 5604 60
5600 5605 61
5600 5606 62
5600 5607 63
5599 5600 41
5608 5609 52
5599 5608 42
5599 5610 43
5599 5611 44
5599 5612 45
5599 5613 46
5599 5614 47
5599 5615 48
5599 5616 49
5599 5617 50
5569 5599 56
5619 5620 58
5618 5619 69
5618 5621 70
5618 5622 71
5618 5623 72
5618 5624 73
5569 5618 57
5569 5625 58
5569 5626 59
5569 5627 60
5569 5628 61
5569 5629 62
5569 5630 63
5569 5631 64
5569 5632 65
5569 5633 66
5569 5634 67
5569 5635 69
5569 5636 70
5569 5637 71
5569 5638 72
5569 5639 73
5569 5640 74
5569 5641 75
5569 5642 76
5569 5643 77
5569 5644 78
5569 5645 79
5569 5646 80
5569 5647 81
5569 5648 82
5569 5649 83
5569 5650 84
5569 5651 85
5569 5652 86
5569 5653 87
5569 5654 88
5569 5655 89
5569 5656 90
5569 5657 91
5569 5658 92
5569 5659 93
5569 5660 94
5569 5661 95
5569 5662 96
5569 5663 97
5569 5664 98
5569 5665 99
5569 5666 100
5569 5667 1
5569 5668 2
5569 5669 3
5569 5670 4
5569 5671 5
5569 5672 6
5569 5673 7
5569 5674 8
5569 5675 9
5569 5676 10
5569 5677 11
5569 5678 12
5569 5679 13
5569 5680 14
5569 5681 15
5569 5682 16
5569 5683 17
5569 5684 18
5569 5685 19
5569 5686 20
5569 5687 21
5569 5688 22
5569 5689 23
5569 5690 24
5569 5691 25
5569 5692 26
5569 5693 27
5569 5694 28
5569 5695 29
5569 5696 30
5569 5697 31
5569 5698 32
5569 5699 33
5569 5700 34
5569 5701 35
5569 5702 36
5569 5703 37
5569 5704 38
5569 5705 39
5569 5706 40
5569 5707 41
5569 5708 42
5569 5709 43
5568 5569 68
5713 5714 11
5713 5715 12
5713 5716 13
5713 5717 14
5713 5718 15
5713 5719 16
5712 5713 63
5721 5722 25
5720 5721 20
5720 5723 21
5712 5720 64
5712 5724 65
5712 5725 66
5712 5726 67
5712 5727 68
5712 5728 69
5712 5729 70
5712 5730 71
5712 5731 72
5712 5732 73
5712 5733 74
5712 5734 75
5712 5735 76
5712 5736 77
5712 5737 78
5711 5712 91
5738 5739 14
5711 5738 92
5740 5741 78
5711 5740 93
5711 5742 94
5711 5743 95
5711 5744 96
5711 5745 97
5711 5746 98
5711 5747 99
5711 5748 100
5711 5749 1
5711 5750 2
5711 5751 3
5711 5752 4
5711 5753 5
5711 5754 6
5711 5755 7
5710 5711 30
5756 5757 50
5756 5758 51
5756 5759 52
5756 5760 53
5756 5761 54
5756 5762 55
5756 5763 56
5710 5756 31
5765 5766 16
5764 5765 68
5767 5768 45
5767 5769 46
5767 5770 47
5764 5767 69
5764 5771 70
5710 5764 32
5568 5710 69
5776 5777 85
5776 5778 86
5775 5776 74
5774 5775 92
5779 5780 51
5774 5779 93
5781 5782 79
5774 5781 94
5774 5783 95
5774 5784 96
5774 5785 97
5774 5786 99
5774 5787 100
5773 5774 98
5772 5773 89
5568 5772 70
5789 5790 37
5789 5791 38
5788 5789 6
5792 5793 83
5788 5792 7
5568 5788 71
5794 5795 41
5568 5794 72
5796 5797 19
5796 5798 20
5568 5796 73
5799 5800 4
5568 5799 74
5568 5801 75
5568 5802 76
5568 5803 77
5568 5804 78
5568 5805 79
5568 5806 80
5568 5807 81
5568 5808 82
5568 5809 83
5568 5810 84
5568 5811 85
5568 5812 86
5568 5813 87
5568 5814 88
5568 5815 89
5568 5816 90
5568 5817 91
5568 5818 92
5568 5819 93
5568 5820 94
5568 5821 95
5568 5822 96
5568 5823 97
5568 5824 98
5568 5825 99
5568 5826 100
5568 5827 1
5568 5828 2
5568 5829 3
5568 5830 4
5568 5831 5
5568 5832 6
5568 5833 7
5568 5834 8
5568 5835 9
5568 5836 10
5568 5837 11
5568 5838 12
5568 5839 13
5568 5840 14
5568 5841 15
5568 5842 16
5568 5843 17
5568 5844 18
5568 5845 19
5568 5846 20
5568 5847 21
5567 5568 51
5849 5850 23
5849 5851 24
5848 5849 98
5567 5848 52
5853 5854 1
5853 5855 2
5853 5856 3
5852 5853 73
5567 5852 53
5857 5858 85
5567 5857 54
5567 5859 56
5567 5860 57
5567 5861 58
5567 5862 59
5567 5863 60
5567 5864 61
5567 5865 62
5567 5866 63
5567 5867 64
5567 5868 65
5567 5869 66
5567 5870 67
5567 5871 68
5567 5872 69
5567 5873 70
5567 5874 71
5567 5875 72
5567 5876 73
5567 5877 74
5567 5878 75
5567 5879 76
5567 5880 77
5567 5881 78
5567 5882 79
5567 5883 80
5567 5884 81
5567 5885 82
5567 5886 83
5567 5887 84
5567 5888 85
5567 5889 86
5567 5890 87
5567 5891 88
5567 5892 89
1 5567 55
5896 5897 37
5896 5898 38
5896 5899 39
5895 5896 30
5900 5901 80
5895 5900 31
5895 5902 32
5894 5895 54
5904 5905 67
5903 5904 21
5903 5906 22
5903 5907 23
5903 5908 24
5894 5903 55
5893 5894 38
5910 5911 60
5910 5912 61
5910 5913 62
5909 5910 6
5914 5915 84
5909 5914 7
5909 5916 8
5909 5917 9
5909 5918 10
5909 5919 11
5909 5920 12
5909 5921 13
5909 5922 14
5909 5923 15
5909 5924 16
5909 5925 17
5893 5909 39
5926 5927 70
5893 5926 40
5929 5930 33
5928 5929 76
5928 5931 77
5928 5932 78
5928 5933 79
5928 5934 80
5928 5935 81
5928 5936 82
5928 5937 83
5928 5938 84
5893 5928 41
5939 5940 83
5893 5939 42
5893 5941 43
5893 5942 44
5893 5943 45
1 5893 56
1 5944 57
1 5945 58
1 5946 59
1 5947 60
1 5948 61
1 5949 62
1 5950 63
1 5951 64
1 5952 65
1 5953 66
1 5954 67
1 5955 68
1 5956 69
1 5957 70
1 5958 71
1 5959 72
1 5960 73
1 5961 74
1 5962 75
1 5963 76
1 5964 77
1 5965 78
1 5966 79
1 5967 80
1 5968 81
1 5969 82
1 5970 83
1 5971 84
1 5972 85
1 5973 86
1 5974 87
1 5975 88
1 5976 89
1 5977 90
1 5978 91
1 5979 92
1 5980 93
1 5981 94
1 5982 95
1 5983 96
1 5984 97
1 5985 98
1 5986 99
1 5987 100
1 5988 2
1 5989 3
1 5990 4
1 5991 5
1 5992 6
1 5993 7
1 5994 8
1 5995 9
1 5996 10
1 5997 11
1 5998 12
1 5999 13
1 6000 14
